100
-0.222445 0.826957
2.569113 3.410644
-5.993957 -5.831539
3.596496 4.087365
-1.269672 -0.578533
-6.270242 -5.882346
3.143427 4.220442
-0.546590 -4.777149
4.344936 3.683074
-5.636118 -3.727146
-0.438210 -4.789615
-2.098660 -3.796999
-2.756595 -2.540350
4.620197 4.651952
-4.637125 -3.429546
5.081304 4.007441
-3.335871 -5.192130
6.617495 4.541122
-1.080833 1.509547
3.813474 2.807777
-6.408863 -5.031404
-6.159322 -4.610151
-1.039620 -2.113808
-4.130323 -4.447825
3.593344 5.886863
0.957708 0.533504
6.038273 3.371136
-5.014485 -6.197096
5.994352 3.464664
-5.804044 -4.174374
-6.686949 -5.261189
5.551629 3.689759
6.619959 4.961468
1.448484 2.958990
-3.119987 -4.854558
-5.158909 -4.699486
3.572729 5.227278
2.895109 5.623686
3.776898 4.076120
3.761612 4.768834
-0.516714 -4.818530
3.003882 5.518158
0.068455 0.366419
-4.084178 -2.739663
0.258708 2.696904
-0.243396 -1.147717
0.478861 2.918932
3.240330 2.006137
0.442926 2.935279
-1.092654 1.540950
1.038161 4.392712
-1.483544 -2.363304
3.043835 2.171001
-4.406088 -3.866672
-4.700316 -2.825562
-1.154824 1.051119
6.483473 3.763702
-2.293885 -2.994780
0.080149 -0.790161
3.704717 2.453382
-5.376603 -6.321382
-5.778434 -4.822697
6.058265 4.301151
6.443890 5.051279
-0.644454 -3.307949
-3.201576 -3.917799
2.403515 3.664033
-3.610681 -5.267377
0.667503 1.223304
2.567710 0.966188
0.509136 -0.023051
-2.417553 -2.947166
-2.549977 -4.830639
0.165080 1.265977
6.745577 4.525634
-1.648112 -3.359650
2.248628 2.155648
-6.143484 -5.278073
1.790639 4.191938
-1.692434 -0.375259
6.004144 4.163518
0.302390 1.405959
4.389348 2.262510
-3.074299 -4.951583
-3.862525 -2.313780
1.501457 2.296007
5.330659 5.218407
1.929080 5.119460
-5.281386 -5.326295
5.813595 5.058455
1.806223 2.399657
5.663810 4.549757
-2.931695 -1.994917
-4.488684 -3.683165
-6.430545 -4.741986
-1.606116 0.736560
-6.377782 -4.174867
3.575213 4.522428
-0.273400 -3.054243
-0.581743 -1.027676
