100
0.493480 -0.084244
3.866247 -2.249154
-6.287987 3.061744
4.502519 -3.041024
-1.243019 0.912202
-6.563082 3.112278
4.419467 -2.771954
-0.845010 5.056133
3.777760 -4.116008
-5.300635 3.906169
-0.730879 5.075383
-2.197442 3.694269
-3.335608 2.157440
5.118833 -4.167708
-4.277029 4.394839
4.584391 -4.753323
-3.496713 5.649593
5.503717 -6.122265
-0.615885 -1.036347
3.272478 -2.929897
-6.592766 4.190748
-6.061667 4.011958
-1.192564 2.827155
-4.400728 5.245454
3.282427 -4.782881
1.201946 0.146542
4.430871 -5.980309
-5.168867 2.082225
4.570447 -5.890431
-5.679139 4.556140
-6.808153 3.867960
4.181982 -5.478121
5.939361 -5.955315
1.158610 -2.084482
-3.226028 5.250535
-5.397757 4.567447
5.280994 -3.256643
5.482215 -2.553327
4.298431 -3.524460
4.912208 -3.416722
-0.815046 5.104820
5.379570 -2.787108
-0.010107 -0.039640
-3.501427 3.630920
2.538711 -0.340439
-0.570827 1.389505
2.877855 -0.638108
3.000085 -1.922451
2.879330 -0.592627
-0.626478 -1.263465
0.881715 -3.294812
-1.727246 3.122729
2.857364 -2.064285
-4.442181 3.961430
-4.315743 3.235281
-0.801456 -0.705016
4.836752 -6.178685
-2.859086 2.072212
-0.208229 1.047756
3.295649 -2.513792
-5.646135 2.210309
-6.175213 4.614507
5.272344 -5.526137
5.955462 -5.789520
-0.852141 3.598692
-3.269007 4.364026
2.732212 -3.308689
-3.837481 5.782466
0.722675 -0.845544
1.359436 -2.912146
0.564179 0.637100
-2.877630 2.373376
-2.665062 4.664858
0.432569 -0.765228
5.590997 -6.182427
-2.243189 2.330045
2.070888 -2.066705
-6.331599 3.672307
1.927989 -3.627528
-1.686243 0.524857
5.203940 -5.465079
0.841100 -0.652189
2.813687 -3.992237
-3.207209 5.277249
-3.132115 3.348315
1.599869 -1.597477
4.518954 -5.122504
1.746723 -4.276973
-5.546021 3.147201
5.702534 -5.143331
1.862753 -1.610158
5.551301 -5.013237
-3.923606 1.766524
-4.300055 4.425096
-6.392738 4.262066
-1.346160 -0.520344
-6.073193 5.031263
4.321471 -3.442229
-0.469546 3.389392
-0.343373 1.644210
