100
-48.269347 16.505237
-34.250365 -97.434110
155.694152 125.938495
-38.918552 -143.697518
-20.997406 41.211949
175.862779 138.402722
-42.008692 -121.672311
-19.451281 167.687932
-84.268585 -149.240158
111.245132 178.786678
-36.438645 155.735029
50.672473 100.748962
81.820162 83.563576
-59.245467 -166.356893
86.949157 187.118825
-83.340100 -174.287595
42.698477 177.982652
-56.374767 -235.955900
-94.588041 26.870325
-109.012535 -128.140812
156.978504 170.804584
135.183727 165.310334
7.116046 78.400766
65.606707 199.862676
-2.267518 -181.285153
-32.736502 -0.030438
-102.541897 -213.846551
125.527858 98.623855
-123.015576 -220.309460
115.185852 202.264809
178.803021 165.222893
-37.609138 -207.624587
-129.146276 -194.634366
-24.324890 -53.104519
64.673513 146.024607
116.788992 153.202896
-12.900335 -154.014522
10.467660 -137.519613
-59.821397 -139.319035
-33.387953 -164.373213
-18.027371 148.503948
10.319138 -158.080503
-14.639704 -16.589394
43.649942 129.548235
-105.987023 -34.657256
17.731810 29.439319
-121.334403 -55.035278
-92.299016 -87.315193
-102.464994 -55.782047
-88.463683 10.659110
15.162243 -67.485895
21.986202 93.563513
-114.568999 -89.382311
91.472030 155.364075
96.108959 128.854414
-71.763332 29.194313
-103.985336 -193.128759
74.515899 59.970486
13.336259 9.285914
-100.341982 -107.628328
147.471018 101.592958
138.444397 186.947717
-82.450600 -200.783295
-78.038090 -250.119065
-7.005713 115.803545
24.341441 155.144371
-60.471328 -98.952776
39.272901 198.590244
-44.401960 -25.604038
8.359318 -41.271119
-15.648814 13.766861
59.576367 78.370528
74.474406 111.905144
-71.299682 -21.155437
-82.201007 -226.910423
48.299381 55.385787
-40.572788 -69.423863
151.267533 149.019010
-7.619255 -85.930925
-38.890342 58.142428
-103.840353 -239.107025
-60.088646 -5.210022
-80.192055 -120.590271
50.173054 158.591341
27.422645 116.457882
-62.307237 -49.036148
-109.190012 -169.059917
12.454525 -107.072525
127.519317 129.960148
-59.016955 -191.867888
-63.968609 -70.454089
-64.198389 -213.361063
104.777274 79.973940
73.173790 172.055328
165.096657 192.060225
-68.395831 52.825264
141.231636 210.211892
-19.993723 -130.488059
-20.975322 101.914915
0.645464 50.957008
