100
-6.744850 14.233479
-16.723538 50.539193
50.201371 -94.371978
-30.378141 59.165419
-7.283081 -18.174116
52.522207 -104.178361
-20.612932 60.408385
6.707717 -54.821799
-46.760238 57.836698
57.211354 -71.974537
51.024091 -20.837979
24.256591 -46.045970
13.840199 -40.364396
-42.905926 76.870199
42.786002 -61.072139
-50.199325 68.402680
31.569472 -72.881837
-63.512106 86.246423
3.536337 21.229296
-40.139032 48.202114
59.246854 -89.679218
62.897949 -80.991896
39.632042 -29.585642
61.431221 -58.900358
-20.045969 86.114988
-16.792690 15.210430
-75.832358 61.612984
77.104523 -61.888892
-67.331083 56.615074
71.597959 -99.204826
78.285662 -90.358872
-59.191297 62.387907
-68.849243 94.986958
-12.798456 40.022498
22.990453 -68.725328
43.192568 -81.666616
-29.155556 78.963361
-60.442307 32.610341
-38.404485 62.896882
-34.469023 71.375750
4.136017 -62.713222
-17.131383 75.503645
1.146265 5.748039
38.239182 -52.722938
-29.822276 14.879321
14.885328 -10.036357
-28.410103 24.428438
-41.884826 32.739086
-35.693282 21.637722
10.297690 24.126363
-42.439759 3.634594
33.122993 -35.744712
-33.667041 37.093671
45.370829 -70.464168
48.769155 -52.246251
9.824160 13.306147
-68.519056 68.231493
15.146185 -29.379461
11.983456 -2.010982
-45.462534 40.850000
40.027063 -97.215564
74.012107 -80.481071
-55.603081 80.410143
-75.234532 86.494382
36.260417 -17.823730
51.462213 -40.248745
-27.416864 47.850364
63.597021 -48.797872
-10.920595 4.664150
-48.227954 16.409963
-3.992473 -3.826812
21.882805 -35.344964
21.533818 -57.567548
-16.808385 -5.430750
-57.671232 94.221685
24.236045 -23.528736
-21.910999 35.284499
61.336547 -98.587793
-5.584424 53.795649
2.739270 -22.920870
-59.890809 72.862455
-20.800891 3.657064
-56.145668 45.784347
30.035056 -63.122195
38.802779 -44.235628
-10.074892 29.602158
-78.489295 74.807479
-5.795551 66.349615
52.327581 -82.470279
-68.437417 78.424619
-2.565309 37.619596
-48.593123 86.926639
4.264391 -37.921464
52.010483 -62.015716
68.373214 -89.282142
19.903249 13.493285
68.581335 -72.430832
-25.876920 68.395457
34.581638 -9.707125
2.719448 -11.160440
