100
-1.231442 -0.719911
-3.023264 2.382576
3.863914 -6.081787
-4.341032 3.339283
0.668750 -1.444188
4.008517 -6.372457
-4.059338 3.276544
4.864155 -0.153731
-3.637979 4.194943
4.529568 -4.936155
4.835261 -0.044169
3.699039 -1.769944
2.382349 -3.265039
-4.954853 4.484921
4.824690 -3.812674
-4.427429 5.051198
5.978441 -2.779520
-5.243633 6.501635
-1.471624 -1.553513
-3.996783 2.197093
5.094093 -6.193669
4.793420 -5.676555
2.546770 -0.959932
5.724543 -3.757537
-3.025134 4.818088
-0.811845 0.337780
-4.093051 6.280750
2.669420 -5.128235
-4.269746 6.153694
5.252371 -5.156854
4.766716 -6.463609
-3.853658 5.747977
-5.618162 6.360151
-1.811856 1.562531
5.519636 -2.592683
5.276483 -4.826402
-5.115796 3.627938
-5.591212 2.974976
-4.173131 3.717396
-4.680418 3.814211
4.890759 -0.116576
-5.323267 3.201639
-0.298842 -0.172282
3.901969 -3.141591
-3.336460 0.034429
1.266261 -0.489933
-3.801216 0.210382
-3.838430 1.509412
-3.492491 0.225011
-2.337375 -1.596955
-0.866030 2.588046
3.063547 -1.396425
-3.407257 1.658986
4.450569 -4.018793
3.662267 -4.036423
-1.019079 -1.598641
-4.388202 6.545934
2.218011 -2.818721
0.750370 0.022677
-4.122994 1.763840
2.908361 -5.598810
5.453730 -5.682599
-4.907824 5.871589
-5.633656 6.235325
3.261180 -0.402268
4.643406 -2.746090
-2.828303 3.032486
6.185935 -3.110473
-1.366685 0.296555
-0.832558 2.012495
-0.166317 0.140124
2.493280 -2.723220
4.788979 -2.075540
-1.703087 -0.368991
-5.251336 6.585074
2.424603 -2.026858
-2.409445 1.703110
4.500706 -5.976049
-2.001174 2.945717
0.544615 -1.911935
-4.843298 5.809205
-1.710397 -0.341501
-2.568998 4.101581
5.541785 -2.521331
3.552577 -2.855081
-2.389665 0.849154
-4.236642 5.281723
-1.580114 3.566656
3.827095 -5.324570
-5.452580 5.530265
-2.448447 1.261610
-5.291062 5.295906
2.109152 -3.990722
4.873133 -3.804701
5.098188 -5.949887
-0.408750 -2.137998
5.851684 -5.476240
-4.231099 3.463605
3.114336 -0.006785
1.249834 -0.459672
