100
32.097474 15.780682
-89.935603 71.180784
175.535432 -104.659478
-84.661787 145.266870
46.889846 -19.893142
190.516093 -191.522811
-63.710603 137.298807
3.180491 -141.544155
-123.636097 114.473335
201.098033 -112.269114
-17.540761 -141.958845
42.711693 -129.679067
90.883651 -74.544686
-125.399633 153.092326
101.077067 -127.307373
-141.212119 131.134601
80.400716 -190.081637
-192.529431 151.084991
67.663420 48.419766
-109.376773 93.370247
180.020424 -152.060207
158.726654 -134.013458
19.466913 -63.627987
110.301770 -172.338969
-97.238609 196.916087
4.907846 12.480601
-169.662214 93.862501
144.034215 -71.781962
-191.539469 103.312482
144.770782 -180.581743
204.496078 -142.656660
-160.233824 115.801700
-214.214868 139.338536
-28.791141 92.632169
58.908660 -181.792425
135.834259 -151.144034
-82.857183 172.651593
-63.173513 190.558670
-106.839651 134.162521
-101.803084 160.390276
-5.991762 -159.603726
-58.517564 169.112837
-18.991311 9.517215
92.243553 -106.629168
-64.188348 9.087234
-5.837891 -42.043125
-89.607775 15.611218
-66.559270 82.022115
-76.076169 28.992337
51.488575 40.435097
-9.529294 122.988122
40.582631 -71.994949
-66.796852 59.347177
124.566532 -126.817279
119.297778 -96.476751
49.768559 62.911270
-188.490839 126.014253
56.824951 -104.688796
-18.396983 -25.238137
-85.997328 95.678627
166.156900 -77.910149
158.019213 -157.197788
-168.855963 139.186824
-189.597537 182.227240
2.712669 -101.530723
73.926626 -137.200719
-56.970695 108.838935
100.801097 -197.596034
-6.785082 40.306998
-44.114231 34.331438
10.420492 -8.619037
69.864427 -87.778769
48.969624 -157.783700
16.213673 57.833157
-210.179763 167.338292
31.996853 -104.347484
-41.853595 66.925148
181.695024 -129.451228
-112.489274 55.943968
73.928340 -14.158247
-172.665501 161.802628
17.868506 36.877547
-136.738742 79.033127
74.904178 -166.762842
66.979178 -57.927167
-15.938274 67.905999
-135.730803 182.857645
-31.323915 152.871543
148.785965 -109.149047
-162.373067 185.307442
-0.866124 85.698804
-151.003061 156.194394
113.201469 -60.302298
105.941698 -148.336697
170.276658 -176.329744
74.701279 18.416087
198.648072 -167.063879
-86.729976 122.612561
-12.482889 -87.843903
21.730208 -33.197689
