100
-9.430599 -6.143894
-52.349872 34.564695
55.583293 -89.629322
-73.678075 45.212432
15.818150 -14.398603
54.488006 -102.576735
-62.024547 44.578883
95.436259 -0.255792
-64.641947 68.383040
106.895423 -84.328207
88.463653 9.207383
63.821718 -30.119758
47.106687 -45.722627
-70.074654 80.807333
103.876648 -66.679064
-81.195771 70.951123
88.909255 -35.923538
-113.162911 96.808106
-21.972304 -15.975066
-51.726397 58.689541
82.785002 -106.675759
82.831694 -93.600399
44.261252 -1.670375
102.551050 -42.467410
-102.932876 28.250881
-0.430105 23.880452
-120.262949 68.382856
42.687645 -70.107793
-108.259874 73.784706
93.851526 -82.771039
69.330267 -98.141577
-107.722445 59.773189
-95.800190 96.143544
-40.222549 7.045469
83.782514 -47.629402
74.297382 -69.605553
-89.494284 37.450225
-94.903176 14.422607
-71.436779 56.911476
-84.697312 49.751490
84.605668 -1.539811
-87.755686 23.870625
4.431250 -0.709195
113.441395 -57.244050
-7.164738 41.887780
31.865524 9.945430
-13.992611 54.719053
-32.636802 61.285016
-18.916915 45.144147
-21.664148 -25.837594
-54.562483 -5.027541
46.462865 -14.145485
-38.671218 49.659297
87.588029 -63.857494
117.899911 -71.869818
-8.427122 -21.441033
-118.893490 83.314339
38.249742 -35.270833
23.248815 16.921084
-43.253260 68.231257
41.890894 -82.984014
81.513804 -80.767006
-103.777442 86.655648
-104.617629 107.169882
65.045806 1.831565
79.173594 -23.532360
-61.799815 24.029683
98.911253 -28.510276
-16.931623 17.744618
-67.831766 -12.413410
8.316349 13.384310
50.564122 -32.456971
64.362873 -49.879747
-9.131080 7.749728
-90.152567 108.050649
62.854885 -15.192785
-35.878854 34.879969
69.158933 -110.551623
-60.463635 10.020340
16.578534 -29.841154
-95.365283 77.748295
-20.640766 3.770141
-109.577540 44.088901
75.829311 -40.387508
122.208590 -48.814016
-31.572734 20.733490
-94.429573 63.069356
-76.615199 9.671838
59.989071 -74.006717
-79.660145 97.161961
-43.976753 23.232250
-85.610946 85.266252
36.319328 -54.709205
98.400948 -55.808066
70.345052 -86.018772
-0.832641 -32.963343
96.401310 -98.625602
-75.531700 33.464515
59.238860 11.768970
25.081644 -2.642481
