100
0.576364 0.374508
3.278598 2.649284
-5.151043 -5.611685
4.668482 2.754011
-1.226263 -0.136572
-5.270294 -5.845460
4.328817 2.862992
-4.105161 -0.178403
4.160723 3.949138
-6.625000 -4.072600
-4.065628 -0.053964
-3.533899 -2.121237
-3.300821 -3.482354
4.886372 4.068246
-6.340178 -2.917127
5.261810 4.354677
-5.184955 -1.912150
6.134615 5.451726
-0.175498 1.769524
3.939926 1.898056
-6.128307 -5.485081
-6.166431 -5.016126
-2.625093 -0.994920
-5.512880 -3.012321
6.317163 2.432594
1.175150 -0.045784
6.938844 4.228689
-3.965082 -4.987821
6.799067 4.314690
-6.481778 -4.492361
-6.037408 -5.819923
6.470108 3.886373
6.349432 5.598501
1.718173 2.314117
-4.916749 -2.087910
-5.565544 -4.355913
5.555937 2.640403
5.817627 1.953539
4.518601 3.260962
5.057413 3.086042
-4.142736 -0.130227
5.798952 2.112965
0.089342 0.460535
-6.421008 -2.322329
2.417176 0.001024
-0.800224 -0.968953
2.719679 0.217578
3.420136 1.241184
2.716126 0.163040
-0.170065 1.812375
1.609380 3.320006
-3.061466 -1.291096
3.342462 1.353462
-5.441953 -3.578167
-6.615619 -3.224530
-0.442367 1.385888
6.893103 4.725591
-2.941029 -3.229610
-0.375777 -0.784585
3.939521 1.584321
-4.217649 -5.366873
-5.970554 -4.861502
5.983005 4.934157
6.661477 5.373609
-2.285017 -2.065019
-4.572781 -2.968216
3.268143 3.265542
-5.396772 -1.929875
0.980697 1.143328
3.820943 0.182496
0.375615 -0.289555
-3.124093 -3.089104
-4.192292 -2.355541
0.714853 1.061291
6.669341 5.300439
-2.435199 -2.911840
2.595545 1.744484
-5.713818 -5.412154
2.667659 3.402357
-1.245264 0.306937
5.889815 4.892093
1.069239 0.854456
4.502349 1.039702
-4.858904 -2.136182
-6.419532 -1.913655
1.918033 1.891264
6.115776 3.881252
5.683081 1.211067
-5.000931 -4.816607
6.190830 4.515973
2.222016 2.149348
5.486775 5.029149
-3.309255 -4.168325
-6.026724 -3.164537
-6.345308 -5.322297
-0.898247 1.237921
-6.808246 -4.900582
4.990715 2.751159
-1.899631 -1.960131
-1.194533 -0.602860
