-0.2671,0.2816
-0.4274,0.0584
-0.9155,0.0542
0.0673,-0.0508
-0.0555,-0.1467
-0.4011,-0.3616
-0.0912,-0.0229
0.4210,0.0860
0.0104,-0.4511
0.0060,-0.6543
-0.3330,-0.3818
-0.2682,-0.0974
-0.1698,0.1470
-0.5678,0.4154
-0.1765,-0.0901
-0.0523,0.1290
-0.3243,-0.4344
0.3439,-0.1618
-0.2189,-0.2857
-0.0469,-0.0918
-0.1758,0.3650
-0.1324,0.3666
0.5591,0.2024
-0.6277,0.1520
-0.1742,-0.0059
-0.2610,0.4984
0.5960,0.1283
-0.1153,0.2693
-0.2321,0.1639
-0.1609,0.0817
0.3090,0.1031
-0.1705,-0.1802
-0.1305,0.4063
0.1329,-0.1990
-0.0747,-0.0319
0.1636,0.0648
-0.0265,0.6060
0.0133,-0.0089
0.0454,0.1274
0.5108,0.3246
-0.3119,-0.3575
0.2257,-0.0115
0.4650,-0.0350
-0.1651,-0.1735
0.1858,0.2410
0.5215,0.2026
0.6313,-0.0143
0.1063,0.4077
0.1516,-0.3962
0.1881,0.3607
0.4150,0.3368
0.0419,0.2458
-0.0213,0.0435
-0.2091,0.0802
-0.4046,0.1289
0.2604,0.2770
-0.4994,0.9139
-0.0119,-0.2035
0.1016,-0.3196
0.3439,-0.1269
0.6194,0.3195
-0.5682,0.3632
0.2618,-0.2115
0.2387,0.2560
-0.0709,0.0503
0.2892,-0.4401
0.7615,-0.2728
0.3535,-0.1020
0.5516,-0.0248
0.0665,0.1562
-0.0924,0.4054
0.2600,0.2760
0.3795,0.0326
-0.4638,0.3631
0.0243,0.3254
-0.4535,0.0112
0.0838,0.2313
0.3172,-0.4252
-0.1912,0.3318
-0.5649,-0.1072
0.2302,-0.3724
-0.3045,0.3342
-0.1131,0.1914
-0.1894,-0.1908
0.7396,-0.4337
-0.4269,-0.0883
0.5594,-0.2372
0.1575,-0.2056
0.1404,-0.3057
0.4679,-0.2201
-0.1378,-0.1535
0.0368,-0.1632
-0.0448,-0.4272
-0.0922,0.0444
-0.0302,-0.0931
0.6602,-0.0097
0.5499,-0.1372
0.1392,0.0537
-0.6882,-0.0383
-0.3404,-0.0100
-0.2508,-0.2201
0.1260,0.1003
0.2262,-0.1025
-0.6473,-0.3904
0.3353,-0.0233
0.2922,-0.2003
-0.0098,-0.3442
-0.9582,-0.7507
0.0366,0.3675
0.0401,0.0902
-0.3859,-0.0406
-0.7708,0.0114
-0.1052,-0.4402
-0.2148,0.0469
-0.2090,0.8571
-0.2138,-0.5195
0.4971,0.3373
-0.1562,0.2570
-0.3838,0.0465
-0.4233,0.0327
0.0833,-0.2397
-0.3292,-0.6374
0.5642,-0.1582
-0.4085,0.1557
-0.1229,-0.0390
-0.0386,-0.1789
0.3818,0.3273
0.2913,0.0022
0.4876,0.2255
0.3333,-0.0676
0.2941,-0.0289
0.2486,-0.0031
0.7130,-0.0964
0.7571,0.1961
-0.4637,-0.0095
0.2218,-0.4070
-0.5215,-0.4145
-0.0610,0.2593
0.3735,0.1977
0.1752,0.1803
-0.2027,-0.0545
0.1492,-0.1930
0.1516,0.3391
0.0160,-0.2785
0.2174,-0.3882
-0.4895,0.2445
-0.3741,1.5686
0.1061,0.0737
0.1815,0.0601
-0.0344,-0.0483
-0.9332,-0.3440
0.5530,0.2870
0.3019,0.1815
0.5495,0.2426
-0.2643,-0.0509
0.1329,-0.2310
-1.5069,-0.2081
0.3671,0.1490
0.5145,0.1384
0.2121,-0.1596
-0.3397,-0.4187
-0.1926,-0.0793
-0.3119,-0.9261
0.0413,-0.3609
0.1437,-0.1525
-0.2800,-0.2485
0.5662,0.0555
-0.6188,0.0108
-0.2410,0.2121
0.1034,-0.3565
0.2327,-0.3776
0.0110,0.1669
0.0618,-0.0594
0.2100,-0.0540
0.6752,0.0549
-0.0562,0.2400
0.5019,0.0107
0.4434,-0.5235
0.1970,-0.3966
0.1702,-0.0690
0.2808,0.2936
0.2049,-0.2463
-0.1406,0.5058
0.4444,0.4165
-0.1549,0.7140
-0.1928,-0.2023
-0.1797,-0.2471
-0.0543,0.2304
0.3700,0.3341
0.0199,0.2713
-0.3432,0.3851
0.2385,-0.9259
-0.3511,-0.2393
-0.1334,0.3925
0.1320,0.0412
0.0499,-0.5324
-0.5189,0.2316
0.0002,0.4279
-1.2711,-0.4110
-0.1775,0.0471
0.2167,-0.1010
0.0908,-0.0921
-0.0730,-0.0213
0.2016,-0.0828
-0.1128,-0.1198
-0.2348,-0.0190
-0.4013,0.1069
-0.1397,-0.3111
0.4925,-0.2901
-0.2954,0.0843
0.4231,-0.3609
0.1706,-0.0805
-0.1689,0.0728
-0.0676,-0.0827
0.1556,0.1716
-0.0796,-0.2364
0.4546,-0.0436
0.0308,0.3483
-0.5152,-0.0685
-0.0452,-0.1386
0.3071,0.4422
-0.2040,-0.4083
-0.1142,-0.4289
-0.0062,-0.3032
0.0793,-0.4030
-0.3226,0.1484
0.1043,0.3470
0.4582,0.0167
0.5117,0.0483
-0.4330,-0.3904
0.3142,0.2778
0.0117,-0.2282
0.0397,-0.2964
0.1222,0.1505
-0.4117,-0.7224
-0.1225,-0.2511
0.0011,-0.3208
0.2190,0.2656
0.2652,-0.0280
-0.1041,0.0745
0.6039,-0.0528
0.2454,-0.4912
0.1338,-0.1282
0.1986,-0.4560
-0.2535,-0.4821
0.1958,0.3878
-0.4234,-0.0631
0.4641,0.0066
0.3293,0.1614
0.2642,-1.2159
-0.0432,0.1726
0.2518,0.0835
0.3395,0.2074
-0.2841,-0.0989
0.2006,-0.1506
0.0135,0.0189
0.3745,-0.2593
-0.0674,-0.5142
0.5962,-0.6594
0.5915,0.2660
-0.2787,0.0457
-0.0581,-0.0857
0.4850,0.0562
-0.1219,-0.1479
0.0017,-0.1135
-0.6591,-0.2432
-0.0190,0.0638
0.5680,0.2870
0.2993,0.4878
-0.2545,0.5174
0.5479,0.2050
0.1717,1.4011
0.1766,0.1645
0.4353,0.4104
-0.6439,0.3226
0.1686,-0.1257
0.2735,0.1488
-0.1373,0.3200
-0.1575,-0.1519
0.0152,0.1029
-0.2089,0.1030
-0.4121,0.3210
0.3524,0.0281
-0.1850,0.2433
-0.2118,-0.3702
0.0572,-0.0314
0.0830,-0.2418
-0.3934,-0.7364
0.3297,-0.4149
0.4158,0.0901
-0.3226,-0.0553
0.0690,-0.0040
-0.1957,-0.2419
0.1679,-0.0585
-0.2372,-0.0393
0.1104,-0.1380
0.0247,-0.0387
-0.0457,0.2342
0.2096,0.2843
0.1547,0.1997
0.2619,-0.0339
-0.1674,0.1487
-0.0797,-0.1091
-0.1973,-0.2069
0.1378,-0.3552
0.0330,0.4629
-0.2480,-0.2941
-0.7984,-0.2934
-0.0932,-0.3454
0.2029,0.0787
-1.7075,0.0937
0.1846,0.1003
0.0124,-0.6435
-0.1499,0.1111
0.3749,-0.1783
0.1168,0.3801
-0.0738,-0.5161
-0.6640,-0.2628
0.5149,0.0483
0.0274,-0.0719
-0.0899,0.2039
-0.9672,0.0614
0.4004,0.2984
0.2464,0.4508
0.2222,-0.0750
0.0644,-0.2410
-0.2635,0.2146
0.0321,-0.3099
0.3397,0.2284
-0.9016,-0.6363
0.1923,0.0494
0.5154,0.2526
0.2596,0.1270
-0.0772,0.2647
0.5287,0.0244
0.2619,0.1755
-0.0407,0.3476
0.0127,-0.0696
0.1329,0.1708
0.0530,0.2879
0.2732,-0.2492
0.3379,0.2855
0.1073,-0.1727
0.5715,0.5628
0.4290,0.2668
0.1735,0.6309
0.4345,-0.1249
0.2225,0.5507
0.1352,-0.0503
-0.0029,0.1137
-0.0822,0.4414
-0.9871,-0.0634
-0.1243,0.1296
0.0339,0.3613
0.2651,0.2046
-0.7195,0.1051
-0.8149,-0.1233
-0.6893,0.0303
-0.2449,0.0103
0.0767,0.2782
-0.7888,0.0806
0.0617,0.0400
-0.8716,-0.3617
-0.5713,-0.1162
-0.0915,0.0215
0.1136,0.5024
-1.2762,-0.7480
-0.1342,-0.1631
-0.0710,0.2648
-0.0969,0.1301
0.0425,-0.1562
0.0605,0.4507
0.2818,0.1630
-0.1901,-0.0188
0.3123,0.1553
-1.0955,0.0413
0.0960,1.1877
0.4864,0.2036
0.4668,0.2383
-0.1029,-0.0227
-0.6715,0.1754
0.2172,-0.2165
0.1695,0.3201
-0.6629,0.3386
0.0350,0.2502
-0.3394,-0.0746
0.0400,-0.2708
-0.4714,-0.4548
-0.0823,0.8521
-0.0470,0.0516
0.2221,0.4231
-0.1335,-0.2237
-0.2424,-0.3546
0.1757,-0.1680
0.2186,-0.0181
0.1953,0.2849
0.2077,-0.0562
-0.5288,-0.7439
-0.2931,-0.5943
0.1475,-0.2265
0.3499,0.4492
0.3651,0.2572
0.4648,0.0815
0.4305,-0.2108
0.5535,0.2891
0.4173,0.1499
-0.7838,0.0166
-0.5780,-0.0560
0.1172,-0.5058
0.3329,-0.1461
0.0431,-0.0741
0.3647,0.4338
0.0797,0.0671
0.3684,0.0044
0.3166,0.1453
0.0087,0.1667
-0.3057,-0.3423
0.3818,-0.1600
0.2172,0.2367
0.0578,-0.2915
-0.1753,0.0276
0.0456,0.1065
-0.1283,-0.8735
0.1607,0.2710
-0.4558,0.1924
0.1468,0.1172
-0.3550,0.4027
0.0318,-0.2458
-0.0430,0.4236
-0.6249,0.0203
0.5051,-0.0114
-0.9550,0.1328
-0.3193,-0.1040
-0.2652,-0.1506
-0.0102,-0.0078
-0.2307,0.0417
-1.4004,-0.5998
-0.3248,-0.5670
-0.2847,0.3204
0.3756,-0.1170
0.4205,0.2983
0.2036,1.1335
-0.3298,0.1058
0.4257,-0.0223
0.5005,0.3208
0.1162,0.0525
0.1350,0.4633
-0.0038,0.3086
-0.3029,-0.0073
-0.1403,-0.1205
-0.1918,-0.4440
-0.7289,0.1071
0.0180,0.0630
0.1904,0.0658
-0.1106,-0.4517
0.5585,-0.2277
-0.5635,-0.1832
-0.0610,0.2333
-0.2303,-0.5835
-0.2786,-0.0757
0.0604,-0.0236
-0.4624,-0.1164
0.0063,0.3590
-0.9409,-0.5822
0.0345,-0.2423
-0.9722,0.3018
0.0421,-0.1087
-0.3797,0.2115
-0.2175,0.1127
0.1484,0.3077
0.0372,-0.2625
0.1558,-0.3465
0.1646,-0.0622
0.2922,-0.7311
-1.0516,0.3733
0.1477,0.2917
-0.2439,-0.0689
-0.2308,-0.1882
0.2258,0.0285
-0.1319,0.0221
-0.3030,0.3462
-0.4504,-0.5861
-0.1010,-0.1133
-0.2304,-0.0839
0.2353,0.0243
0.3923,0.0443
0.2155,-0.2928
0.3948,0.0294
0.4344,0.1759
0.0386,0.5675
0.0976,-0.2825
0.5148,0.6776
-0.1953,-0.5737
0.2769,0.0860
0.2931,0.5104
0.3330,0.2721
0.2991,0.1226
0.6481,0.3885
0.1256,-0.1426
0.4845,0.0817
-0.1430,0.1250
0.8962,0.6680
-0.0071,0.0419
0.3883,0.1683
0.6732,0.2872
-0.5605,-0.4654
-0.3820,-0.0301
0.1042,0.2478
0.1463,0.1347
0.1873,-0.1508
0.4415,-0.1093
0.1143,0.1257
-0.6088,-0.6460
0.2910,0.4241
-0.7420,-0.0533
-0.8062,-0.0286
-0.0366,0.0154
-0.0921,-0.2137
-0.0010,-0.3951
0.1995,-0.4318
-0.1521,-0.0083
0.1915,-0.0870
-0.1519,-0.5542
-0.0636,-0.1763
0.2890,-0.3666
0.1163,0.3863
0.2533,-0.1611
0.1044,-0.4413
0.1550,-0.1064
0.0643,-0.1138
-0.7148,-0.2231
-0.2714,0.0046
0.4924,0.3743
-0.0560,0.1690
0.3351,-0.0994
0.5110,-0.0411
0.3592,-0.1210
0.3963,0.1722
-0.1912,0.0958
0.0822,0.0585
0.3881,-0.3974
0.2621,-0.2123
0.1343,0.3181
-0.8411,0.4554
0.0867,0.5596
0.2864,0.3792
0.5550,-0.0347
0.4396,0.1345
-1.1241,-0.3574
0.3473,-0.2314
0.5297,-0.2227
0.4110,0.1927
0.4847,0.1935
0.0184,0.3200
0.5601,0.1771
0.0042,0.2153
-0.5492,0.4230
-0.0552,0.1312
0.3041,-0.2505
0.4585,0.1106
0.3417,0.0187
0.4718,0.1652
-0.5455,0.1356
0.7151,0.1101
0.3372,0.1486
0.3848,0.3381
0.2760,0.1981
-0.1405,0.3037
0.4829,-0.0519
-0.3389,-0.6045
0.4511,-0.1867
0.2832,0.0855
-0.1473,-0.0654
0.2264,0.0166
0.6984,-0.1154
0.3434,0.5115
-0.4754,0.1015
0.3720,0.2538
0.3733,0.5813
0.5232,0.0728
-0.0008,0.0475
-0.4044,0.8567
0.5112,0.3080
-0.0799,0.0636
0.5747,0.2539
0.5003,-0.6625
-0.2464,-0.4036
-0.1594,-0.4985
0.6890,0.2144
-0.5425,-0.6256
0.0528,0.3806
0.5206,0.0630
0.2363,0.2186
0.0772,0.2975
0.6484,-0.0719
-0.2341,0.2968
0.3712,0.0508
0.0998,0.1293
-0.1101,-0.3171
0.1101,-0.2799
0.3566,0.1362
0.2040,0.0135
0.2399,0.2638
-0.0317,0.0831
0.3350,0.0711
0.0607,-0.0232
-0.3640,-0.4987
-0.1426,-0.0709
-0.1532,-0.3349
0.0780,0.5943
0.1477,0.1058
-0.6202,-0.2651
-0.1687,0.2096
-0.3787,-0.4441
-0.6241,0.1204
0.3435,-0.1442
0.9301,0.0674
-0.0848,0.2778
0.1026,0.1863
0.0931,0.2196
0.1297,0.0075
-1.0449,0.0635
0.1686,0.1650
0.2207,0.3816
0.1805,0.2206
0.0135,-0.2123
-0.4214,-0.1299
0.4278,-0.0059
0.2302,0.1228
0.3443,-0.0839
0.4572,-0.1953
0.0791,-0.0794
-1.3834,-0.9234
-0.6357,-0.2167
-0.1026,0.0163
0.4746,0.1995
-0.2986,-0.2929
0.5953,0.0139
0.3788,0.0648
0.5014,0.4563
-0.1822,0.6872
0.5062,-0.0684
0.2397,0.0539
0.0420,-0.0461
-0.0752,-0.0520
-0.0284,0.5418
0.0163,-0.2204
-0.4089,0.2013
-0.1601,0.1706
-0.1339,-0.0867
0.3555,0.2606
0.4185,0.2221
-0.6944,-0.3056
-0.3425,-0.0236
-0.0162,0.1067
-0.0526,0.4560
0.1079,0.4387
-0.3627,0.1444
0.1143,-0.4741
-0.1178,0.0789
-0.1366,-0.2712
-0.6039,-0.2070
-0.0709,0.1978
-0.2270,0.2040
0.1619,0.0866
0.2360,0.2772
-0.2148,-0.2798
0.1629,-0.3513
0.5528,0.4277
-0.1478,-0.0801
-0.8414,0.1138
-0.0612,0.2563
0.0436,0.3272
-0.7835,-0.0892
-0.1954,0.2899
0.5258,-0.1325
-0.1343,-0.0640
0.0717,0.1377
0.2419,-0.3652
0.0116,0.1862
0.3078,-0.0760
-0.4724,-0.5905
-0.0448,0.1215
-0.0278,-0.0602
-0.6907,-0.2858
-0.6871,-0.1802
-0.3740,-0.2155
0.2640,0.1467
-0.0053,0.1542
0.2275,0.1575
0.0398,-0.2114
-0.1694,-0.5255
-0.0885,-0.2251
0.2178,0.0354
-0.2704,0.2387
-0.7179,0.1297
0.1588,-0.0313
0.1080,-0.0696
0.1382,-0.2024
-0.2485,0.0585
-0.7611,-0.0754
0.0101,-0.0864
0.2194,-0.1345
0.1419,-0.0297
-0.3587,-0.7224
-0.0416,-0.8426
-0.3073,-0.7414
-0.4385,-0.1882
-0.5203,-0.4630
-0.0061,0.3847
0.4214,0.3520
-0.3704,-0.3151
0.4963,0.1252
0.1625,-0.0436
0.2432,0.1298
0.1249,0.0999
-0.1559,0.2233
0.1314,0.2978
0.4987,0.2343
0.0261,-0.2032
0.3515,0.1237
0.0717,0.2362
-0.1151,-0.2345
-0.0984,0.2065
-0.0998,0.0982
-0.1231,0.0759
0.0028,0.2533
0.5415,-0.2938
0.4421,0.0071
-0.7390,0.3177
-0.1162,-0.4703
-0.0614,-0.5011
0.3889,0.0208
-0.0927,-0.1387
0.0986,-0.3124
0.2492,0.0765
-0.2088,0.4727
0.7548,-0.1381
0.1908,0.3028
0.1110,0.1764
0.0071,-0.0260
-0.2463,0.1631
-0.2114,-0.4539
-0.3060,-0.0016
-0.3646,-0.5744
-0.2185,-0.7175
-0.4435,-0.3051
-0.4205,0.2642
-0.0598,0.1354
0.2311,0.3584
0.3698,0.3355
0.0242,-0.4864
-0.7642,-0.2932
0.2846,0.0981
-0.3027,-0.1367
-0.9126,0.3106
-0.2230,0.1661
-0.3733,0.4960
-0.1081,-0.0364
-0.5096,-0.2515
0.1072,0.2668
0.3339,0.0618
-0.1550,0.9667
-0.0706,0.3649
-0.3248,-0.4143
0.2245,-0.1566
-0.2981,0.1702
0.1528,0.2481
-0.3627,0.2245
-0.4215,-0.0001
-0.6844,0.4309
-0.1024,0.3881
0.6598,0.3675
-0.2028,-0.2507
0.2677,-0.1789
-0.5531,-0.3378
-0.2853,0.1135
0.1679,-0.3635
0.1012,0.0878
-0.0461,0.0674
0.2261,0.0330
-0.0023,0.2006
-1.3649,-0.6335
0.2171,0.0683
0.2617,0.0908
0.4264,0.0404
-0.2885,0.7181
0.1966,0.5935
0.1879,0.2393
0.2910,0.0847
0.0645,-0.2745
0.5381,0.2992
0.3145,0.1562
-0.0556,0.3511
-0.5489,0.3637
-0.2974,0.1777
-0.4318,-0.2701
-0.0531,0.1791
0.4164,0.3615
-0.7236,0.1211
-0.1290,0.3430
-0.1585,0.0965
-0.2062,0.0916
0.5961,0.1448
-0.1035,-0.0123
0.0194,-0.2440
-0.8894,-0.4301
-0.1865,-0.0089
-0.0106,-0.1489
-0.1842,-0.2730
0.4893,-0.1589
-0.0670,0.3949
-0.5970,-0.6000
0.3408,0.2332
-0.1151,-0.0274
-0.0090,0.2989
0.0947,0.3002
-0.0986,-0.0209
0.4357,0.2218
0.2737,-0.1698
0.6201,-0.0361
-0.1404,-0.2459
0.2456,0.0096
-0.0294,-0.0810
0.0940,-0.0168
-0.2129,-0.9788
-0.1119,0.0744
0.2821,-0.0627
0.2393,-0.0333
0.4412,-0.3181
-0.2300,0.3970
0.4082,-0.0772
-0.0314,-0.0682
0.1966,0.5419
-0.2353,0.3663
0.0520,0.2843
0.7513,0.0880
0.3147,0.0275
0.2602,-0.1053
0.2467,0.0552
0.3470,0.0139
0.1483,-0.1604
0.3753,0.2724
0.4898,-0.9260
0.0292,-0.1174
0.4047,-0.2903
-0.0219,-0.5210
-0.3023,-0.3985
0.3551,-0.0335
-0.1739,-0.3013
-0.0717,0.1928
0.1721,-0.5516
0.0289,0.1054
-0.0830,-0.0356
0.2140,0.2922
0.2540,0.1990
-0.7566,-0.4872
0.0662,0.1436
0.3739,0.1955
0.4001,-0.0804
0.2203,0.4725
0.3509,0.4106
-0.3533,0.5418
0.6059,-0.4222
0.2029,-0.0181
0.1752,-0.0239
0.1230,0.0989
0.1664,-0.0602
0.4073,-0.0329
0.3882,-0.2176
0.2487,0.2373
-0.2096,0.3134
0.3517,0.0566
0.6748,-0.0529
0.5782,0.0974
0.7505,0.1802
0.1991,-0.0831
0.1644,0.2231
-0.3491,0.0078
-0.3100,0.0007
0.2644,-0.2790
-0.4608,0.7230
-0.1562,0.0371
-0.0061,0.4337
0.6841,-0.1041
0.2555,0.4825
0.3998,0.3537
0.1558,0.2603
0.0590,-0.1235
0.3960,-0.1322
0.1798,-0.0009
0.3135,0.1826
0.3392,0.3895
0.0734,0.0711
0.3097,0.1564
-0.0039,-0.4308
-1.7683,0.0707
-0.2449,0.2741
0.0874,0.3454
-0.3166,-0.5420
0.0488,0.0646
0.2568,0.4153
-0.0740,0.1364
-0.2214,-0.0346
-0.1082,-0.2368
0.5461,-0.2134
-0.2265,-0.6130
-0.2797,0.0721
0.1107,0.2620
0.0985,0.7245
0.1550,0.0747
0.0875,0.2407
0.2918,0.3516
-0.0753,-0.8252
-0.0251,-0.1575
0.0208,0.2561
-0.7631,-0.5793
-0.4919,-0.0968
-0.7745,-0.4412
-0.0154,0.2436
-0.1506,-0.3022
0.2087,-0.6346
-0.2067,0.2508
-0.2456,0.1240
-0.3424,0.2308
-0.3336,0.0462
-0.1239,0.5292
0.3178,-0.1074
0.1524,-0.3302
0.1463,0.6414
-0.7123,-0.4588
-0.2337,0.3012
0.3869,0.2683
-0.2166,0.3559
0.0742,-0.5358
0.0256,0.5438
0.2807,-0.0625
-0.4314,0.1346
0.2724,0.1551
0.4844,0.0414
-0.4155,-0.0544
0.0471,0.2374
-1.0112,-0.1371
-0.0220,-0.3579
0.1078,0.2708
-0.0313,-0.0278
-0.5327,0.4731
-0.3128,0.3682
-0.2376,-0.1770
-0.0121,-0.2555
0.0509,0.8272
-0.2239,0.1584
-0.1210,0.1256
0.0420,-0.1155
0.1442,-0.1071
0.1677,-0.0240
0.6182,0.0496
-0.5318,-0.2268
-0.3434,-0.4220
-0.2163,-0.1639
0.2998,-0.0314
-0.0399,-0.1265
0.5573,0.0921
-0.2337,0.2554
-0.0254,0.1381
0.3198,0.6954
-0.0867,0.0401
-0.5369,-0.9545
-0.9564,-0.4895
0.2166,0.1608
0.1858,0.1137
-0.0284,-0.3607
0.6935,-0.1487
0.0503,-0.3447
0.0897,-0.1587
0.2000,0.0750
-0.0890,-0.1185
-0.2651,-0.2460
0.2813,-0.2608
-0.2679,-0.4510
-0.1483,-0.3085
-0.6442,-0.2413
-0.8616,-0.1080
0.2794,0.3084
0.5164,-0.4682
-0.8538,0.0993
-0.2541,-0.4042
-0.7700,0.0798
-0.0024,-0.3904
0.0187,-0.1828
-0.1536,0.3019
-1.1240,0.0611
0.4959,0.3681
0.2814,0.4194
-0.2817,-0.1447
0.1727,-0.2814
-0.0937,0.1860
0.5046,-0.4320
-0.1821,-0.4780
0.6792,-0.1571
-0.2072,0.0230
0.3196,0.5274
0.4455,-0.0513
0.2143,0.2094
0.1553,-0.4372
0.2315,0.4467
-0.3198,0.0473
-0.4796,-0.5770
-1.0237,-0.3142
-0.2907,-0.6206
-0.1697,-0.0736
0.1416,-0.5565
0.3050,-0.3241
-0.2907,-0.6123
-0.2863,-0.6750
0.5340,-0.9457
0.4272,-0.6615
-0.3224,-0.0659
0.0773,0.4225
-0.0122,-0.3326
0.5749,0.1078
-0.0590,-0.0840
-0.1234,0.1316
0.0617,0.1107
0.4735,0.3751
0.5477,-0.3234
0.1524,-0.0536
-0.6169,0.1810
-0.4348,0.0013
-0.0036,0.1465
0.3092,-0.0743
-0.9579,-0.5791
-0.0185,0.1430
0.2157,0.1833
-0.0222,0.3334
-0.3793,-0.0342
-0.2200,0.0516
-0.1015,0.3253
0.5399,0.1278
-0.8086,-0.1525
0.4738,0.2085
0.4440,0.3223
0.3443,-0.0391
-0.2780,0.1739
0.0156,-0.2759
0.3613,0.2669
-0.3334,0.8957
0.4110,0.4337
-0.2440,-0.0781
-0.0626,0.1931
-0.0375,0.1572
0.2332,-0.0923
-0.3603,-0.0000
-0.0606,-0.0342
-0.6476,-0.0257
-0.0137,0.1385
0.2262,-0.0793
0.0057,-0.3689
-0.4945,0.0577
0.1261,0.0908
0.2681,-0.0681
-0.2893,0.5729
0.3479,0.2670
0.2523,0.3106
0.1896,-0.1025
0.1294,-0.0884
0.0789,-0.0763
0.5364,0.2384
-0.2534,0.1218
0.5382,0.5148
0.2927,0.2472
0.2580,0.0914
-0.3097,-0.4847
-0.1313,0.1701
0.3661,0.1709
0.2228,0.3520
0.4287,0.0453
-0.8620,0.3271
0.2673,0.3526
-0.3252,0.1461
0.5570,0.0542
0.0632,-0.4340
0.6426,-0.2346
-0.2275,-0.2383
-0.1102,0.2328
-0.0924,0.1249
0.0173,-0.2992
0.3776,0.0925
-0.0438,0.1918
-0.1037,0.8099
-0.2104,0.0244
0.3280,-0.4292
0.3035,0.2290
-0.1646,-0.1079
0.4662,0.0983
0.4670,-0.2464
0.5590,-0.0600
-0.2490,-0.0861
-0.2560,-0.0324
-0.6073,-0.3213
0.1030,-0.0088
-0.0028,0.1645
-0.6955,-0.4758
0.0960,-0.0429
0.3113,-0.0294
0.2622,0.1293
0.4348,0.6109
0.3597,0.3111
-0.0856,0.3123
0.0581,0.2499
0.1970,0.0914
0.3009,0.5758
0.4222,0.2015
-0.5041,0.1229
-0.0123,0.2881
-1.0066,-0.0553
0.2688,0.2899
-0.1199,0.1692
-0.0342,0.5327
-0.2531,0.6081
0.1259,0.2084
-0.0283,0.4594
-0.0037,0.0688
-0.9936,0.2292
0.0566,-0.2477
0.0826,0.0470
0.1127,0.1583
-0.4462,-0.2526
0.3747,-0.2824
-0.2732,-0.2430
0.0410,-0.0703
-0.5109,-0.1810
0.0262,-0.2137
0.4969,0.0458
-0.0419,0.1481
-0.2267,-0.3580
-0.3416,-0.4094
0.4626,-0.4121
-0.1214,0.2162
-0.8894,0.3946
-0.1462,-0.3650
-0.0196,0.1529
0.2738,0.6047
-0.0454,-0.1265
0.2528,0.0975
0.2303,-0.5431
0.4324,0.3256
0.4990,-0.1698
-0.2827,0.5219
-0.2166,-0.0521
-0.5467,-0.2334
0.0141,-0.0252
-0.2515,-0.1500
-1.0420,-0.3247
0.2845,0.3775
-0.1231,0.8786
-0.3914,0.0251
-0.4578,0.4158
0.1540,0.0226
1.0076,0.2170
-0.1522,0.1538
0.0627,-0.1266
0.1792,-0.1395
0.3236,-0.1030
0.0202,-0.1563
0.2285,-0.1035
0.0638,-0.3573
0.1018,-0.4778
-0.6397,-0.1567
-0.2596,-0.5404
0.2643,0.0703
0.0462,0.1109
-0.2198,-0.4725
-0.4460,-0.1104
-0.0699,-0.2074
-0.4898,0.0611
-0.1085,-0.2268
0.2896,0.0767
0.2076,0.1095
-0.1372,-0.6336
0.0222,-0.9334
-0.0263,-0.0248
-0.3649,0.3868
0.1128,-0.3089
-0.2540,-0.2905
0.3430,0.2784
-1.0988,-0.3283
0.1915,0.1023
-0.2344,-0.4424
0.0342,0.1328
-0.2960,0.0467
0.4434,0.0013
-1.0211,-0.4604
-0.0231,-0.1379
-0.9180,0.1804
0.1283,-0.2044
-0.1814,0.0276
0.1591,0.0407
0.2565,0.0261
-0.0544,-0.1078
-0.0704,0.1947
0.5569,0.0591
0.7509,0.3268
0.2860,0.4608
-0.2827,-0.0188
-0.3885,-0.5930
0.4947,0.3100
-0.2496,0.2620
-0.0475,-0.2751
-0.8244,-0.6797
0.0749,0.4779
-0.0891,0.2535
0.2894,0.3622
0.2546,0.1334
-0.1598,-0.2786
0.0106,0.4350
0.2098,0.3087
-0.1569,0.1477
-0.2874,-0.4156
-0.0791,0.7316
-0.3460,0.0825
-0.1547,-0.3979
-0.0543,0.2580
-0.0448,-0.5169
0.2250,-0.2504
0.1853,0.3153
0.2633,0.2548
0.1117,-0.3873
-0.3899,0.2359
0.2724,0.2809
0.5676,-0.5314
0.0851,0.1410
0.2133,0.0553
0.0213,0.3636
0.0571,0.1105
0.4449,-0.2596
0.2005,0.3196
0.0993,-0.4690
0.3769,0.2815
0.1667,0.2214
0.5132,-0.0027
0.1130,-0.1232
-0.0470,-0.2388
-0.6564,0.2366
-0.0984,-0.1335
0.2026,0.0791
0.1631,0.3841
0.3483,-0.1946
-0.2315,0.1319
0.0413,0.1789
-0.4268,-0.3992
0.2294,0.0494
0.0025,0.1821
0.2120,0.3474
-0.1242,-0.5957
0.3044,-0.0796
-0.4290,0.0636
0.1034,-0.1803
0.0522,-0.2722
0.3838,0.1706
-0.4246,-0.3810
-0.0924,0.1116
0.0048,0.0164
-0.6598,0.2682
0.0559,-0.1017
0.2184,0.0128
0.3779,0.1953
-0.3300,0.0052
-0.2430,-0.2335
-0.5465,-0.5078
0.3326,-0.3085
-0.5266,-0.6595
0.4016,-0.1608
0.0486,-0.0764
0.1260,0.0398
-1.0419,-0.4663
0.1876,-0.0056
0.5567,-0.6364
0.2400,0.2415
0.0208,-0.3708
0.0345,0.2918
0.2327,-0.1257
0.0279,0.1973
-0.3347,0.3500
0.2575,0.0221
-0.4574,0.0126
-0.0621,0.2037
-0.3465,0.3229
-0.3205,0.2380
-0.7772,-0.7483
-0.1913,0.2281
-0.0007,0.5556
0.0126,0.5274
-0.6875,-0.0237
-0.4583,-0.5965
0.0598,-0.4612
-0.0033,0.1854
-0.5141,-0.1422
-0.3206,-0.1842
0.2076,0.0457
0.0820,0.2962
0.0467,-0.1923
-0.7147,-0.2631
0.0576,0.0868
0.3770,0.0890
0.0420,0.1959
0.3165,0.3623
-0.3421,-0.2077
-0.3600,0.1432
0.3673,-0.0718
-0.4943,-0.7690
0.2429,0.4475
-0.1331,0.2954
-0.1149,-0.0976
-0.3361,-0.0955
-0.2798,0.0006
0.2310,0.5598
-0.0236,0.3582
0.1803,-0.1104
0.9699,0.3312
-0.5317,0.2289
-0.0062,0.2501
0.4420,0.2275
-0.3943,0.4748
0.1971,0.0766
0.4666,-0.0482
-0.1681,-0.0423
-0.1247,-0.0366
-0.0759,0.7264
0.0782,0.2926
0.3299,0.0832
0.2632,0.3173
-0.6349,0.2688
0.2613,0.2837
0.4437,-0.0986
-0.1385,0.2394
-0.8391,0.1537
-0.1590,0.5563
0.2510,0.3905
-0.3057,-0.5925
-0.4518,0.3089
0.1779,-0.1762
-0.5015,-0.2791
-0.0760,-0.6560
-0.4645,-0.5371
-0.3613,0.0033
0.2720,-0.2453
0.1974,0.3014
0.2080,-0.1783
-0.2403,0.2938
-0.4044,0.0092
0.1338,0.0805
0.0839,-0.0870
-0.1297,-0.6003
-0.0966,0.3747
-0.0028,0.0838
-0.6510,-0.0962
-0.0910,0.4049
0.0194,-0.0779
0.3362,0.2761
-0.0422,-0.5068
0.2205,0.2684
-0.0589,-0.3523
0.4516,0.1544
0.0695,-0.2727
-0.3138,0.1697
0.3296,0.1471
0.4206,-0.1478
-0.3452,-0.8734
-0.2066,-0.1524
-0.0359,-0.1891
0.1506,-0.2715
0.2283,-0.3045
0.5172,0.4094
0.4386,0.0829
0.2286,-0.2483
-0.0981,-0.0137
-0.1115,0.2011
-0.2529,0.5910
-0.2618,0.2584
-0.0576,-0.3822
0.0460,0.3445
0.2228,0.0939
-0.2043,-0.2223
0.2357,0.8851
-0.4212,-0.1907
-0.5876,-0.4499
-0.4962,-0.0037
-0.2533,0.0595
0.2856,-0.1909
0.0223,0.3852
-0.2788,-0.0136
-0.9796,-0.3436
0.3856,-0.4546
-0.0198,-0.8191
-0.6336,-1.2330
-0.2476,-0.4379
-0.7510,-0.7873
-1.0705,-0.3983
0.1918,-0.3984
-0.4384,-0.6293
0.0041,-0.3087
0.0106,-0.4733
0.2695,0.0105
-0.4892,-0.0128
-0.7430,0.2366
-0.8712,-1.4207
-0.4355,-0.0583
-0.1593,-0.1974
-0.1654,-0.5576
-0.3698,0.1972
-0.6295,0.5322
0.1205,-0.1279
-0.0090,-0.3815
0.0013,-0.0969
0.3781,0.2215
-0.2889,0.4437
0.6336,-0.0193
-0.2181,-0.1538
0.1066,0.1862
0.0064,0.5758
-0.2871,-0.3669
0.1986,-0.1136
-0.5693,0.1068
-0.4927,-0.6374
-0.5929,-0.6080
0.1849,-0.0175
-0.0229,-0.7460
-0.0969,0.1759
-0.3931,-0.3759
0.0120,0.4012
-0.2535,-0.0697
-0.0115,0.0622
-0.0291,0.1259
-0.1182,-0.1425
0.1452,-0.6543
0.1469,-0.3341
-0.1069,-0.4108
0.3179,-0.0812
0.0121,-0.2593
0.4318,0.1796
0.4434,0.2742
0.4019,0.0797
0.2734,0.0711
0.6396,0.0538
0.6270,-0.2480
0.1548,0.2347
0.4836,-0.3187
-0.1236,-0.5569
-0.4334,0.1796
0.2440,0.2149
0.2322,-0.0618
0.3998,0.1768
-0.7651,0.2736
0.5809,0.4326
0.4505,0.2401
-0.0274,0.1734
0.1280,0.0142
0.6438,-0.3909
0.2305,0.0902
0.3463,0.1479
-0.1815,0.6255
-0.4824,0.1366
-0.4127,-0.0796
-0.7619,0.0192
-0.0808,0.4144
-0.7834,0.5697
0.2047,-0.1667
0.0689,-0.3738
-0.0849,0.0088
0.2433,0.0813
-0.5066,0.2206
-0.1726,0.0543
-0.2831,-0.4606
-0.0703,0.0768
0.2676,-0.2651
0.1495,0.4341
0.2942,-0.1818
-0.2026,0.5652
0.0201,0.2959
0.2097,0.1009
-0.0288,0.1739
0.3200,-0.2853
-0.4826,0.2474
-0.0573,-0.2079
0.0161,-0.2139
0.1996,-0.0496
-0.2444,0.0454
0.0694,0.3440
0.0734,-0.2454
0.0858,0.0299
0.4784,-0.2764
0.1973,0.1974
0.2116,0.1758
0.5714,-0.2358
-0.3741,0.1654
0.0631,-0.0977
0.2438,-0.0278
-0.2451,-0.0949
0.6489,0.3761
0.1171,0.2331
0.0528,-0.0015
-0.1597,0.0586
0.2189,-0.3114
0.3551,-0.3330
0.0418,0.4649
0.2698,-0.0567
0.0659,0.0246
0.3116,0.2899
0.0690,-0.0933
0.0933,-0.2686
0.0516,0.4290
0.0922,-0.1822
-0.0924,-0.4432
0.3767,-0.3281
-0.3274,-0.2665
0.0735,-0.0770
0.0975,0.8667
-0.1578,-0.2324
-0.3201,-0.0533
-0.0785,-0.0466
0.4201,-0.1838
-0.1312,0.0970
-0.0738,0.2569
0.1846,-0.1318
0.6947,0.1332
0.2247,-0.1571
0.6611,-0.1342
0.0356,-0.3416
0.6112,-0.1414
-0.1243,0.0698
0.1725,0.0401
-0.5178,0.0600
-0.2630,0.0866
-0.0278,-0.0500
0.0631,0.0637
-0.7479,0.1479
-0.0213,-0.0244
-0.0481,0.1406
-0.1698,0.0525
-0.4377,-0.0559
-0.1804,0.0498
0.2380,0.0530
0.2797,0.1416
-0.4490,-0.4653
-0.6186,-0.4487
0.2707,0.1037
-0.2626,-0.2662
-0.4227,0.2212
-0.2693,0.2705
-0.4759,0.0798
-0.4545,-0.4547
-0.1954,0.3832
-1.0986,-0.0789
0.0931,-0.2545
-0.2743,-0.3294
-0.8928,0.0992
-0.1523,-0.0903
0.0098,0.0736
-0.4997,0.1263
-0.3818,-0.0288
0.0082,-0.2639
-0.3158,-0.4588
-0.6986,-0.3447
-0.6259,0.1053
-0.4674,-0.0187
-0.2863,-0.0965
-1.1934,-0.1907
-0.6893,-0.0588
0.0861,-0.3305
0.1210,0.1235
-0.3621,0.1818
-0.1451,0.0456
-0.4170,0.0748
-0.7100,-0.4964
-0.2708,0.0964
-0.0160,-0.1603
-0.2497,-0.4945
-0.0165,-0.2445
-0.2655,0.2132
0.3354,-0.0085
0.1501,0.0039
-0.1632,0.1682
-0.6230,0.3086
0.3023,0.1391
0.4308,0.0063
-0.2795,0.5429
0.4534,0.1343
0.0825,0.1647
-0.0758,0.4445
-0.1619,-0.2093
0.5926,0.2981
-0.1145,-0.0404
-0.1470,0.4160
0.1133,0.2669
0.8897,0.3518
0.1116,-0.0407
0.1520,-0.0384
0.3827,0.1936
0.0139,0.1116
-0.0969,-0.2427
0.2034,0.1566
-0.1968,-0.2230
-0.4868,0.2139
0.3758,-0.3883
0.5027,-0.0574
0.1077,-0.0957
0.1182,-0.0939
-0.3472,0.4380
0.0595,-0.2460
0.0765,-0.1032
0.4312,0.0997
-0.2908,0.1620
0.1998,-0.1454
0.4410,-0.6191
-0.0974,0.2676
