100
-45.183673 -47.626381
80.380962 -94.069417
-199.280196 177.193567
110.196139 -127.015747
-65.430675 29.450639
-224.016501 198.095130
115.070898 -96.543847
35.301012 165.445374
103.591990 -180.138441
-139.193137 198.526176
61.244630 157.912650
-17.695727 153.002276
-110.191546 115.466769
149.021050 -177.867165
-97.635314 219.731153
126.415639 -202.845069
-35.503426 252.417262
183.482918 -221.047549
-81.403850 -47.225530
71.716072 -193.270888
-164.397312 218.312158
-183.698518 239.497255
-7.439697 87.800774
-81.349222 247.434461
202.149494 -131.717341
-1.803931 -37.185044
94.769490 -240.076113
-167.948203 129.248575
123.647910 -235.382964
-160.748347 279.312826
-215.585451 234.190126
140.574230 -286.943961
177.337272 -281.791761
47.772141 -66.193958
-13.690904 230.972911
-128.723858 232.625264
168.021130 -117.815341
162.949384 -80.792217
123.344686 -153.718526
154.803726 -144.633957
54.006175 184.053305
187.851069 -94.867935
-32.290060 -15.906897
-80.282045 162.969751
-44.345352 -139.918834
-28.204868 45.302678
-31.169127 -169.768778
19.307497 -173.608362
-17.273412 -148.914272
-103.935977 -46.385983
73.825082 -27.276202
-25.807618 116.103620
30.275764 -147.098634
-106.556386 188.560175
-119.987224 157.960667
-76.566634 -17.286545
147.905697 -254.948588
-95.620412 84.888564
-23.244755 19.039201
46.778088 -178.633108
-195.083751 142.150502
-154.050324 248.335963
154.205800 -223.140799
213.255950 -234.832003
22.012997 118.522651
-48.323055 183.860181
65.339148 -128.058044
-56.949691 271.104898
-17.776750 -68.726562
5.849523 -213.938225
6.190834 -6.562437
-80.715959 112.331399
-12.543766 196.019107
-65.663179 -82.669880
178.591905 -249.697515
-58.117343 87.132534
41.006871 -102.941139
-190.708492 207.489631
81.066245 -148.955918
-101.201354 35.269553
115.486006 -267.973878
-39.451252 -90.412291
44.489250 -222.011801
-39.984185 221.969340
-59.313517 142.716123
14.767643 -82.610873
183.673738 -183.591643
126.302805 -54.269356
-163.023764 172.604234
211.357567 -201.062685
8.683736 -110.952752
206.663654 -266.133625
-139.398561 101.636946
-77.002804 202.311969
-194.688665 266.815191
-108.298717 -4.187146
-125.816933 270.076188
138.205934 -118.886731
36.718577 96.001913
8.707091 38.269025
