15
0.8673511459540122 0.25869604176287464
0.8463299002906961 0.7613708531181559
0.2848718573228233 0.7945237392349848
0.7552197414403401 0.603068713037641
0.2765673555118745 0.2640482877452619
0.7612638759255757 0.019892495296159773
0.18638427414680636 0.01637119567525691
0.4967099516786748 0.10088892460513643
0.9238206016167398 0.8337712309324302
0.8998907012440135 0.06322562799913789
0.7217422819196281 0.5912817782941594
0.32606839286446176 0.4380236171641959
0.4572689887664858 0.42125426445747005
0.44001500905740043 0.6853793639814576
0.5375036029833863 0.7729856931288874
