100
1.410648 -5.800688
4.061880 -6.953693
0.820343 -0.398470
4.872571 -8.037192
0.812333 -3.250337
21.543768 -6.224540
3.985837 -5.107127
0.401462 1.746317
1.863619 -6.370783
0.653276 -0.950896
-2.440491 1.955699
-1.604624 4.175798
5.280327 -0.540295
1.385230 -8.929420
-0.734021 0.018995
4.048903 -6.638408
0.090488 -0.370553
0.952416 -11.328957
0.311117 -4.406435
2.684613 -7.209510
11.348001 -7.028922
-1.337892 -8.150611
-0.891302 -2.040592
-0.367658 -0.498455
1.839518 -10.394066
1.074019 -8.179866
4.119599 -13.776274
0.480293 -2.926013
4.510005 5.346580
0.976581 -1.732051
-1.749350 -2.002577
1.098407 -7.934133
7.156001 -7.184530
4.020541 -8.382423
-1.523705 2.064682
0.051069 0.451889
1.984846 -10.205147
2.909972 -8.175309
2.760203 -7.383080
3.844092 -7.301230
0.927734 1.756918
3.162755 -9.940091
2.938044 -5.775179
0.193724 -3.025486
1.478916 -6.173227
-2.286317 -7.064174
5.885414 -7.107522
7.039038 -7.321611
1.070762 -3.469742
-1.178572 -4.616428
2.786160 -8.114067
4.245370 -0.155872
5.627758 -5.559250
-0.168370 -1.491483
1.085621 -1.548010
5.904959 -6.315058
46.936693 -15.192950
3.030232 -0.239015
6.103030 -4.039491
3.857383 -7.115064
4.323330 -0.558689
1.128506 0.093940
-1.531314 2.817867
2.455284 5.691066
-2.278588 -0.217520
1.865046 1.105461
2.505484 -5.749752
-2.080132 0.782981
2.334496 -4.096337
2.530963 -8.602958
2.348803 -6.513272
-1.304276 -1.513564
1.467954 -1.142739
1.798725 -3.705824
-0.717521 -2.159258
6.313759 -1.848965
2.532370 -5.998601
-3.004601 -0.810566
2.188893 -4.760572
3.329544 -4.236279
6.854583 -7.114127
2.001887 -5.253290
1.518049 -7.688022
-1.602079 1.205485
1.624497 -4.052003
2.930242 -6.003250
-2.398992 -7.011175
3.695789 -4.951395
1.255905 -2.514483
5.199986 -17.687436
0.842448 -5.809841
-244.413377 418.461186
1.453295 -3.883000
0.863942 -2.137659
1.776163 -2.156749
2.350881 -5.262632
-1.779174 -0.511218
-1.966824 -6.171939
-0.811036 -4.326110
3.053823 -3.149341
