0.3116,-0.0502,-0.1487,-0.0339
-0.2088,-0.3414,-0.1117,0.3944
-0.1647,-0.5150,-0.7223,-0.0604
0.0738,0.5003,-0.9660,-0.4430
0.1529,-0.0960,-0.2107,0.0827
-0.0978,-1.2820,0.4784,-0.2369
0.0808,-0.2591,0.0205,-0.1753
-0.1899,-0.0637,0.3326,-0.0255
-0.1966,-0.0027,0.9182,0.1579
-0.9245,-1.3618,0.2829,-0.2046
-0.1118,-0.1134,0.7499,-0.1453
-0.1411,-0.1695,-0.4342,-0.0934
0.5141,0.1636,0.4543,-0.1453
-0.6598,-0.3064,-0.4474,0.2404
0.1765,-0.2789,0.3428,-0.2022
0.0712,0.2599,0.7406,0.1961
-0.3971,-0.1900,-0.1399,-0.5366
0.1117,0.1549,0.4602,-0.0978
0.2663,0.0669,-0.6207,-0.3411
0.0914,-0.4758,0.6788,0.4979
-0.1179,-0.7974,0.4676,0.1374
0.2589,-0.4310,-0.0758,-0.4850
0.5933,0.6557,0.2599,-0.5574
-0.9180,0.0579,-0.1804,-0.1532
-0.3560,-0.1144,-0.1487,-0.1360
0.5289,-0.1333,-0.2474,-0.1627
0.2157,0.0707,-0.1963,-0.8475
0.2269,0.4847,-0.4846,-0.3541
0.5496,0.5508,0.3505,-0.2886
-0.0352,0.0527,0.7525,-0.2416
0.3770,0.7078,0.7401,0.1237
0.1463,-0.4086,0.4073,-0.1092
0.0341,0.0798,0.0170,-0.2508
0.4458,0.9111,0.3044,0.1874
-0.3051,-0.1556,-0.1148,-0.5946
0.4838,0.0945,0.3317,0.2388
0.8487,0.7629,-1.1399,-0.6651
-0.3167,-0.2416,-0.6424,-0.2917
-0.2053,-0.6591,-0.0906,0.3744
0.3242,-0.3382,0.1635,-0.1118
0.3570,-0.0394,0.3037,0.2036
0.1324,-0.3130,-0.0464,-0.3713
0.6434,0.4646,-0.6665,-0.3497
0.2289,-0.0767,-0.3515,0.1444
0.0945,0.0656,0.1698,0.1909
0.2997,0.5276,-0.0988,-0.0171
-0.2279,0.0288,-1.2671,-0.5677
0.1283,-0.2653,0.3671,0.3616
-0.3151,-0.0577,-0.8845,-0.4565
0.2421,0.5863,1.2364,0.0982
-0.3578,-0.4792,0.6805,-0.1056
-0.5408,-0.6420,0.0641,-0.4840
0.5374,0.0589,-0.0737,-0.3859
-0.5344,-0.7699,-0.3961,-0.4556
-0.5385,-0.2792,0.9023,-0.2963
0.1954,0.0380,-0.2771,-0.0753
0.0039,-0.4483,0.0984,0.0111
-0.1847,-0.3271,0.7165,0.1211
-0.6768,-0.7953,-1.3631,-0.3893
-0.0395,-0.1759,-0.7027,-0.6051
0.5020,0.2369,-0.0553,0.1845
0.1537,-0.6274,0.1701,0.1655
-0.5950,-0.7756,-0.9246,-0.5269
-0.3382,-0.3178,1.0754,-0.0817
0.4173,-0.2099,-0.3609,-0.2285
-0.9101,-0.9761,-0.2611,-0.0992
-0.0337,-0.4619,-0.1244,-0.0705
0.1630,-0.0476,0.1548,0.1792
0.7110,0.4879,0.4083,0.2043
0.1626,-0.3648,-0.7445,-0.1388
0.1101,-0.2364,0.3668,-0.0208
0.0123,-0.3494,0.9370,0.4355
-0.2999,-0.2534,0.0896,-0.0930
-0.2448,-0.1655,0.6575,0.2617
0.1706,0.3097,0.5661,-0.1431
-0.2977,0.2104,-0.9047,0.0534
0.4016,0.2543,0.1435,-0.1162
-0.1482,-0.2010,-0.4902,-0.4529
0.1394,-0.3978,0.0158,0.1885
-1.1534,-0.6171,0.7097,0.0076
-0.1185,-0.2366,0.0868,-0.2373
0.3701,0.3985,-0.2224,0.0014
-0.4137,-0.6219,-0.3663,-0.2883
-0.1155,-0.2995,-1.0090,-0.5948
0.6465,1.1122,-0.4511,-0.2084
-0.3720,-0.0991,-0.7893,-0.6316
-0.0581,-0.2567,-0.3217,-0.4004
-0.6593,-0.1272,-0.2074,-0.0926
-0.2638,0.1585,-0.1222,0.0280
-0.0979,0.6049,-0.9711,-0.2793
-0.2303,0.0936,-0.8366,-0.0352
-0.0647,-0.0128,-1.1167,-0.1789
-0.1758,0.0951,-0.8782,-0.2873
-0.3350,-0.2017,-0.1144,0.1954
-0.2190,0.1851,-0.2889,0.0114
0.1252,0.4393,-0.6480,-0.0713
-0.2924,-0.0939,-0.3766,0.0110
-0.4918,0.2347,-0.2986,-0.2205
-1.1852,-1.0087,-0.1249,0.1410
-0.6200,0.0440,-0.1740,-0.0182
-0.1766,0.4153,0.2616,-0.0160
-0.2003,-0.0425,0.1817,0.2339
-0.1245,-0.1783,-0.2526,0.0913
-0.4458,0.6622,-0.1077,0.4447
0.1067,0.0632,-0.0813,0.0121
0.1325,0.3132,-0.4519,-0.0442
-0.0565,0.1502,-1.2486,0.0397
-0.2503,-0.1356,-2.1558,-0.1926
-0.0683,0.2753,-0.8258,-0.0017
0.2387,0.2070,-1.0421,-0.2074
-0.3057,-0.2614,1.4312,0.5431
-0.3191,-0.4621,-0.1571,0.2872
-1.0278,0.4514,-0.1476,0.1401
0.1963,0.3530,1.1021,0.7809
0.5934,-0.0320,1.6248,0.6106
-0.4293,-0.5029,-0.2873,0.3742
0.0650,0.7011,0.8884,0.1012
-0.1532,-0.2838,0.6671,0.0159
0.1824,0.1805,0.3640,0.4274
-0.1746,-0.0416,0.7904,0.1957
-0.4472,0.0583,-0.3740,0.1986
-0.2032,-0.0618,-0.3234,0.3778
0.3853,-0.2516,2.4612,1.2400
-0.2300,0.1688,0.1361,0.1118
0.1737,-0.0967,-0.0466,0.1650
0.2073,-0.0728,-0.6636,0.1087
0.9093,0.6455,0.1444,-0.0475
0.2398,0.4006,-0.0894,-0.3253
0.8310,0.7954,0.3730,0.4737
0.5059,0.7661,0.1068,0.1494
0.0718,0.4955,-0.3253,-0.0963
0.5426,0.1913,0.3330,0.4201
0.5155,-0.0078,0.3576,-0.0569
1.0106,1.3543,1.0713,0.5674
0.4181,0.1612,-1.6955,-0.1492
-0.0408,0.4818,1.7794,0.3493
0.6406,0.2185,0.3113,0.2572
0.4666,0.3067,-0.1899,0.5256
0.4152,0.5242,0.3623,0.1360
-0.0131,0.1141,-0.1691,0.1564
0.3481,0.2081,-0.2474,0.0902
-0.3630,-0.2297,-0.6039,-0.0258
0.0473,0.4408,0.8581,0.3091
0.1732,-0.1508,-1.1520,0.0096
0.5680,0.7653,0.6600,0.5000
0.3869,0.2586,0.1713,0.0209
0.5347,0.6779,0.7579,0.4988
0.1962,-0.0371,0.0780,-0.0206
-0.0593,-0.0745,-0.2780,-0.1039
-0.6210,-1.1052,-0.6336,0.3363
-0.6923,-0.8609,-0.3632,0.2203
-0.0660,0.3262,0.3641,-0.0672
-1.1156,-0.1623,-0.3481,-0.1558
0.6502,0.3155,-0.1607,-0.2535
0.1473,-0.1303,-1.2901,-0.1076
0.6077,0.5603,-0.0245,0.3259
0.0719,-0.3411,-0.7202,-0.2610
0.5795,0.9329,0.1218,-0.1977
-0.1341,-0.3203,-0.0100,-0.0020
0.3010,0.3856,-0.5312,-0.0615
-0.0994,-0.4936,-0.4988,-0.2801
-0.2603,-0.1977,-1.2514,-0.2672
-1.6220,-0.5255,1.3696,0.1264
0.0661,-0.1503,-0.2412,0.2096
0.4175,0.2533,1.8853,0.1440
-0.0137,0.0696,0.2729,-0.1928
-0.0146,0.1056,0.2293,0.0542
-0.6222,-0.1614,0.2726,0.0452
0.5241,0.1313,-0.6877,-0.0865
0.0795,-0.3081,0.6487,0.0631
0.2542,0.0621,-1.1806,-0.3362
0.4807,-0.1728,0.8833,-0.1312
0.1835,0.1683,1.1315,0.4227
0.3670,-0.1548,-0.2688,-0.0198
0.3238,0.2750,-0.4758,-0.0294
-0.8724,-0.5424,0.0091,-0.1690
0.1556,-0.0051,-0.6313,-0.2082
-0.0299,0.0227,-0.3432,0.1974
-0.1123,0.2776,-0.6424,0.0708
0.4809,-0.0772,-0.6925,-0.3099
0.1177,0.5100,-0.5361,-0.0079
0.0898,0.1892,0.0836,-0.2614
-0.6441,-0.0964,-0.4874,0.2004
0.3706,0.1874,0.1899,-0.1676
-0.1965,0.3229,-0.2819,0.0512
-0.0341,-0.2700,0.0744,0.1576
-0.3607,0.1885,-0.5412,-0.1701
-0.2050,-0.5534,1.4049,0.1989
0.0446,-0.0725,-0.2805,-0.2200
-0.2503,-0.3654,-0.2052,0.1237
-0.7414,-0.0977,0.4796,0.1449
-0.0695,0.4368,-0.3380,0.0552
0.0377,-0.2056,-0.0777,0.4342
0.1011,0.0675,0.5974,-0.1002
-0.2488,-0.3368,-0.2204,-0.6106
-0.6334,-0.6029,-1.3801,-0.0247
0.1434,0.0696,0.1530,0.2374
0.5366,0.0698,-0.5220,-0.1822
0.4356,0.0923,-1.2327,0.0394
0.6031,0.3717,-0.1847,-0.1309
0.2173,-0.1888,0.0102,-0.3185
-0.7104,-0.8739,-0.3347,0.1123
-0.4954,-0.1571,0.3111,0.3543
0.4530,0.2880,-1.0880,-0.2583
-0.3786,-0.4382,0.3435,-0.2180
-0.1010,-0.9629,-0.0142,0.4321
0.8196,0.1013,1.0104,-0.3793
-0.4348,0.0412,2.1946,0.7567
0.2344,0.2257,-1.4038,-0.0914
-0.2113,-0.7611,-0.6462,-0.3063
0.1713,0.2371,-2.0562,0.0410
-0.4335,-0.5782,-0.9107,0.0644
-1.3794,-0.5171,-0.3548,-0.1437
-0.0383,-0.1323,-0.2954,-0.0590
-0.2362,-0.1045,-0.9949,-0.0181
0.6951,0.1497,0.6418,-0.3585
0.3091,0.6107,0.3012,0.0454
-0.0085,0.3190,-0.3978,-0.1614
0.6483,0.3633,-0.2276,0.0568
0.2413,0.0377,0.2017,-0.2365
0.5698,0.6362,-0.0763,0.2087
-0.1080,0.1945,0.3426,0.6175
-0.6361,-0.8157,-0.3305,-0.2390
-0.4967,-0.7950,0.0143,-0.1191
-0.0664,-0.1474,0.3941,0.4861
-0.6460,-0.7485,-0.2458,0.4083
0.1281,0.1341,0.4853,0.0650
-0.1789,-0.0185,-0.0322,-0.1430
0.0533,-0.0312,0.1798,-0.1111
-0.5321,0.0233,-1.1070,-0.1973
0.4303,0.4550,-0.4411,-0.2660
0.0140,0.3351,0.3129,0.2252
0.4096,0.1719,0.1986,0.1550
0.5069,0.0641,0.1876,-0.2214
-0.2090,-0.8704,0.7315,-0.3104
-0.3408,0.0595,1.2287,-0.0160
-0.3770,-0.1817,0.1006,0.2093
0.3981,0.7459,0.4505,-0.2071
0.2617,0.5426,-0.0405,-0.0718
0.8096,0.5004,-0.3453,-0.6340
0.0292,0.4561,0.5783,-0.3242
-0.9377,-1.0465,-0.0620,0.0024
-0.1929,-0.1290,0.3836,0.7050
-0.1490,-0.4599,0.0833,-0.0699
-0.0571,-0.2349,-0.6069,-0.3814
-0.0799,-0.2993,-0.9474,-0.7700
-0.1144,-0.2243,-0.1667,-0.3875
-0.2707,0.2765,-0.4458,-0.0920
0.0636,0.0258,-0.2423,0.0181
0.1440,0.3836,-0.4658,0.0671
0.3659,0.7868,-0.1340,-0.3587
-0.0538,-0.0481,-0.5642,0.0702
-0.0572,-0.3114,0.0041,0.0170
-0.6191,-0.8051,-1.1844,0.0693
-0.2004,-0.3503,-0.0875,-0.0458
0.1988,0.7992,-1.0874,-0.5403
-0.4717,-0.9569,0.1098,-0.1381
-0.1388,0.1892,0.3125,0.4127
-0.5243,0.4294,1.5459,0.2158
0.2428,0.3803,-0.1786,0.1245
0.3542,0.8241,-1.2977,-0.5573
-0.2308,0.3319,0.4058,0.2556
0.1537,0.6022,-0.4150,-0.2015
-0.0977,0.4913,0.0337,0.8130
-0.0803,0.0569,0.2733,0.0733
0.0161,0.4510,-0.4700,0.1257
-0.0683,-0.1050,-0.2523,0.0293
0.3794,0.4679,0.4119,0.0769
-0.1016,0.1144,0.4232,0.0805
0.2259,0.3611,0.3852,0.1688
-0.0567,0.2334,-0.0057,-0.2406
0.3771,0.3303,-0.0742,-0.2089
0.1043,-0.1486,0.4086,0.0307
0.6127,0.6500,0.0892,-0.4425
0.7084,0.7735,-0.7200,-0.6042
0.0776,0.4222,-0.2293,-0.0316
0.4440,0.4653,-0.3831,-0.2781
0.2520,0.6396,0.4256,0.1241
0.1566,0.3664,-0.4334,-0.1645
0.1435,0.1932,0.5293,0.4653
-0.0662,0.2253,0.9990,0.3544
0.0663,-0.4198,1.2216,0.7747
-0.3184,-0.4479,0.9800,-0.1104
0.1385,0.4354,0.3307,-0.1077
-0.2079,-0.1118,0.3725,-0.1245
0.3586,0.2684,0.0207,-0.4006
-0.2950,-0.2708,-0.4455,-0.0480
-0.4360,-0.1955,-0.4899,0.0038
0.5262,-0.1152,1.0051,-0.2062
-0.0881,-0.1809,-0.8843,-0.2055
-0.1814,0.1364,-0.4142,0.0482
0.0562,0.0861,-0.0620,-0.0508
0.1611,0.0581,0.5014,0.4340
-0.2023,-0.1431,-0.0726,0.1483
-0.1030,0.4953,1.0789,-0.1715
-0.0832,0.0522,0.5052,-0.0513
0.3263,0.5183,0.0987,0.1547
0.5625,0.0772,1.8166,0.4704
0.5246,0.7865,0.0214,-0.4221
0.1011,0.4063,0.3076,0.0336
0.3200,0.6254,-0.4800,-0.3603
-0.3985,-0.3826,-0.1442,-0.0881
-0.5007,-0.4733,0.5822,0.1530
-0.0345,0.5068,0.0367,0.8005
0.2641,-0.2790,-0.4542,-0.2818
0.1583,0.5294,1.3287,-0.0456
0.1962,-0.5183,-0.4943,-0.2902
-0.3979,-1.2976,-1.0792,-0.0738
-0.4218,0.0318,-0.3080,-0.1892
0.0335,0.2835,0.1323,-0.2903
0.0696,0.0487,-0.7128,-0.1967
0.1956,0.5331,0.2713,0.0440
0.4547,-0.2680,-0.7103,-0.1640
0.3974,0.5712,-0.8590,-0.3688
0.1052,-0.0172,0.1116,-0.4275
-0.3854,0.1362,0.0635,0.2472
0.1833,0.2630,0.4025,-0.4284
-0.4916,-0.6655,-0.6679,-0.0104
0.1936,0.4630,0.4854,-0.2925
-0.1277,0.3069,0.1700,0.3212
0.1120,-0.0308,-0.0925,-0.2225
0.3168,0.0498,-0.1767,-0.4401
-0.0864,-0.1668,0.5973,0.1179
0.6724,1.0075,0.7035,-0.4238
0.3487,0.3025,-0.3035,-0.1360
-0.1928,0.1147,0.5343,-0.1648
0.1393,-0.6433,0.4919,0.6311
0.0260,-0.6214,0.1255,0.9616
0.7434,0.2239,0.0363,0.4296
0.2793,0.4722,0.0660,0.1694
-0.3388,-0.0594,0.0784,-0.2291
0.0684,0.0401,-0.5282,-0.0842
-1.4104,-0.5647,-0.5501,-0.1435
0.5735,0.4003,0.9776,0.9266
-0.2456,-0.1370,-0.1206,-0.3208
-0.0155,-0.5015,-0.2255,-0.1551
0.4746,0.2722,-0.0500,-0.0853
-0.0500,-0.5609,0.0516,0.2414
0.4029,0.2325,0.6980,0.0840
0.1110,0.1688,0.0416,0.2226
0.6487,0.1816,0.1893,-0.5337
0.5328,0.4589,0.0489,0.0435
-0.5824,-0.4759,-0.3145,0.0166
0.7178,0.9162,0.4772,-0.1737
-0.0522,0.2996,0.2329,0.3301
0.3464,0.5428,0.3967,0.1889
-0.5772,-0.4330,0.1097,-0.1573
0.3313,0.0511,0.5812,0.0748
0.1076,0.5310,0.9537,1.5912
0.2932,0.5190,-0.1470,0.8159
-0.1165,-0.3722,0.3646,-0.1494
-0.3720,-0.9252,-0.5829,-0.2684
0.1839,0.2224,-0.6985,-0.2657
0.2435,0.4330,-0.1129,0.1132
-0.1134,-0.1910,-0.6005,-0.2052
-0.1045,-0.3811,-1.4199,-0.5638
-1.1412,-1.4177,-0.1323,0.2832
-0.5552,-0.8123,0.4405,0.0468
-0.4830,-0.6928,0.2517,0.0369
-0.4281,-0.1472,-0.1223,0.2788
-0.8358,-0.1796,-2.3108,-0.2977
-0.9796,-0.3730,-0.4910,-0.2269
-0.0244,1.1794,-1.5256,0.0053
0.2849,0.5957,1.4687,0.4082
-0.2277,0.3596,-0.4627,0.3601
0.6219,0.7144,-0.2042,-0.2048
0.0131,0.0827,-1.2172,0.0419
0.3129,0.7015,1.1136,0.6456
0.0844,0.7127,0.9311,0.1101
0.3222,0.1881,0.2339,0.1082
-0.6890,-0.5862,0.1417,0.2806
0.7231,0.5985,0.3029,-0.4160
-0.0425,-0.4862,0.5055,0.1407
-0.2563,-0.1454,0.2842,0.0126
0.0323,0.1361,0.1279,0.2500
0.7375,-0.5588,-0.0889,-0.6433
0.8286,0.3023,-0.3034,-0.1186
-0.0553,-0.1746,0.2835,0.1359
0.4489,0.7061,0.2470,-0.1479
-0.2990,-0.0835,-0.2435,-0.2631
0.2295,-0.6713,0.1046,0.5866
0.1289,-0.2366,0.9520,0.1662
0.3370,-0.0792,1.2124,0.3271
-0.5718,0.2234,0.3084,0.1523
-0.7362,-0.3221,-0.4387,-0.1935
-0.1300,-0.0736,1.4021,0.2651
-0.4759,-0.8939,-0.4759,0.0763
-1.0688,-0.5429,-0.2409,0.2023
0.0784,0.4128,0.6816,0.1050
0.3364,0.1793,1.8452,0.3395
0.2310,-0.0721,-0.0700,-0.0027
0.3642,-0.2965,1.2947,0.4619
-0.3227,-1.2735,-0.5454,-0.2178
0.4775,0.0266,0.2158,-0.1294
-0.2450,-0.2022,-0.8019,-0.2716
0.1728,-0.1175,0.7565,-0.2336
-0.2690,-0.3011,-0.1590,-0.1107
0.1353,-0.0507,-0.1272,0.0974
-0.2720,-0.0180,0.9352,0.2334
0.0630,-0.5237,-1.6254,-0.0355
0.4288,0.1828,-0.1590,0.1417
-0.1836,-0.0111,-0.2279,-0.1849
0.2655,-0.3149,0.1058,-0.0468
0.2003,-0.1790,0.4074,0.1675
0.5841,0.5648,0.8936,-0.1443
-0.2680,-0.2185,0.0316,-0.0773
-0.0834,0.2731,0.1593,-0.3792
-0.2112,0.1746,0.0417,0.2887
-0.0049,-0.6405,0.4478,0.3039
-0.1233,0.0649,-0.4225,-0.0809
-0.5066,0.3058,0.5207,0.4131
0.7528,0.5030,0.2382,0.1015
0.0753,0.3894,0.1396,0.2266
0.2846,0.0352,-0.5657,-0.4242
-0.0877,-0.1364,-0.0148,-0.5085
-0.0095,-0.0490,0.5926,0.2567
-0.2052,-0.9365,-0.4552,-0.3135
-0.2327,-0.0520,0.9659,0.0880
-0.1067,-0.0784,-0.9838,-0.3472
-0.6236,-0.6277,-0.7988,0.1834
0.2962,0.3469,0.2936,0.2418
-0.2511,0.3791,0.4618,0.2069
-0.9775,-0.9195,-0.8103,-0.3030
0.0101,0.2253,0.8171,0.1014
-0.0510,0.1107,-0.0929,-0.0523
-0.1514,-0.0285,0.3700,0.4413
0.1074,0.4722,-0.0435,-0.1380
0.0054,-0.9410,-0.4913,-0.4496
0.0924,0.3338,-0.4191,0.5165
-0.3286,0.0461,-0.2760,0.1193
0.0988,-0.0492,-0.1140,-0.2668
-0.6367,0.0586,-0.3991,-0.1733
0.1778,-0.1915,-1.0332,0.2415
-0.5193,0.0393,-0.9316,-0.2860
0.3438,-0.2127,0.4431,-0.1436
-0.0344,0.0788,-0.3603,-0.1000
-0.3993,-0.7551,-1.9860,-0.5430
0.1112,-0.3650,-0.0164,0.1813
0.2525,0.1026,0.3638,0.1284
-0.0939,0.2272,-0.3990,-0.1206
0.5790,0.1636,0.8585,0.0063
-0.0741,-0.2340,0.2980,-0.0473
0.1930,-0.1765,0.8736,0.2529
-0.4934,-0.1119,0.0677,-0.3616
0.3860,-0.0774,0.2936,-0.3533
-0.0803,-0.0213,-0.1415,-0.3675
0.0001,0.2256,0.1079,0.3399
0.3072,-0.1703,1.2006,0.3855
-0.3575,0.0516,-0.6455,-0.3459
-0.1396,0.4874,1.0144,0.4942
0.2402,-0.2148,-0.6869,-0.3252
-0.0497,-0.3248,-1.3027,-0.5452
0.2951,0.8869,1.0327,0.2433
-0.0121,0.1157,0.0945,0.0195
-0.2863,-1.1710,-1.3421,-0.6041
-0.1503,-0.8723,0.4588,-0.2514
0.7266,0.7195,0.7216,-0.0652
0.4352,0.8019,0.1424,0.0207
-0.9968,-0.5764,-0.2035,-0.3186
0.1723,-0.0896,0.1985,0.3271
0.7953,-0.0559,-0.6602,0.0111
-0.6305,-0.1701,-1.0060,-0.6739
0.9621,0.8859,0.6804,0.4568
-0.0471,-1.2658,-0.6070,0.4442
0.7820,0.6377,0.6674,0.4588
0.4560,0.0933,-1.0271,0.0700
-0.2411,-0.3024,-0.0595,-0.1700
0.1993,0.4360,-1.6204,0.2714
0.1669,-0.1926,-0.5647,-0.3182
0.2263,-0.3916,0.6064,-0.1155
0.0772,0.0110,0.5530,-0.1900
-0.2100,-0.7069,-0.4602,-0.3952
-0.3619,0.0695,-0.5910,-0.4788
-0.6560,0.0228,-0.4319,0.2164
0.2834,0.4532,-0.9292,0.1061
-0.0754,-0.1133,0.2921,0.1633
0.0157,-0.0259,-0.7095,-0.2503
-0.1115,-0.0094,-1.0160,-0.7002
0.0363,-0.1746,-0.1498,-0.1538
0.0380,-0.2189,-0.1168,-0.2327
0.4983,0.3796,-1.5643,-0.4790
-0.3894,-0.6960,-0.1626,-0.2566
-0.1494,-0.7300,-0.4036,-0.3325
0.0958,-0.0498,0.0260,0.2058
0.0600,0.1905,-0.0194,-0.3248
0.5002,0.3310,0.9971,0.3020
-0.1463,-0.1566,-0.2026,-0.2216
-0.1709,-0.4543,0.0709,-0.2324
-0.0085,-0.1805,0.5492,-0.0278
-0.1056,-0.0180,0.2370,-0.1386
-0.0036,-0.1185,-0.5427,-0.1627
0.4130,0.3852,0.9259,0.2891
-1.0313,-0.4993,0.2588,-0.0442
-0.1989,0.5059,0.5762,0.8113
0.1721,0.6918,-0.0314,-0.1052
-0.1128,0.4469,0.1183,0.3054
0.1654,0.2775,0.3838,-0.0014
0.2595,0.6447,0.5168,0.1249
0.2533,0.4071,0.5396,-0.1548
-0.3163,-0.1332,-0.3038,-0.6590
0.3100,-0.0182,0.1992,0.3022
0.8363,1.0943,1.5045,0.3112
0.1114,-0.2537,-0.2207,0.0734
0.2108,0.0649,0.2827,0.1266
-0.2069,0.6458,0.5155,-0.0384
-0.8369,-0.5716,-1.1174,-0.2779
0.0669,0.1257,-1.2075,-0.3604
0.0975,0.4740,-0.3058,-0.4159
-0.1894,0.0183,-0.2296,-0.1437
-0.1333,-0.2101,-0.3731,-0.2178
-0.7052,-0.4115,0.2052,-0.2975
-0.4471,0.0186,0.2098,-0.3520
-0.0913,-0.1948,-1.5267,-0.1144
0.5193,0.6235,0.0255,-0.2014
0.0955,-0.0050,-0.8329,-0.0194
0.2724,0.2871,-0.2122,0.0275
-0.4022,-0.1318,-0.3761,-0.1437
-0.2999,-1.3283,-0.6792,-0.3189
-0.3619,-1.5496,-1.2358,-0.4734
0.1178,0.2462,0.7803,0.4770
-0.5359,-0.7053,-0.5401,-0.1722
-0.1249,-0.4239,-0.4633,-0.3822
-0.2973,-0.2372,0.6957,0.0116
0.3320,-0.0059,-0.8994,-0.1697
-0.3445,-0.3256,-0.5072,-1.1126
0.3819,-0.0454,-0.0646,-0.2442
-0.2996,-0.4168,0.1845,-0.2007
0.7018,0.4354,0.5415,0.2965
-0.2212,0.0381,-0.3706,0.2254
-0.2818,-0.4846,0.4274,0.3558
-0.2994,0.1086,-0.1188,-0.2163
-0.0492,-0.0337,-1.6140,-0.2343
-0.1921,0.3769,-0.3365,0.0438
0.2071,0.3194,-0.7576,-0.3275
-0.3992,-0.4517,-0.5601,0.0730
-0.3982,-0.6667,0.1036,0.1260
0.0222,0.1045,0.1101,0.0088
0.3932,-0.2198,0.9552,0.0709
-0.0197,-0.5611,-0.2973,0.0015
-0.4240,-0.4476,0.4031,0.2710
0.1583,0.0184,0.0637,-0.0292
0.0009,0.8187,1.0630,-0.0556
0.1569,0.3363,-0.3358,-0.0078
0.4467,0.4858,-0.0495,0.3126
0.3909,0.7795,0.5111,0.5080
0.5416,0.1133,-0.1643,-0.0711
0.0861,-0.3303,0.2568,0.0252
0.4786,0.2210,0.7919,0.2738
0.4337,-0.7660,-1.6714,-0.0931
-0.4775,-0.6641,-0.4063,-0.3018
-0.0077,0.3091,0.0909,-0.0914
0.1863,0.0200,-0.1356,-0.1640
0.1503,0.5623,-0.5724,-0.4137
-0.5264,0.5481,-0.3268,-0.0231
-0.0733,0.2336,-0.2446,-0.1195
-0.0350,0.2452,0.5319,0.3514
-0.0502,0.5294,0.1509,-0.4229
0.0178,0.1547,-0.1753,0.2651
-0.8014,-0.7847,0.1361,-0.0720
-0.4390,0.1617,0.1863,-0.2983
-0.0310,0.1470,0.2830,0.1515
0.1344,0.3727,0.4685,0.0286
-0.9289,-1.4364,0.1151,0.2602
0.1455,0.1794,0.5622,0.1407
-0.7139,-0.5608,0.3773,0.0796
0.1611,0.4440,-0.2493,-0.1057
0.3315,0.3061,0.1877,0.0600
0.6018,0.1267,-0.1122,0.5157
-0.1633,-0.1892,0.5045,-0.0349
-0.0607,-0.1606,0.8811,0.0622
-0.7100,-0.1125,0.9031,-0.0922
-0.0142,0.2729,1.3463,0.7720
0.6039,0.8224,0.0132,-0.2507
-0.0815,-0.2279,0.2191,-0.2862
0.1693,-0.8341,-1.2090,-0.4618
0.7965,0.4916,0.5800,0.0635
-0.1679,-0.3459,-0.5116,-0.2846
0.3858,0.2433,0.4159,0.1969
0.5759,0.8098,-0.7077,-0.4477
-0.0920,-0.1698,-0.9379,-0.2271
-0.5284,-0.8986,0.4094,-0.0959
0.2549,0.1158,0.1349,0.6545
0.1911,0.4115,0.2669,-0.1486
-0.2740,0.2142,-0.1658,-0.1527
0.4235,0.9133,0.1836,0.3225
0.2471,-0.3424,0.8349,0.4088
0.2646,-0.0534,-1.1604,-0.3335
0.5756,0.0912,-0.4876,-0.3481
0.2416,0.4010,0.5362,0.3530
-1.0260,-0.6813,-1.6623,-0.3414
-0.0693,0.3803,0.7738,0.4548
0.0529,0.2222,-0.4442,-0.1473
0.4847,0.1884,-0.2319,0.0788
-0.0342,-0.0119,-0.5835,-0.1843
0.1051,-0.0167,-0.3942,-0.2951
0.4173,0.4819,0.2203,-0.0090
0.2817,0.2624,0.4478,-0.2276
-0.0181,0.3774,-0.4423,-0.1510
-0.1391,0.2182,1.6161,0.3975
0.4822,0.4928,0.7960,0.6757
0.3011,0.6585,0.6331,0.5257
0.3901,-0.4657,0.6747,0.2509
0.3622,0.3750,-1.1657,-0.4167
0.1379,-0.9317,-0.8408,-0.2039
0.3424,-0.2542,-0.5543,-0.3288
-0.4991,-0.4373,-0.9083,-0.3310
-0.0981,-0.1855,1.7121,0.9286
-0.1472,-0.1779,0.3611,0.1707
-0.1867,-0.0435,-1.0792,-0.2508
0.1338,0.2337,-0.8198,-0.5623
0.0725,0.0982,-0.6441,-0.1555
0.0187,-0.0212,1.3310,0.5792
-0.2726,-0.1515,0.0267,-0.0407
-0.4617,-0.2362,0.4486,-0.2385
-0.0755,-0.2651,-0.0675,0.1580
-0.3099,-0.4236,-0.3574,-0.3846
0.5655,0.2431,0.9478,0.0992
0.3833,-0.0101,-0.3676,-0.0394
0.0032,-0.5247,0.3446,-0.0228
0.6089,-0.1670,0.0914,0.0278
-0.2149,0.1161,0.1642,0.5309
0.1621,-0.3496,-0.8245,-0.1183
-0.3061,-0.1775,-0.7928,-0.0700
0.0990,0.1901,1.0837,0.4764
0.0702,-0.7868,-1.2651,-0.5633
-0.1862,-0.2913,-0.9346,-0.4994
-0.1556,-0.2205,0.2304,0.1989
-0.0331,0.0435,0.0538,-0.1136
0.1301,-0.1035,-1.0480,-0.3213
0.2960,-0.2413,-0.8789,-0.2285
-0.0405,-0.1287,0.3116,-0.3591
0.3626,-0.1084,0.1730,0.1093
1.0045,0.1576,-0.1649,0.2522
-0.3226,0.0307,0.8525,-0.0070
0.3772,-0.3619,-0.4970,-0.4146
0.0112,-0.0928,-0.4848,-0.2748
-0.7314,-0.2294,-0.2229,0.1383
0.2398,-0.1158,0.5811,-0.1670
0.2490,-0.2232,-0.8483,-0.5038
0.0346,1.4333,0.8650,0.3843
0.1558,-0.4494,0.2082,0.4375
0.1031,0.2547,1.2972,0.2961
-0.2432,0.5073,0.7658,0.2764
0.3852,0.4633,0.1209,0.2255
-0.5599,0.2723,-0.2387,-0.0299
0.0405,0.1604,0.2095,0.3444
-0.1010,-0.0949,1.4137,0.2968
0.6043,0.2463,0.3961,-0.1671
0.0940,0.4798,-0.4576,0.0639
0.2379,-0.2439,-0.1620,-0.2620
0.1762,0.3386,0.0549,0.0266
-0.1672,-0.6133,-0.0546,-0.2993
0.3403,-0.0403,-0.0462,0.2675
-0.0895,-0.2358,0.0673,0.1297
0.4139,0.3635,-0.1130,0.2720
0.5712,0.3867,-0.0549,0.1828
0.3961,0.1469,0.0454,-0.1764
0.0517,-0.1890,-0.1221,0.2059
-0.4121,-0.4939,-0.4792,-0.4237
0.1348,0.0189,0.2549,-0.1549
0.1219,-0.4245,-0.0028,-0.3120
-0.4926,0.1397,2.3136,0.4711
0.3311,0.2544,0.3363,-0.1494
0.5988,0.2589,-0.1631,-0.1634
0.2513,-0.0590,-0.2610,-0.1060
0.3961,-0.5364,-0.2267,-0.0211
-0.0035,-0.2550,-0.0780,0.5706
0.0915,-0.2018,-0.8319,-0.5308
0.5027,0.7241,1.3682,0.1143
0.0151,-0.1547,-1.1129,-0.4157
0.0642,-0.3711,0.7611,-0.2353
-0.7093,-0.1928,0.2092,-0.2197
0.9655,0.4381,0.5830,1.1475
-0.1451,-0.6734,0.0516,0.3205
0.0810,0.3945,-0.0064,0.3587
-0.0792,-0.2050,0.4795,-0.0423
0.0629,-0.7534,0.3378,0.0066
0.1501,-0.2263,-0.7621,-0.0280
0.1580,0.1414,0.3693,-0.1094
-0.5398,-0.6099,0.1965,0.1758
0.1933,-0.0304,-0.6404,-0.3575
0.1989,-0.7181,-0.5609,-0.0949
0.1338,-0.2902,-0.8475,-0.2151
0.1363,0.0468,-0.0424,-0.1427
-0.0308,-0.9134,0.1639,1.0519
-0.0139,-0.4514,-0.4960,-0.1055
0.0813,-0.6957,0.7096,0.8249
0.0311,-0.0012,-0.1645,-0.1869
-0.1152,0.1124,0.4170,-0.0896
0.0453,-0.3188,-0.2322,0.0324
-0.3435,-0.4829,0.3633,-0.1817
-0.9207,-0.5848,-1.3230,-0.5319
-1.0473,-0.6469,-1.5051,-0.5843
-0.0247,-0.0500,-0.5301,-0.1047
-0.0230,-0.0748,-0.2637,-0.2059
-0.4596,-0.7283,0.5774,0.2131
-0.4447,-0.0026,-0.2013,-0.3328
-1.0655,-0.1670,0.1424,-0.3270
-0.3390,0.1867,-0.5775,-0.4227
-0.5183,-0.0720,-0.0061,0.1345
-0.7501,0.0459,0.2844,-0.0364
-0.1769,0.0208,-0.4756,-0.3906
0.0470,0.1560,-1.4801,-0.5289
-0.9778,0.0322,-0.6659,-0.3830
-0.0792,-0.0174,-0.8846,-0.5092
-0.9449,-0.2118,-1.4493,-0.2762
-0.7811,-0.2544,0.0278,0.1073
-0.8175,-0.3756,-0.8242,-0.0989
-0.4686,0.2478,-0.8772,-0.4022
0.1664,0.4169,-0.5682,-0.1843
0.4284,0.5464,-0.1881,0.0875
-0.2997,0.4336,0.6046,0.3588
0.5334,0.8833,-0.1629,-0.3522
0.3567,0.3912,-0.4860,-0.3013
0.3418,0.6743,-0.2751,-0.2039
0.2624,0.7684,0.1759,-0.3206
0.2171,0.4972,-0.1724,0.0819
0.1651,1.6489,0.6366,0.8519
0.6401,0.3113,1.2454,0.5956
-0.2394,-0.6866,-0.4326,-0.6095
0.2162,0.1122,-0.5084,-0.0638
-0.3146,0.0993,-0.2142,0.4183
-0.1121,-0.0358,-0.5001,-0.2430
0.1524,-0.5316,-0.4226,0.0381
-0.7578,-0.1208,-0.6038,0.5566
0.1737,-0.0848,0.7368,-0.1514
0.4148,-1.0635,-0.2995,-0.1466
-0.1329,-0.2513,-0.0301,-0.2162
0.2274,0.4846,0.3740,0.3965
-0.4268,-0.3291,-0.7887,-0.0296
0.2741,-0.3643,-0.2479,0.4767
-0.6921,-0.1852,0.2773,-0.4232
-0.4996,-0.8300,0.5336,0.3810
-0.0644,0.1772,0.9712,0.2319
-0.1443,0.0074,-1.5693,-0.2083
0.4723,0.4618,1.0451,-0.4389
0.4708,-0.1733,-0.1531,-0.5735
0.4924,0.1847,0.3779,-0.1248
0.2446,0.3026,-1.1169,-0.1523
0.2450,-0.1643,-0.0486,-0.0339
0.1315,-0.3606,-0.2529,-0.2192
0.7319,-0.1303,0.0901,0.4559
-0.1184,0.0372,0.1967,0.1934
0.3668,0.2782,-0.3083,-0.0642
-1.1306,-0.5873,-0.7215,-0.0656
-1.2948,-0.6311,-1.9793,-0.2699
-0.7712,-0.2465,-0.5514,-0.1123
-0.0064,0.3703,-0.6180,0.3779
-0.4651,-1.1080,-0.1793,-0.1028
0.8290,0.1107,0.0677,0.1042
0.1740,0.0975,0.4607,0.1392
-1.1501,-0.9870,-0.4152,-0.0762
0.4096,0.3481,-0.3774,-0.2118
0.5481,0.3684,0.5533,-0.3823
-0.0625,-0.3079,-0.1170,-0.0744
-0.4483,0.1591,0.0047,-0.0737
-0.2321,0.2930,-0.1875,-0.2262
-0.1969,-0.1581,0.3544,0.0724
-0.5614,-0.1060,-0.4295,-0.5206
-0.0696,-0.5551,0.1877,-0.7246
0.2600,0.2036,-0.3464,-0.0975
-0.0028,-0.0844,-0.1516,0.1194
0.2920,0.2808,-0.4081,0.3609
1.0234,0.3270,-0.2200,0.1144
0.2340,-0.8400,-0.3358,-0.4711
0.0172,-0.3747,-1.3165,-0.1795
0.1223,-0.3277,-0.0214,0.0099
0.1297,0.0643,0.5012,0.0677
0.5432,0.3388,0.3521,-0.1055
0.2896,0.2939,-0.4783,-0.3425
0.5947,-0.2044,0.3665,0.7531
0.5274,0.4703,0.1362,0.0018
0.9855,0.3114,0.5716,0.1366
0.7385,0.2121,0.1727,0.2143
0.1876,-0.1708,0.2133,-0.2672
-0.7829,-0.6016,-0.2453,-0.2131
0.1951,0.1315,0.4203,-0.4594
-0.5274,-0.8871,-0.5950,0.2333
0.2193,-0.0096,0.3902,-0.1210
-0.2421,-0.1514,-0.3311,-0.0283
0.0142,0.2698,-0.5744,-0.2308
0.3644,-0.0737,0.4301,-0.0492
0.7787,-0.6348,0.8997,0.2022
-0.2341,-0.0986,0.1685,-0.2058
0.4275,0.2811,-0.1906,-0.2784
-0.1502,-0.2176,-0.2037,-0.0139
0.2450,0.0485,1.2698,0.6884
0.5927,0.0114,1.2098,-0.3864
0.0992,0.1686,-0.4157,-0.4474
0.9614,0.2029,0.3671,-0.1959
-0.3810,-0.5815,-0.2253,-0.4393
0.3329,0.3702,0.6363,-0.0698
0.0588,0.0903,0.2789,0.0630
-0.0517,0.2608,0.6062,0.3019
-0.0113,-0.4494,-1.1084,-0.0014
0.1824,0.4615,-0.4135,-0.2493
-0.1536,-0.0154,0.0817,-0.0096
0.3043,0.2239,0.2672,-0.0401
0.3793,0.3883,0.0902,-0.2380
0.2891,-0.2519,0.1403,-0.1496
0.5713,0.0734,0.0237,-0.2071
0.5047,-0.3146,-0.5028,-0.0133
-0.0575,0.1922,-0.0717,-0.0459
0.2071,0.4921,0.1499,-0.1568
0.0169,0.1287,-0.2906,-0.3025
-0.6065,-0.9277,0.0805,0.0921
-1.0666,-1.0132,-0.2605,-0.2830
-0.2542,-0.3791,-0.6124,-0.2305
-0.6531,-1.2321,0.2590,-0.1291
-0.1855,-0.6730,1.0046,0.2712
-0.1184,0.0504,-0.0099,-0.0844
-0.5477,-0.0682,0.4368,-0.1884
-1.1136,-0.4647,0.5837,0.1541
0.1762,0.1971,0.2860,-0.2118
0.4443,0.0970,-0.3859,-0.2682
0.3018,-0.1040,-0.9996,-0.1221
0.8133,0.2423,0.0552,0.0041
-0.7630,-0.0294,-0.1318,0.0478
0.1262,0.3055,0.1635,0.1665
-0.2618,0.0597,0.5688,-0.1324
-0.3752,-0.1245,0.2154,-0.1016
-0.0091,0.0656,-0.4093,-0.4388
-0.1999,-0.3311,0.0810,-0.4156
-0.3640,-0.4199,-0.0127,-0.1566
-0.1738,-0.5219,-1.0027,-0.4250
-0.6794,-0.4205,0.1124,0.5921
-0.0297,-0.5346,0.0473,-0.0915
-0.5860,-0.5429,0.2829,-0.0669
-0.6111,-0.8138,0.6239,-0.2086
-0.1887,-0.5133,-0.0928,-0.3643
0.2572,0.0354,0.4926,-0.1705
-0.7024,-0.4072,-0.1863,0.1052
0.1394,0.1738,-0.0309,0.4008
0.7067,0.0049,0.1823,0.5727
0.6824,-0.1440,-0.3527,-0.0677
0.5188,0.1717,-0.4262,-0.1751
-0.0655,0.1637,0.8408,-0.0725
0.0153,0.2976,-0.2259,-0.2885
0.2421,-0.2366,-0.7702,-0.6232
-0.0814,-0.1958,-0.4587,-0.2623
-0.0727,-0.2337,-0.1414,-0.3501
0.1535,-0.0814,0.1796,-0.3116
0.7556,0.6720,0.8840,0.0456
-0.4480,-0.2245,-0.5930,0.2966
-0.2943,-0.2840,-0.6080,-0.3720
0.0587,-0.2960,0.8231,0.2318
-0.5995,-0.5409,-0.4159,-0.2118
-0.3170,-0.5207,-1.0249,0.0702
-0.0862,-0.1571,0.1920,-0.1045
0.0822,-0.3508,0.2195,0.6338
0.5618,0.6757,0.5850,-0.1483
-0.3633,-0.6472,-1.0335,-0.0683
0.3747,0.1289,-0.0446,0.5600
-0.0443,-0.9099,0.5309,-0.3946
0.2033,0.2911,-0.0172,-0.3019
-0.4526,0.0483,-0.4098,0.3132
-0.1550,-0.2379,-0.5667,0.3600
0.7880,0.7024,-0.5817,0.1059
0.4136,0.1612,0.3695,-0.0286
0.1761,-0.1773,-0.0089,-0.1010
0.1882,0.1348,-0.2787,0.0606
0.1390,-0.3624,-0.3773,0.0117
-0.0379,0.4415,-0.7982,0.3737
-0.5818,-0.7223,-1.1164,-0.0764
-0.2578,-0.2001,1.6888,0.0006
-0.2080,-0.1587,-0.1807,-0.2148
0.1984,-0.2837,-0.3175,-0.3812
-0.4269,-0.5260,-0.8050,-0.3237
-0.2371,-0.4361,0.0894,0.0966
-0.4944,-0.3520,-0.2138,-0.3118
0.4307,0.3280,-0.1783,0.0447
0.1434,-0.7988,0.4321,0.0635
-0.2287,0.3613,-0.1010,-0.1806
-0.1056,-0.4836,0.6436,0.1458
0.2048,1.2172,-0.1121,0.0077
0.1696,0.2419,1.2046,-0.1271
0.5015,0.8785,0.3701,0.0926
0.7605,1.1778,0.8967,0.2295
0.6513,1.0226,0.6373,0.5899
-0.6927,0.0915,0.0514,0.0128
0.1747,0.0625,0.4708,1.0176
-0.0677,-0.0167,-0.5330,0.0389
-0.3105,-0.5397,0.8236,0.2992
0.1932,-0.2602,-0.4946,-0.4734
0.0423,0.4550,-0.8067,-0.5749
0.5561,0.4838,0.1342,0.0082
0.1865,0.7769,0.4652,0.4206
0.3701,0.7122,0.5428,0.2020
0.4959,0.0889,0.8549,0.2577
0.3985,0.5571,0.6167,0.2750
0.0074,0.3360,0.1164,-0.1449
0.1791,0.3369,0.1603,-0.0452
0.0918,0.4454,0.2170,0.0614
-0.2191,0.1294,0.4583,-0.4161
0.2447,0.7370,0.7068,-0.2507
-0.3246,-0.3217,0.9434,-0.3500
-0.9247,-0.2586,-1.3246,-0.1188
0.0376,-1.1394,-0.1831,-0.1141
-0.3770,0.1351,-0.4441,0.1792
-0.2427,0.1250,0.0843,0.5595
0.1512,0.0210,-0.5205,-0.4588
-0.2978,-0.0226,-0.4178,-0.0454
-0.3594,0.0451,-0.3425,0.0117
-0.1726,-0.0848,-0.1450,-0.3079
0.5670,0.5261,-0.0976,0.9298
-0.3468,-0.5317,-1.0207,0.1173
-0.5514,-0.2943,-1.4152,-0.4052
-0.1283,-0.0078,-0.8479,-0.2159
0.4501,0.0700,0.3198,0.2121
0.9406,0.6676,0.2357,0.4053
0.4084,0.2088,-1.0894,-0.1542
-0.0388,-0.1758,-0.1336,-0.3334
0.3361,0.0526,0.4763,0.9724
-0.2648,-0.6312,-1.8444,0.0206
-0.1409,-0.2822,-1.1595,-0.1328
-0.3160,0.0664,-0.4833,0.1273
-0.4631,-0.4134,-1.5587,-0.6408
-0.2266,-0.5588,0.6315,-0.0751
0.2093,0.2452,-0.5706,0.2586
0.1731,-0.3881,0.3033,0.2686
-0.2749,-0.4240,-0.6077,-0.4061
-0.8834,-0.8608,-1.9898,-0.1829
0.1258,0.7033,1.0896,0.3258
0.8068,0.8374,-1.2887,-0.5115
0.3924,0.5408,0.9002,0.1932
-0.1270,0.2092,-0.2284,-0.2952
0.3739,0.5957,0.0005,-0.4528
0.2774,0.8293,-0.9685,-0.1330
-0.2732,-0.1755,-1.1460,-0.3589
-0.2433,-0.2878,0.3319,-0.2247
-0.0212,-0.0721,-0.3721,-0.4809
-0.1051,-0.7518,-1.2034,-0.5222
0.1595,0.0608,-0.1729,-0.1024
-0.4803,0.1140,0.3689,0.0049
-0.2647,-0.4618,-0.7121,-0.2059
-0.1037,0.3223,0.1866,0.1707
-0.2104,-0.0796,-1.2325,-0.2993
-0.1422,0.4919,-0.2264,0.0693
-0.0525,0.8339,-0.7217,-0.1906
-0.1262,-0.0533,-0.9075,-0.2702
-0.1532,0.1913,-0.3234,-0.0670
0.0512,-0.0963,0.3149,-0.0010
-0.6016,-1.1546,-1.7252,-0.3027
0.0232,0.0261,0.5908,0.4880
0.2437,0.1477,0.7488,0.6284
-0.0320,0.4558,-0.3103,-0.0330
0.2856,-0.0315,0.1412,0.4175
0.1568,0.0652,-0.1216,-0.0354
-0.0192,1.0400,0.3961,0.3481
0.5188,0.5431,1.1156,0.4224
0.5067,0.7127,0.7978,0.2447
-0.0856,-0.2798,-0.1402,0.0089
-0.5240,-0.3812,-0.3771,-0.0221
0.4640,0.4821,1.7113,0.0527
-0.3417,-0.2638,0.3195,0.0347
-0.2868,0.2806,1.2542,0.4262
0.1421,0.3102,0.1302,-0.3300
-0.4459,-0.1147,-0.5613,-0.2850
-0.0955,-0.1623,0.7923,0.9210
-0.4387,0.0578,-0.5014,-0.0953
-0.2891,0.1028,0.3689,-0.0778
-0.7635,0.3300,0.2456,0.0027
0.1043,0.2248,-0.2411,-0.0956
-0.0351,-0.4263,0.2885,-0.2805
0.2230,0.5574,-0.2203,0.1233
0.5283,0.5062,-0.0641,0.3661
0.2326,-0.3747,-0.2292,-0.0506
-0.7886,-0.8440,-0.6929,-0.7910
-0.4879,0.0270,-0.8637,-0.2327
0.2047,0.3023,0.0131,-0.2091
0.0434,0.1626,0.0822,-0.0088
0.7348,-0.1070,0.4925,0.1254
-0.0712,-0.4349,-0.3131,-0.1641
-0.6041,-0.2524,-1.2047,-0.2699
-0.1496,0.4839,-0.3953,0.2604
-0.1818,0.1757,1.1086,0.3324
-0.3253,-0.3036,-0.0665,-0.2222
-0.8554,-0.7657,-0.2639,-0.1610
-0.2739,-0.4410,-0.7016,-0.1641
-0.6589,-0.8371,-0.4526,-0.1406
-1.0283,-0.8299,0.3529,0.0867
0.0672,-0.2363,-0.5063,-0.1595
-0.2433,-0.1231,-0.8651,-0.5711
0.1860,-0.1086,-0.6943,-0.0478
-0.3282,-0.8018,-1.0255,-0.3795
0.1306,-0.0353,0.4897,0.1066
0.3669,-0.2410,0.0720,0.2145
0.0662,0.1483,-0.3878,-0.0119
0.0158,0.0983,-0.0164,0.1425
0.2778,-0.0945,0.3377,0.1302
-0.0616,-0.1963,0.2518,0.0465
0.3310,-0.4078,0.3216,-0.2775
0.4922,-0.7909,-0.4971,0.1378
0.3685,0.3012,-0.3501,-0.0405
-0.1388,-0.3206,-0.3863,0.1306
-0.2901,-0.2257,-1.5906,-0.4211
0.2121,-0.1333,0.2840,-0.0015
-0.2029,-0.0480,0.4560,0.2840
-0.7663,0.0705,0.1219,0.2080
-0.3794,0.0083,-1.0806,-0.1964
0.3982,0.3958,-0.0349,-0.2354
0.3225,0.0960,0.5104,0.0794
-0.3337,1.1727,-1.0397,-0.0803
0.1800,0.6062,0.1947,-0.0630
0.7149,1.0314,2.1198,0.3753
0.2356,0.4097,0.1083,0.2325
0.1493,-0.0587,-0.4540,-0.6022
0.1282,-0.2148,-0.2735,0.1184
-0.4186,-1.0424,-0.6816,-0.3495
-0.0136,-0.4209,-1.7408,-0.2356
-0.4017,-0.3199,0.0365,-0.2132
-0.6894,-0.6074,0.6765,0.1972
-0.2942,-0.3748,0.2067,-0.1752
-0.2438,-0.3388,0.5446,0.1877
-1.1952,-1.1927,0.1422,-0.6115
-1.1782,-0.8282,-0.3113,-0.1794
-0.2122,-0.9107,-0.1211,-0.3400
-0.6913,-0.2006,0.0132,0.0482
0.7465,0.3025,0.4082,-0.3468
-0.5558,-0.7228,-0.6665,-0.6676
-0.2869,-0.3554,0.7338,0.0312
0.1499,0.5458,0.2737,-0.1197
-0.0359,0.0234,0.0862,-0.0070
0.1826,0.0103,0.5645,-0.4194
0.4383,0.3348,1.0138,0.1171
0.2514,-0.5070,-0.2873,0.0225
-0.3288,-0.2482,-0.4661,-0.0463
0.1810,-0.5967,0.1584,0.0991
0.0650,0.1877,0.0190,0.2482
-0.2441,-0.2006,0.8297,-0.1372
-0.1618,-0.4935,-0.8222,-0.6693
-0.3981,0.0099,-2.4814,-0.1320
-0.0286,-0.0706,-0.7378,-0.2156
0.3885,0.0047,-0.2125,-0.3666
-0.4294,-0.8604,0.0654,-0.0751
-0.0244,-0.0768,-0.4613,-0.3124
0.5725,0.3868,-0.5164,0.0424
0.0530,0.4039,-0.0967,0.3813
0.0086,0.7442,-0.1759,-0.2006
-0.3889,-0.2998,-0.8754,-0.0204
-0.0525,-0.2059,-0.2195,-0.5513
-0.2281,0.0920,0.0480,-0.0724
-0.3355,-0.2784,-0.1077,0.2670
-0.1026,-0.3115,0.1064,-0.1105
-0.0649,-0.2329,-1.5850,-0.3290
0.2824,-0.0655,0.9051,0.7564
0.3439,0.3507,0.1564,0.3947
0.5512,0.6992,-0.8626,-0.0449
0.2641,-0.1773,-0.4226,-0.2492
0.0935,0.5481,0.4826,0.3885
-0.0523,0.6150,0.6006,-0.1538
-0.5379,0.1927,0.0892,-0.0329
0.2054,0.4395,0.5214,0.2031
0.1083,-0.1032,-0.2435,-0.2078
0.1347,-0.3707,0.6863,-0.1135
-0.0069,-0.5187,-0.6219,-0.4549
0.0050,0.6208,0.4986,0.1157
-0.7707,-0.5085,-0.5110,0.0179
0.3267,-0.5766,0.1011,-0.2190
-0.5136,-0.1664,-0.4657,-0.2243
-0.1385,0.2270,-0.4216,-0.4094
0.6729,0.3674,0.2009,-0.4424
0.0051,0.5147,0.0315,-0.3223
0.6277,0.3005,1.1746,0.1183
-0.3546,-0.1609,0.0793,0.2014
-0.1377,-0.1450,0.0631,-0.2506
-0.7972,0.3412,0.1308,-0.1887
0.6550,-0.2416,-0.5101,-0.3910
-0.5265,0.2434,1.0779,0.1594
0.4611,0.2364,0.5214,0.2010
0.3493,0.8589,0.1015,-0.0830
0.0220,-0.8054,0.0546,-0.2425
-0.0667,-0.4148,-0.9513,-0.1570
-0.1050,-0.2033,0.9840,0.6071
-0.1764,-0.3032,0.4656,0.4037
-0.0042,0.6173,-0.8889,-0.1887
0.3492,-0.0024,-0.4898,-0.4197
0.2964,-0.4033,-1.8088,0.1247
0.4989,0.3418,0.3441,-0.2069
0.2011,-0.0275,-0.7379,-0.4045
-0.0889,-0.2066,0.5823,0.3167
0.3461,-0.3697,-0.1604,-0.4459
-0.0619,-0.3002,-0.6738,-0.7247
0.5618,-0.7872,0.0856,0.0711
-0.7959,0.8387,0.3797,0.7116
0.4107,-0.0013,-0.5027,-0.1601
0.0965,-0.4873,-1.1333,-0.2150
0.2483,0.5335,-0.4714,-0.1997
0.4515,0.3771,-0.9264,-0.2520
-0.2403,-0.7516,-0.7777,0.0198
0.2227,-0.6174,0.5460,0.3823
-0.2739,-0.2929,0.1457,0.4207
0.4902,0.0686,-0.0366,-0.4163
-0.4115,-0.0720,-0.3510,0.0489
-0.1240,0.0054,0.0278,-0.1662
-0.6424,0.1589,-0.8842,-0.3344
-0.8087,-0.5679,0.2820,0.5865
-0.0761,-0.1118,-0.0677,0.2730
-0.0350,-0.1456,0.1782,-0.0989
-0.1695,0.0644,-0.6436,0.0225
0.0480,0.0048,-0.4769,-0.2149
0.1017,0.1758,-0.6019,0.0027
-0.1475,-0.6637,-1.2710,-0.1150
-0.2070,-0.0480,-0.5142,-0.1558
0.0425,0.3573,0.2280,-0.2981
-0.2537,-0.5439,0.0638,-0.2340
0.7521,0.5325,0.6017,0.0131
0.7756,0.3343,0.3391,-0.1624
0.3679,0.6088,0.3933,0.0725
0.4846,0.1577,-0.8064,-0.3427
0.3062,0.3754,0.1303,0.1025
-0.0024,0.5854,0.2253,0.1064
0.2421,0.1996,-0.0507,0.4218
0.4156,-0.1515,-0.5411,0.1505
-0.0141,0.2525,0.0909,0.4273
0.4565,0.3439,-1.2842,0.0359
-0.1636,-0.1349,0.1985,-0.1003
0.1482,0.3983,0.7003,-0.1059
0.3339,0.5880,0.3407,0.0946
0.2979,0.3699,0.3275,0.3833
0.6433,0.6526,-0.3609,-0.0962
0.5202,0.3269,0.1074,0.0451
0.3151,0.0373,-0.0517,0.1357
-0.0107,0.2729,-0.2866,0.1044
-0.3340,0.0814,0.1857,0.1251
0.5663,0.2082,0.5153,0.7345
-0.1114,0.0760,-0.2304,-0.3639
0.1254,0.0515,-0.5407,-0.3287
0.0124,0.3514,-0.5790,-0.5206
-0.2928,0.4451,-0.7974,0.0900
-0.3722,-0.7393,0.7699,0.3351
-0.8295,-0.1770,-0.5799,-0.2831
-0.7040,-0.3894,-0.2931,-0.2203
0.0058,-0.4878,-0.5064,-0.3969
0.1275,0.0430,0.4747,0.2174
0.6986,0.3405,0.3427,-0.2056
0.0746,0.2485,0.0859,-0.4245
0.0614,0.4537,0.8743,0.3161
0.6616,0.0404,0.5560,0.0611
0.4140,0.5408,-1.1992,-0.1933
-0.4452,-0.3238,0.1387,-0.2596
-0.2829,-0.2132,-0.0766,-0.0139
0.8224,0.9925,-0.0016,0.1536
0.3456,0.5604,-0.8459,0.0402
-0.8481,-0.2305,-0.8610,0.0117
0.0561,0.0422,1.1303,0.6676
0.4198,0.6722,-0.0521,-0.1996
0.3860,-0.0230,1.4843,0.1000
0.3199,0.0130,-0.1715,-0.3262
-0.0691,0.5690,0.5698,0.6096
-0.1624,-0.9488,0.6259,0.3032
-0.0160,0.4829,0.5886,0.4934
0.2067,0.3582,0.1266,0.3277
0.4962,0.0960,0.3960,0.0874
0.2471,0.7530,0.3841,-0.1223
0.3467,0.9485,0.9812,0.3766
0.4662,0.2310,0.2189,0.2998
0.1314,-0.2752,-0.0493,-0.1160
0.5773,0.4496,-0.4313,-0.5451
0.1774,0.7250,0.5336,0.8429
0.2030,-0.2190,0.6573,-0.1278
0.3072,0.3162,1.0196,0.5825
0.6186,0.4830,0.8304,0.1607
-0.2191,-0.5965,-1.0924,0.4987
0.3061,0.2508,0.3946,-0.1836
-0.2978,0.7787,0.8646,0.3562
-0.4148,-0.2327,-0.5288,-0.0974
-0.3722,-0.2659,-0.0664,0.2685
0.0899,0.1569,1.2736,0.1905
0.3332,0.2943,1.2753,0.2277
-0.3797,-0.2815,-0.5990,-0.4074
-0.0983,0.2242,0.6648,0.2775
-0.0116,-0.3215,1.6394,0.2801
-0.5543,-0.3121,0.3212,0.4142
-0.6628,0.0365,0.5359,0.3605
0.0904,-0.3094,0.5279,-0.1004
-0.3729,-0.4954,1.2888,0.4222
-0.2923,-0.3942,-0.2419,-0.0078
-0.6078,0.2152,1.2190,0.4946
-0.1071,-0.0936,-0.5779,0.6253
-0.8291,-0.7121,0.5364,0.2065
-0.3189,-0.3552,0.3298,-0.1815
-0.4267,0.0213,-0.9430,-0.2121
0.1743,0.9299,0.6734,0.4607
-0.2013,-0.4646,-0.4307,0.0747
0.1918,0.0796,0.0818,-0.3755
-0.0529,0.5356,-0.5269,0.1931
-0.0630,-0.1490,-0.1369,-0.2339
0.5892,0.3388,-1.0228,-0.2591
-0.1903,-0.0156,0.4908,-0.0141
0.0849,0.7514,1.0410,0.2522
-0.2894,0.2375,-0.1772,-0.3069
-0.6954,-0.0397,-1.5301,-0.0662
0.0152,-0.0613,-0.0698,-0.0313
0.2109,-0.2386,-1.0162,-0.0697
-0.1120,0.5992,0.6841,0.5671
-0.2609,-0.1811,0.4564,0.6183
-0.4960,0.0216,0.5075,0.1331
0.1977,-0.4101,-0.1054,-0.1493
-0.2224,-0.2667,-0.3961,-0.4371
0.4031,0.2726,0.7230,-0.0440
-0.1693,-0.2358,-0.5694,-0.1780
0.2786,0.3038,0.4078,-0.3605
0.1360,0.2962,0.6743,0.2330
-0.8446,-0.4978,0.7917,-0.4362
-1.1534,-0.1073,-0.8401,0.0020
0.4863,0.8552,1.1062,0.3548
-0.3139,-0.6471,0.0331,0.3259
-1.4651,-0.4358,-0.5311,0.0142
-0.4750,-0.6381,-1.6832,-0.4004
0.5014,-0.4107,0.1704,-0.0775
-0.1253,-0.3058,-0.0603,-0.1549
0.7305,0.2411,1.0088,-0.0160
-0.1274,-0.2982,0.5810,-0.0259
-0.8301,0.1343,-0.3387,0.1860
0.0277,-0.2162,0.5674,-0.0720
0.2954,0.1530,0.8717,-0.0407
-0.1941,0.1292,-0.7158,-0.2501
-0.4747,-0.1359,-0.9544,-0.0800
0.2775,0.3510,1.4583,0.5506
0.0862,0.2381,-0.4419,-0.4762
-0.7338,-0.5847,-0.1169,-0.1865
0.3750,0.2763,0.1895,0.2079
0.0884,0.4968,0.7196,0.1865
0.1262,0.0064,-0.1479,-0.2225
0.2569,0.2166,0.0167,0.0744
-0.0915,-0.0025,0.2850,-0.7087
-0.1219,-0.0042,0.6534,0.1282
0.2449,0.6191,-0.5663,-0.0451
0.2188,0.7157,0.1839,-0.0960
0.3829,0.1649,0.2572,0.3199
-0.2469,0.0882,0.6494,0.1422
-0.2201,-0.2836,-0.4011,-0.3072
0.4331,-0.0510,0.7655,-0.4050
-0.3203,-0.0111,-0.1778,-0.0322
-0.1292,0.3583,0.9514,0.0870
-0.1574,-0.0589,-0.1539,-0.2284
-0.3000,-0.4426,0.1186,0.4126
0.1993,-0.1288,0.9335,0.0505
0.3090,0.0357,0.4716,-0.5049
-0.1386,0.0718,-0.1812,-0.3893
0.0252,0.2262,-0.5927,-0.3529
-0.1742,0.0679,-0.0222,-0.2236
0.3565,0.6978,0.3073,0.2407
-0.0091,0.2526,1.3915,1.0115
0.1023,0.0602,0.3931,0.4307
0.6929,0.2693,0.2042,0.0927
-0.5635,-0.0793,0.1545,0.0814
-0.1024,0.0053,-0.3066,-0.2534
0.4093,0.5536,-0.2213,-0.1684
0.3829,0.2112,-0.1670,-0.3591
-0.6870,-0.6547,0.2330,0.0482
-0.2784,0.2428,0.4252,0.0988
0.1806,0.1224,0.8552,-0.0557
-1.3167,-0.9639,-0.6024,-0.4126
1.2435,0.1757,0.7728,0.1721
0.5563,-0.1473,-0.9707,0.4680
0.9742,0.4743,1.1482,0.1561
-0.3796,-0.3378,-0.9857,-0.4484
-0.5984,-0.4432,0.1116,-0.2210
-0.1832,-0.1197,-1.4371,-0.1082
-0.4455,-0.2956,0.1472,0.0636
-0.2805,0.0248,-0.5281,-0.3398
0.1843,-0.0904,-0.4094,0.0669
0.0716,0.3820,0.2547,0.3093
1.0671,0.5785,0.1499,0.1444
-0.1029,-0.1444,0.1375,0.1405
0.4935,0.3927,0.9296,0.3477
0.5463,1.1981,-0.1044,0.7719
0.4632,-0.1759,-0.4835,0.1251
-0.0627,0.0846,0.7328,0.4063
-0.7778,-0.4073,-0.9872,-0.3234
-0.1963,-0.3816,-0.1509,-0.1147
-0.3480,0.3810,0.3310,-0.1432
0.5290,-0.3616,-0.0799,0.3959
-0.2776,-0.5694,-0.9701,0.0432
-0.2254,-0.4864,-0.2773,-0.1604
-0.2328,0.6057,1.3710,0.5170
0.1756,-0.1971,0.0055,-0.4717
-0.3252,0.5056,0.3990,0.0514
0.3486,0.8611,0.7970,0.2961
-0.6883,-0.7821,-0.1441,-0.0566
-0.0039,1.5740,-0.5623,-0.0021
0.2655,0.0884,-0.7123,-0.1597
-0.2403,0.0711,-0.8681,-0.1984
-0.0456,0.8327,0.6691,0.0999
0.1422,0.4446,1.3264,0.7956
0.1861,0.2819,0.0956,-0.2393
0.4844,0.7189,0.3009,0.2589
-0.5389,-0.3514,0.1428,-0.0309
0.0564,-0.0692,0.2554,-0.0199
-0.6146,-0.1044,-0.7409,-0.1752
0.3845,-0.0555,-0.2416,0.0421
0.2552,-0.0960,-0.3484,0.1204
0.0149,-0.2759,-1.1410,0.0871
-0.1548,-0.1744,0.1965,-0.2207
0.0340,0.3840,0.8773,0.2009
0.0664,0.5067,0.4224,0.2521
-0.0814,-0.1779,-0.0454,0.0463
0.5092,0.0240,0.6724,-0.0910
0.6745,0.3677,0.7523,0.3627
0.1437,0.0984,-0.8062,-0.3041
0.0195,-0.4275,-1.8495,-0.2854
0.3185,0.2026,-0.2369,0.2000
0.4209,0.2632,-0.7054,-0.1212
0.4009,0.7227,1.3621,0.1445
0.4147,0.2593,0.5259,-0.0174
0.0786,-0.0967,1.3514,-0.0665
0.5991,0.3712,0.6259,0.1434
-0.2055,-0.2080,-0.1304,-0.2572
-0.3901,-0.5986,-0.1173,-0.0564
0.3863,0.3268,0.2201,0.2165
0.4801,0.2363,0.2591,0.0037
-0.2338,-0.0468,-0.0677,-0.1748
-0.2665,-0.5343,0.0855,0.2070
0.1072,0.6746,1.4664,0.2550
0.2086,0.4217,-0.1412,-0.1438
0.2522,0.8400,0.9209,0.7811
0.1695,0.1199,0.4946,0.2560
0.4750,0.6423,0.7765,0.4043
0.2221,-0.2277,0.2042,0.1801
0.3616,0.5550,0.3660,-0.0245
0.4813,0.3016,0.3751,-0.0887
0.6856,0.5846,0.7781,0.3545
0.6358,0.3609,0.6558,0.0249
0.7419,0.6245,1.5919,0.0375
-0.1940,-0.1122,-0.7369,-0.1238
-0.2821,-0.5360,-0.0835,-0.0844
0.2623,0.5488,0.3959,-0.0001
0.0651,0.1104,0.0196,0.0643
0.1754,0.0086,0.2993,-0.2072
0.3483,0.3118,0.5696,-0.0389
0.0022,-0.0205,0.6886,-0.0342
0.1249,0.2195,0.5814,-0.1140
0.3578,0.2932,1.2899,0.2113
-0.1992,-0.0924,-0.5367,-0.1025
-0.0734,-0.3122,0.2878,0.1077
0.3814,0.4782,0.0739,-0.0425
0.4751,0.6970,0.5809,0.3513
-0.3405,0.1940,-0.2008,-0.0454
0.0726,-0.0303,0.1355,0.0240
-0.1965,0.0824,-0.8763,-0.1574
-0.3395,-0.1590,-0.0026,0.0180
-0.4838,-0.9276,-0.9870,-0.2796
-0.8811,-0.6110,0.1407,0.0626
0.0907,-0.0992,0.1928,0.1179
0.0621,0.3284,0.3836,-0.1123
0.3563,0.9629,0.6908,0.5368
0.5140,0.9288,0.3253,0.6636
0.4190,-0.1463,-0.0396,0.0592
0.1325,0.2407,0.3821,0.2606
0.4592,0.7196,0.3991,0.7150
-0.0167,0.5309,0.5703,0.0906
-0.6180,-0.4210,-1.3435,-0.3246
-0.4584,-0.0637,0.2573,-0.0582
0.7587,0.2835,0.2304,0.1660
0.1359,0.2787,0.7632,-0.0581
-0.1416,-0.0628,-0.4863,-0.3462
-0.4606,-0.6113,-0.6427,-0.0698
0.3482,0.3247,0.3894,0.1758
-0.5547,-0.1869,-0.0085,-0.3074
0.6489,0.3757,0.9291,0.4518
-0.1955,-0.3615,-0.3476,-0.3387
0.1765,0.4329,0.3953,0.1796
0.2762,-0.0468,0.4168,-0.1154
0.1850,0.3628,0.7575,0.2817
-0.3108,0.6703,0.2126,0.1945
0.2013,0.3730,-0.0186,-0.1942
-0.5628,-0.3873,-0.0486,-0.1482
-0.1630,-0.1570,0.6506,0.4649
0.7831,0.9337,1.3602,0.7061
0.0895,0.4007,1.0137,0.1031
0.3633,0.5190,0.9364,0.3317
0.6248,0.8183,1.7191,1.3117
-0.0481,-0.0034,-0.1831,-0.0775
0.0833,0.8654,0.9041,0.3382
0.0626,0.3635,-0.3073,-0.3092
0.7062,0.8554,0.5451,0.4142
0.3509,0.3587,0.2304,0.2960
0.3744,0.5730,0.0101,-0.0548
-0.5211,-0.3099,0.0518,-0.3082
0.3925,0.3226,1.1637,0.3861
-0.0201,0.4398,0.7360,-0.0895
-0.1056,0.2838,0.5925,0.2526
0.4208,0.5906,0.8040,0.3788
-0.4208,-0.2542,-0.9053,-0.1331
-0.5821,-0.4255,-0.2365,-0.0628
-0.0001,-0.0074,0.1295,0.0604
-0.0795,-0.2169,0.2673,-0.0307
0.0309,-0.0470,1.3791,-0.3399
0.3179,1.0727,0.0949,0.1314
0.6778,0.5115,0.8577,1.2140
-0.7721,-0.5693,-0.1017,0.3393
-0.7130,-0.6044,0.1391,0.2926
-0.4702,-0.4714,0.3006,0.4347
-0.9012,-0.5955,-0.5375,0.1359
-0.7593,-0.2340,0.2687,0.1906
-0.6784,-0.5467,-0.0304,-0.1380
-1.0219,-0.8809,-0.1040,-0.0709
-1.0163,-0.9208,-0.2406,0.5974
-0.9452,-0.5077,0.2640,0.4544
-0.6444,-0.0753,-0.1423,0.1715
-0.9788,-0.8084,-1.1314,-0.2650
0.2895,0.6096,0.3774,0.2212
-0.0597,0.1950,0.4582,-0.0754
-0.0622,-0.2018,0.2694,0.2442
-1.0269,-0.7918,-0.2870,-0.0614
-0.2492,-0.1222,0.3603,-0.1062
-0.8259,-1.1541,-0.5542,-0.2390
-0.6903,-0.4962,-0.8697,-0.2653
-0.0146,0.4222,0.7267,0.7133
0.1579,0.4808,0.4718,0.7304
-0.2072,-0.1321,-0.4027,-0.2658
-0.2644,-0.3880,-0.2981,-0.3320
-0.1427,0.1209,0.7373,0.1014
0.3828,0.4927,0.5117,0.0807
0.4090,0.0105,0.3913,0.1600
0.2078,-0.0900,0.4026,0.0075
0.2177,0.1425,0.6964,0.3881
0.1574,0.2138,0.2422,0.4297
0.0896,0.1829,1.0341,0.9243
-0.2881,-0.1130,-0.8707,-0.2465
-0.0572,-0.2376,-0.9093,-0.0705
-0.2481,-0.1665,-0.2031,0.0200
-0.9354,-0.7756,-0.2837,-0.1484
-0.6656,-0.2336,-0.9069,-0.2316
-0.0306,0.1814,0.0993,0.0713
-0.3369,0.0954,0.1968,-0.2103
0.4147,0.1289,0.9240,-0.0120
-0.0373,-0.2353,0.2837,0.0738
-0.1126,0.2198,-0.3367,-0.0634
-0.2028,-0.0722,-0.0329,-0.0464
0.1362,-0.0700,0.6029,0.0165
0.3571,-0.9564,0.1116,0.0484
0.2518,1.0387,0.6354,0.6019
-0.0823,0.1856,0.2479,0.0681
-0.0012,-0.3583,0.6360,0.2956
-0.2461,-0.3136,-0.5919,-0.1966
0.2761,0.4137,0.2745,0.0779
0.5279,0.9011,1.6495,0.7484
0.2634,0.5421,0.0584,-0.0024
0.6574,0.7784,1.2064,0.3454
0.1851,0.2969,-0.2631,0.2231
0.9875,0.3783,0.5652,0.4799
-0.2228,-0.0101,0.1293,-0.3102
0.4894,0.2973,-1.6508,0.2282
0.4146,-0.2071,-0.2954,0.0851
0.7773,0.2746,1.4720,0.5040
-0.6364,0.2524,0.1853,0.2187
0.5126,-0.0994,0.2908,0.1313
0.3886,-0.1136,0.5122,0.3001
1.0235,0.1338,0.1747,0.3923
0.0479,0.0766,0.5439,-0.1101
0.7997,0.1750,-1.2541,-0.3600
0.5907,-0.2410,0.1802,-0.2943
0.6842,-0.0037,0.7009,0.3247
1.0093,0.5795,0.8458,0.6498
0.4160,0.0094,-0.9495,-0.3815
0.0686,-0.1856,-0.3638,-0.3383
0.4578,0.4676,0.9533,0.3962
0.1761,-0.0340,-0.3344,-0.4087
0.4320,0.3505,-0.2277,-0.1294
0.1741,0.1980,-0.8994,0.3152
0.2685,1.0571,0.2185,0.0420
0.0384,-0.5453,-0.5409,-0.2517
0.2851,0.0159,0.0922,-0.5418
0.2288,0.3838,1.0731,-0.1538
0.3530,0.2767,-0.7443,-0.1622
-0.1492,0.2999,0.3556,0.4717
-0.0318,-0.1545,-0.6016,-0.2798
-0.0739,0.2740,0.6083,-0.1364
0.1268,0.8503,-0.5317,-0.3977
-0.1764,-0.1948,-0.2372,-0.2958
-0.4731,0.2782,0.3970,0.2672
0.5697,0.4389,1.0459,0.6553
-0.3748,-0.6248,-0.4179,-0.1708
0.5738,0.4154,0.2285,-0.1166
-0.1685,0.2051,0.6899,0.6328
0.2029,-0.3918,0.1851,0.2393
0.6853,0.4812,0.5615,0.4985
0.1521,0.2674,0.3964,0.2403
0.2362,0.3176,0.3883,0.1934
0.1865,0.4009,0.6598,0.2949
-0.7119,-0.3140,-0.6889,-0.4852
-0.1393,-0.0821,-0.1197,0.2204
-0.5068,-0.2237,0.3593,0.2326
0.2877,0.3856,-1.1328,0.2897
-0.0884,0.5153,-0.1750,0.5123
0.3649,0.5533,0.4093,-0.1845
-0.3674,0.3600,0.6165,0.0697
-0.1503,-0.0235,0.0362,-0.0847
-0.3686,-0.0055,1.0847,0.3882
-0.5740,0.1079,-0.1586,-0.0451
-0.1759,0.1585,0.8064,0.3167
0.0005,-0.4097,0.3746,0.4842
-0.0442,-1.0358,0.9879,0.0514
-0.2906,0.1749,1.0214,0.4816
0.7145,0.0156,-0.4867,-0.1113
0.4344,0.5734,0.1702,-0.0582
-0.0042,0.5769,0.1415,0.3321
-0.4327,0.1600,-0.1072,-0.1440
-0.4764,-0.3832,-0.2857,0.5217
-0.2403,0.2132,-0.3293,-0.0567
-0.2801,-0.1974,-0.1943,-0.0091
-0.4093,-0.4366,0.0217,-0.2671
-0.7251,-0.0056,-0.0407,-0.2722
0.0461,-0.3906,-0.0727,-0.1028
0.3849,0.3661,0.7583,0.3244
0.5927,0.2804,0.2911,0.0472
0.3973,-0.3201,0.1131,0.2816
-0.2815,-0.7231,-0.7693,-0.3746
0.6006,0.2575,0.2444,0.5079
0.0519,0.3227,0.0778,-0.0400
0.3132,0.4602,-0.7036,-0.1328
-0.0733,0.1865,-0.3032,-0.2424
-0.1051,-1.3906,0.8260,0.2625
0.5090,0.2595,0.6283,0.2352
0.6028,1.1518,0.8643,0.1864
-0.3829,-0.6564,-0.6307,-0.0312
-0.0496,-0.2497,-0.1331,0.2399
-0.0328,-0.1272,-0.3373,-0.1819
0.4125,0.0962,-0.2980,-0.3001
-0.2528,-0.3966,0.8307,-0.0450
0.3957,0.2509,0.0030,0.0106
-0.4773,-0.1630,-1.1055,-0.5732
0.3128,0.5957,-0.8100,-0.2879
0.0518,0.0116,-1.2300,-0.5163
-0.1602,-0.1212,-0.2408,-0.5612
-0.0619,-0.3847,-0.7581,-0.3738
0.2463,0.7280,-0.1510,-0.3770
0.0109,-0.6429,-0.3954,-0.2319
0.2249,-0.3886,0.2417,-0.4518
-0.5443,-0.4236,-0.5537,-0.2213
-0.0520,-0.1427,-0.0287,-0.2289
-0.0315,-0.0196,0.9696,0.0640
-0.1024,0.2993,0.0827,-0.2726
0.5049,-0.2598,0.7499,0.2482
0.0401,0.1310,-0.5228,-0.1554
-0.2936,-0.1633,0.7054,0.0789
-0.6083,-0.4116,0.0802,-0.1421
-0.5641,-0.0813,0.5447,-0.1861
-0.1477,-0.4432,0.5711,-0.0667
-0.2210,0.4474,-0.4263,-0.5170
0.0695,-0.3500,0.2069,-0.0334
-0.4050,-0.2727,-0.2214,-0.0535
-0.1579,0.2354,-0.0585,0.4282
-0.2688,0.2551,-0.1290,-0.1117
0.0902,-0.4426,-0.4181,0.6132
0.9282,0.9220,-0.3696,0.1566
0.0276,0.4214,-0.2898,-0.1073
-0.2837,-0.5724,-0.1418,-0.4579
-0.7430,-0.0299,-0.7767,-0.2337
0.6072,0.2554,-0.1260,0.3005
-1.2121,-0.4177,-0.7454,-0.5000
-0.5892,-0.2552,0.7719,-0.3255
-0.5004,-0.1748,0.3467,-0.1076
0.0879,-0.0013,0.9923,0.1716
-0.4926,0.2138,-0.1456,-0.2862
0.0283,-0.2255,-0.5653,-0.4520
0.1258,0.2557,0.4314,-0.3626
-0.3935,-0.0673,-0.5704,-0.2787
-0.5449,-0.1427,-0.4646,-0.3836
-0.0754,-0.0269,0.0660,0.3079
-0.3886,-0.7643,-0.9999,-0.2699
-0.1003,-0.2566,-0.4194,-0.3109
-0.1941,-0.3174,0.0780,-0.4102
-0.3254,0.5163,-0.4306,-0.1943
0.2219,-0.2934,-1.8982,-0.4749
-0.1361,0.5666,0.5192,0.4824
-0.1757,0.2842,0.5448,0.3495
-0.0971,-0.1651,0.3189,-0.0890
0.6310,0.6334,-0.7622,-0.2420
-0.1301,0.2999,-0.4840,-0.0605
-0.4574,-1.3137,-0.8951,-0.5349
0.3310,0.2775,-0.8301,-0.4944
-0.3098,-0.3883,-0.4402,-0.1980
-0.4685,-1.1367,-0.7873,-0.3526
-0.5278,-0.5015,-1.1266,-0.4967
-0.4326,-0.1769,-1.7067,-0.4319
0.4400,-0.2734,-0.9445,-0.4748
0.4629,0.6894,0.6956,0.2110
0.0645,0.3192,-0.4222,0.0213
-0.1728,-0.2111,-0.5014,-0.2177
-0.4090,-0.7914,-0.1471,0.1662
0.0137,-0.1988,0.9597,0.5228
-0.5893,-0.3220,-0.5712,-0.3142
-0.2035,0.4168,0.2353,-0.1155
0.3070,-1.1321,-0.4221,-0.0944
-0.1859,-0.0179,-0.5158,-0.3561
0.3141,0.6279,-0.0955,0.6958
-0.9606,0.2368,-0.7607,0.2432
0.0319,0.1024,0.3584,0.3671
-0.3823,0.2396,0.5950,0.8549
0.0973,0.3343,1.3040,0.4647
0.1136,-0.0792,0.0511,0.2693
0.3989,-0.5199,-0.1782,-0.0080
-0.0364,-0.6115,-0.6768,-0.3020
0.3955,0.5679,0.3117,0.6887
0.1843,0.5372,-0.1828,0.1230
-0.0309,-0.0196,0.0027,0.0869
-0.0750,-0.3752,0.6623,-0.2292
-0.2152,0.0893,-0.3010,-0.4964
0.0482,-0.0063,0.5754,0.1999
-0.5493,-0.4091,-0.6199,-0.1112
-0.5176,0.0036,0.7861,-0.1526
-0.2000,-0.2289,-0.3111,-0.2899
0.0599,-0.2141,-0.2095,0.2773
-0.4558,-0.4803,-0.1050,0.1621
-0.1892,-0.0026,0.3400,-0.1836
-0.3894,0.5376,0.5576,0.3863
-0.4282,-0.4888,-0.7529,0.0190
0.4465,0.2029,1.6798,1.3052
0.8990,0.5546,1.4124,0.4897
-0.4458,-0.1178,-0.4114,0.0007
0.2257,-0.2335,-0.2059,0.1954
-0.4763,0.1264,1.3139,0.6196
