100
-0.188964 1.955715
1.089627 3.131476
-0.537079 -0.288606
1.276921 -4.242000
2.174331 -0.407808
3.711381 -3.511762
0.337907 2.480082
5.457443 -6.168714
0.051568 7.166667
3.513788 1.448513
3.134824 -6.769711
1.932449 -5.055707
1.962314 0.427112
-0.357287 1.655039
0.739571 -3.601014
-0.162848 1.163626
3.292343 -5.399862
-130.907368 -20.501117
-2.918836 0.843720
2.081663 3.230237
4.708370 1.453212
-0.580367 -1.874653
1.997691 -3.232393
4.439853 -4.403105
-0.709661 1.798295
2.431012 1.434509
1.136778 1.185098
3.602562 -0.880353
1.902254 9.592184
5.393886 -2.586553
-3.850437 -5.258664
1.365525 1.391700
-1.759059 1.823650
0.789200 4.206803
4.255922 -4.965385
2.573358 -2.961928
1.204563 1.768874
3.511996 4.313052
0.380420 3.240539
1.331025 2.101962
3.622052 -4.638704
1.220870 3.864027
-0.835229 4.337592
-0.822305 -3.336313
2.401286 3.129822
5.532037 2.424309
4.334074 2.193190
-0.686360 -21.071626
0.459090 -10.970519
0.183822 0.934731
-0.433788 2.490463
1.711977 -6.125803
0.791075 2.288931
4.897254 -2.578976
1.125528 -1.974457
-0.846718 0.192276
-0.566184 8.286057
5.072250 0.280648
1.969400 5.307331
4.882507 4.143193
3.058623 -0.794590
1.167014 -4.167734
0.910728 3.613248
0.466480 -17.623622
6.632542 -0.278239
6.711275 -0.297834
0.413289 2.223917
2.542510 -5.720585
0.168443 1.289550
-0.610384 2.120631
1.772832 1.383556
3.634149 -0.883699
3.188026 -0.673106
3.087163 0.969256
2.050511 2.901617
0.791261 -3.735109
-0.106239 3.760096
-0.702750 -0.470049
1.014627 5.225615
2.152931 1.074817
-1.048328 2.383207
2.488405 2.609451
-2.674400 3.834178
3.771697 -7.026131
1.993804 -3.227521
-0.561618 2.665301
0.013693 2.823825
-1.130877 1.091813
4.569386 -2.886900
0.746701 7.575959
2.589944 2.626795
2.354610 7.601180
1.815916 -1.498047
1.520074 -3.606845
4.375312 -2.139546
2.461006 -0.344990
-32.714952 30.981076
1.194998 2.922990
2.407700 -2.329350
3.662615 1.146918
