100
31.470460 22.155508
43.022406 -35.967033
-61.298592 87.772847
56.679715 -58.944081
-14.428808 20.680215
-68.430557 99.271992
50.048060 -49.058219
-85.017022 -14.018813
76.684683 -39.863073
-76.033580 66.987814
-79.241717 -24.127143
-61.873028 17.193991
-45.040477 40.662867
79.679332 -64.875603
-85.199078 41.780339
86.812007 -49.568910
-103.841355 19.899599
109.380455 -74.285647
19.389671 37.272884
82.214025 -24.271508
-83.836778 78.208698
-88.334936 89.061638
-36.231487 1.517644
-106.289063 44.617829
32.930997 -75.077945
40.071766 9.165313
123.088116 -45.655806
-45.057520 68.547254
111.212548 -41.125862
-104.984205 65.420997
-83.590063 100.853394
97.395464 -38.575934
104.222711 -87.171710
21.625477 -21.329184
-91.367978 16.301328
-90.889536 65.302960
58.987352 -77.625819
46.121616 -82.855366
62.986280 -45.225581
65.733054 -67.838309
-74.118846 -14.510148
45.794187 -70.370274
6.999396 -7.530391
-72.230332 39.956015
56.259794 16.288300
-20.247946 -7.655894
59.646159 3.941809
61.705019 -12.721891
67.809783 10.765712
17.562984 28.024645
8.294180 -34.379301
-44.715390 10.916285
73.527768 -9.315924
-79.512612 53.674901
-63.391168 54.002068
5.452940 26.517752
116.377483 -56.499062
-37.388838 29.750640
-9.916962 -12.183139
69.874357 -22.433043
-47.534940 81.137579
-96.634608 77.980056
105.547235 -63.231740
118.898564 -83.029784
-53.261401 -12.084573
-76.542906 9.276174
57.107703 -31.903888
-109.769824 30.470685
20.852656 -2.147264
5.606311 -49.014508
-3.297548 4.647017
-49.654367 26.608603
-77.347271 25.134609
13.044499 9.788990
122.510567 -68.888225
-59.580817 2.380633
46.794771 -16.715807
-74.649082 86.041996
27.075808 -40.615951
-15.947066 35.445875
102.149829 -51.816436
25.561402 10.430473
17.268434 -58.043618
-92.658385 27.572087
-60.901804 38.088870
34.951303 -9.827322
83.223099 -82.337348
34.247679 -56.268217
-62.945074 72.400732
95.317065 -75.675521
36.110980 -23.666327
93.192781 -62.334677
-38.002578 52.525868
-93.609691 50.098301
-100.059428 93.293650
0.938080 40.255666
-109.852136 79.926531
69.113697 -55.469956
-44.243272 -18.669001
-19.572642 6.783143
