100
0.923506 -0.258931
2.819517 2.823097
-4.068489 -6.092460
4.094006 3.280117
-0.326050 -1.630167
-4.142847 -6.353426
3.605203 3.424031
-4.680050 -0.045126
3.557059 4.524244
-6.036307 -4.874365
-4.665127 0.085832
-3.390152 -2.308701
-2.437919 -3.055784
4.204347 4.769385
-5.864135 -3.307187
4.704870 4.980776
-4.424653 -3.532247
5.544521 6.131581
-0.156178 1.288136
3.861474 2.176653
-5.064921 -6.159290
-5.357406 -5.794577
-4.062816 -1.219581
-5.244645 -3.639650
5.717164 3.223332
1.452576 -0.425270
6.409734 4.841719
-2.918905 -5.171495
6.281842 4.938469
-5.739624 -5.277111
-4.938059 -6.514503
5.930406 4.510291
5.776123 6.278356
1.434453 2.258948
-4.174402 -3.411522
-4.940304 -4.989085
4.865447 3.471302
5.247884 2.774539
3.826894 3.851702
4.284911 3.822177
-4.709384 0.005510
5.180689 2.979729
0.183841 0.147347
-5.629651 -2.529117
2.760848 0.025426
-1.293102 -0.589316
3.032484 0.274761
3.504199 1.433109
3.039086 0.227815
-0.155024 1.340201
0.903291 3.145464
-4.078615 -1.519285
3.380913 1.522211
-5.395192 -4.123338
-6.220084 -3.824540
-0.438756 0.908136
6.362272 5.371109
-2.445408 -2.571009
-0.998376 -0.299750
3.928217 1.880234
-3.129683 -5.587325
-5.075196 -5.529469
5.413599 5.604440
6.098492 6.043905
-3.298231 -0.760519
-4.384087 -2.615055
2.642497 3.437762
-4.649598 -3.680261
1.012670 0.795103
4.231391 0.592684
0.536050 -0.727667
-2.689613 -2.537213
-3.232144 -3.844617
0.880129 0.540040
6.124614 5.960115
-2.655471 -1.783165
2.497774 1.769536
-4.713454 -6.038571
1.924261 3.489360
-0.930183 -1.575960
5.359863 5.526957
1.292911 0.365956
4.763392 1.600230
-4.081792 -3.554208
-5.376019 -2.140605
1.750510 1.756845
5.481433 4.594630
1.940872 4.086699
-4.171054 -5.344604
5.624971 5.190625
1.988251 2.018438
4.888541 5.699224
-2.111516 -3.708449
-5.744923 -3.597297
-5.381813 -6.104652
-0.733549 0.707251
-5.896494 -5.741932
4.337998 3.415130
-3.040563 -0.440059
-0.316034 -1.082210
