-0.1264,0.1548,0.4642,0.3301
-0.2493,0.2400,-1.0638,-0.8160
-0.1492,0.1071,-1.3760,-1.1899
0.2293,-0.4161,-0.6951,-0.2911
0.1356,-0.0618,-0.0508,-0.0943
0.6305,1.2703,-0.9669,0.3107
0.0269,-0.0806,0.3662,-0.6359
0.0814,-0.0367,-0.2243,-0.7067
-0.3457,-0.3789,0.6529,-0.1331
-0.1904,-0.4187,0.3676,0.1750
-0.2357,-0.2857,0.8424,0.8388
0.0093,0.0383,-0.0644,-0.1482
0.3768,0.3721,-1.3402,-1.1183
0.1462,0.1211,0.1878,-0.0031
0.1784,0.9138,-1.6890,-1.0614
-0.1582,0.2393,-0.0947,1.4296
-0.3196,-0.5836,-0.6232,2.1811
0.1520,0.0428,-0.5786,-1.1067
-0.0773,0.1060,-0.8150,0.4277
0.2549,0.7008,0.2631,-0.5307
0.0142,0.4297,0.0313,-0.3487
0.0106,0.1598,-0.7869,0.4481
0.0034,0.1856,-0.5374,-0.4372
-0.0333,0.1018,-0.6300,-1.4658
-0.0089,-0.2874,0.3442,-0.1477
0.4381,0.6972,-0.7822,-0.6414
0.5887,-0.1507,-0.6685,-0.5963
0.1126,0.2399,0.1360,0.4207
0.1257,-0.0051,0.6675,-0.1412
-0.0814,-0.1553,0.3399,-0.6036
0.1042,0.2449,0.1498,-0.9599
-0.2487,-0.0180,-0.3806,-0.8088
0.0262,0.0436,0.4134,-0.0834
-0.3856,0.0257,-0.3548,1.4636
-0.4379,-0.3186,-0.1452,1.2128
0.1791,0.2358,0.2428,-0.3143
-0.0844,0.4080,-0.2670,-0.1943
-0.1402,-0.5160,0.4182,0.0132
0.5752,0.8550,0.0822,-0.3128
0.3884,0.5135,-0.2539,-0.5215
-0.1207,-0.0880,0.8822,3.1114
-0.0820,-0.0559,-0.0650,0.1513
0.0358,0.2714,-0.7671,-0.6655
-0.0212,0.2528,0.1597,-0.5003
-0.0384,0.1057,-0.4384,0.1611
0.0884,0.1384,0.7007,-0.1436
0.2073,-0.3975,0.4287,0.1777
0.2539,0.8148,0.3070,-0.6313
-0.5260,-0.5513,0.3786,0.2190
-0.0730,-0.4420,-0.5824,-0.9092
0.2324,0.3351,-0.3214,-0.7218
-0.5206,-0.0957,0.0779,-0.1658
0.0713,0.2125,-0.1716,-0.5228
-0.5306,-0.0965,-0.6532,-0.6059
0.6127,-0.4654,1.1467,0.1707
0.0033,-0.1991,-0.2948,-0.7052
-0.7986,-0.3456,-0.0452,-1.3132
-0.2180,0.1915,0.0230,-0.1479
-0.1010,-0.1944,0.3352,0.3262
-0.0007,-0.1672,0.0964,-0.0691
0.0690,0.2375,-0.3339,-0.3650
0.1106,0.9305,-0.5027,0.2072
-0.1052,-0.1996,-0.3045,-0.0063
0.4376,-0.6974,0.2493,1.2487
-0.0909,0.1505,0.3831,-0.2612
-0.1864,-0.1538,-0.5139,-0.0424
0.1717,0.1664,-0.7827,-0.1585
0.0588,0.1196,-0.1997,-0.0164
0.3181,-0.2574,0.4906,-0.1902
-0.4281,-0.0006,-0.5425,-0.2519
-0.3617,-0.3690,0.3010,-1.1120
-0.2903,0.4549,-0.7089,-0.3233
0.0203,0.1491,-0.2628,-0.3105
-0.0258,0.5715,-0.6026,-0.0605
0.1142,0.1312,0.1924,-0.3029
-0.3137,0.3366,-0.1378,-1.3130
-0.2703,-0.1960,0.3262,-0.4737
-0.1785,-0.2035,-0.1278,-0.2675
0.7906,1.0068,0.0170,-0.7792
-0.2376,-0.1819,-0.0934,-0.1757
0.0769,-0.2023,0.7290,0.5748
0.2124,0.0356,1.0177,-0.3121
-0.4659,-0.1772,0.0367,-0.0470
-0.1160,-0.3886,-0.1673,-0.1005
1.2783,1.2358,-0.8718,-0.2362
-0.1480,-0.2557,0.1905,0.2155
0.0377,-0.2536,-0.1361,-0.2214
0.0242,-0.4356,0.2221,-0.2333
0.0615,-0.1968,0.0092,-0.5410
-0.0213,-0.2640,0.0773,0.0959
-0.1264,-0.1944,0.3221,-0.2786
-0.1916,-0.1240,-0.4072,0.1169
-0.4001,-0.3523,0.5091,-0.1339
-0.1224,-0.2414,0.0824,-0.5981
-0.6318,-0.6736,-0.1365,-0.2789
0.1725,-0.2531,0.6969,-0.0622
-0.0340,-0.1489,-0.2019,0.1968
0.0061,-0.0941,-0.1831,0.0931
0.1261,0.2181,0.3186,1.0131
-0.0536,-0.0311,0.8060,0.0819
0.5996,0.4362,-0.7805,0.3682
0.1968,-0.2428,0.1859,1.4206
-0.0693,-0.4862,0.5776,-0.3906
0.0711,0.2596,1.1933,-0.3999
-0.0708,-0.0535,0.4651,-0.3520
-0.0209,-0.1898,0.1442,0.1134
-0.2248,-0.5395,0.7630,-0.0242
-1.4124,-0.8829,0.6956,-0.6721
0.0012,-0.0666,0.2000,-0.3781
-0.3154,-0.1030,0.7125,0.0987
-0.3945,0.1430,-0.2456,-0.5329
0.3625,0.1484,0.0720,-0.1090
0.4771,-0.9186,-0.5805,0.8002
0.5064,0.2941,-0.8625,2.6830
0.6346,-0.5135,0.9717,1.5236
0.3773,-0.0295,0.0673,-0.4311
0.0874,0.2394,-1.2203,1.9375
0.3560,-0.0044,-0.6620,0.6390
0.4562,0.3685,-0.2352,-0.6650
0.0966,0.2643,0.1963,0.2042
0.4971,-0.2704,0.6832,-0.6781
0.6356,0.1352,-0.2745,-0.6057
0.4827,0.9003,-0.1678,1.9167
-0.2712,-0.0155,-0.3873,-0.0898
0.5247,0.3747,-0.9188,2.2809
-0.1005,-0.1884,0.2341,-0.5451
0.0797,0.0899,0.3033,1.3140
-0.1095,-0.4311,0.5374,-0.1937
0.2869,0.3674,-0.0373,-1.4136
0.5956,0.2339,-0.1304,-1.1121
0.0010,-0.0059,0.1837,-0.7654
-0.3960,-0.2304,0.1602,0.2915
-0.1060,-0.2277,-0.0686,-0.9345
0.1398,0.0354,-0.7101,-0.9608
-0.8622,-0.3564,0.4392,-0.5667
0.1468,0.0895,0.1224,-0.4117
-0.7710,-0.1903,1.0649,3.3582
-0.3318,-0.2097,0.4816,1.0174
0.0226,0.3529,0.3746,-0.4512
0.0308,0.0889,0.2392,-0.0822
-0.8050,-0.3513,0.0038,-0.6647
-0.1067,-0.5258,-0.9039,-0.1173
-0.6166,-0.1559,0.7754,0.7122
-0.1640,-0.1317,0.2159,2.1693
0.6071,0.4131,-0.5814,-0.7958
0.1691,0.3344,-0.2039,-1.0628
0.1016,0.3875,0.2197,0.0144
-0.0416,0.2116,-0.0895,-0.9479
0.0267,-0.2043,-0.5664,-1.0504
0.2477,-0.2228,-0.4894,-0.4342
-0.0639,-0.3052,0.3508,0.7100
-0.1025,-0.5074,0.4734,-0.1968
0.0305,-0.1852,-0.6043,-0.2705
0.0414,-0.0497,-0.1737,-0.6226
-0.2167,0.2044,-0.6908,0.0332
-0.4457,0.0124,0.9286,1.8145
-0.2031,0.2244,0.7018,-1.1333
0.0767,0.3180,0.3252,-0.9066
0.0706,-0.4117,-0.7323,-0.5983
-0.3723,0.2385,-1.0159,-1.1110
-0.2988,-1.1511,0.0648,-0.9700
-0.7209,-0.4607,0.2870,0.7378
0.1175,0.1002,0.7667,3.0090
0.2826,-0.0697,-0.1123,-0.4296
0.2902,-0.2048,0.0494,1.6771
-0.0767,0.0152,0.6529,0.6428
-0.3130,-0.7905,-0.6903,-1.1334
-0.1357,0.4052,-0.1926,-0.6670
-0.1898,0.1063,0.3539,-0.9020
-0.2370,-0.0376,-0.8039,-1.4257
0.0591,0.0445,-0.9029,-0.5609
0.0368,0.0839,-0.0222,-1.0209
0.3397,0.5795,-0.7291,-1.6035
0.1126,0.1863,-0.2568,-0.7515
0.3305,-0.0242,0.0808,-0.5026
-0.0298,-0.5087,-0.9740,-0.7890
-0.0990,-0.1814,-0.2120,-0.7984
-0.2786,-0.1539,-1.2170,-0.9336
-0.2241,-0.6205,0.0244,-0.1052
-0.3678,0.3625,-0.4703,0.0099
0.0307,0.2129,0.8975,0.0873
0.1014,-0.2851,0.6775,0.4629
0.0234,-0.5451,0.7151,0.1091
0.0515,0.3023,-0.7782,-0.0911
0.0806,0.5937,-1.3494,-0.8126
0.6082,0.0652,-0.5271,-1.1108
-0.2471,0.0148,-0.3567,-0.6596
-0.0158,-0.2829,0.9806,0.8911
0.2265,0.1671,0.3238,-0.5010
0.1751,0.1599,0.4262,1.1663
-0.3559,-0.4506,1.6570,0.0584
0.3242,-0.6627,0.8845,1.5105
0.4727,-0.3805,0.0287,-0.6458
0.3519,0.0922,0.0292,-0.4094
0.0971,-0.4491,0.4223,-0.4202
-0.1382,-0.3192,0.0977,-0.5617
0.0861,0.5199,-1.2179,1.5011
0.3424,-0.2253,-1.0471,0.7343
0.0910,0.3344,-0.8561,-1.2100
-0.3560,-0.1403,-1.3102,-1.1618
0.1471,-0.0663,-0.7086,-1.2069
0.1211,-0.3830,-0.5081,-0.5002
-0.0074,0.1383,-0.0310,-0.0668
-0.4954,0.3029,-0.7912,0.0485
0.0450,0.0427,-0.4511,-0.5944
0.1674,-0.0603,-0.2777,0.4689
-0.3476,-0.0959,0.9139,1.8000
-0.0472,-0.2257,0.4278,1.7847
-0.8071,-0.1322,-0.1675,0.1358
-0.0839,-0.1749,-0.7276,-1.4536
-0.6148,-0.8925,-0.3134,0.1489
-0.0343,-0.1401,0.7359,-0.0763
-0.1755,-0.1586,0.2145,0.7398
-0.2105,0.3247,0.0538,-0.4389
-0.2594,-0.5857,1.1012,-0.1676
-0.0732,-0.1456,0.4953,1.3305
-0.1186,0.2817,-0.4129,-1.1233
0.1179,-0.5470,0.2874,-0.0928
-0.1540,0.1729,-1.3384,0.4116
0.0022,0.0174,0.1246,-0.7394
0.2023,0.5202,-0.1689,0.3587
0.0471,0.0330,0.6224,2.1919
0.1207,-0.2047,0.7156,0.0529
0.1744,-0.2215,0.4755,-0.0180
-0.1728,-0.4932,1.5047,2.1504
0.4103,0.3083,-0.9645,-1.0660
0.2090,0.3080,-0.4911,-0.4098
-0.3216,-0.0408,-0.2535,-0.1035
0.2458,-0.0337,0.0347,-0.0430
-0.0311,0.3877,-0.5605,0.5389
0.1020,0.1378,-0.2104,-0.9001
0.3347,0.2490,0.3427,0.8488
0.0662,0.3524,-0.8859,-0.5316
0.0597,0.5173,-0.2936,-0.6444
0.0754,0.3000,0.0747,0.8759
0.3394,0.3855,-0.1440,-0.6830
0.0447,0.4039,-0.8124,-0.0474
-0.0575,-0.3321,0.0937,0.1280
-0.0493,0.1020,0.4709,-0.1021
0.1992,0.4458,-0.2647,2.2813
0.1384,-0.2919,-0.4304,-0.4889
0.1603,-0.1704,-0.2698,-0.5087
-0.0760,0.0949,-0.5857,-0.5489
0.6785,-0.0157,0.0411,-0.4427
-0.0523,0.1950,0.1449,0.4918
0.0040,0.0226,0.2198,1.0034
0.4443,0.3796,-0.1277,-0.2092
0.2834,-0.1646,1.2500,0.1556
-0.1516,-0.1038,0.2404,-0.5991
0.1760,-0.1096,0.4727,1.3925
0.1126,0.5080,0.4849,-0.5116
0.1605,0.9074,-0.7119,-0.1454
0.2355,-0.2633,0.9417,-0.2902
-0.0703,-0.3577,-1.5185,-0.5877
0.1977,0.4007,-0.5801,-0.2871
-0.2351,0.0827,-0.8572,-0.0150
0.0976,-0.3513,-0.3629,1.3247
0.0370,0.7951,-1.4117,-0.0241
0.4403,0.3365,0.9714,1.5542
0.1124,0.0829,0.8114,0.1669
-0.0307,-0.0627,0.0002,-0.6909
0.6756,0.3832,-0.4971,-0.5729
0.2560,0.1250,1.4414,-0.0656
0.5139,-0.0677,0.9852,-0.0335
-0.0247,0.0909,0.1384,-0.3223
0.1122,0.2820,0.5446,-1.3760
0.4930,-0.2556,0.9431,0.7937
-0.1282,0.1873,-0.3987,-0.0829
0.0541,-0.1763,0.2649,-1.7418
0.2104,0.5359,1.4709,0.0810
-0.2822,-0.1353,-0.2307,-0.8660
0.0783,0.1648,0.4833,-0.1337
0.3984,0.2337,0.5270,-0.0026
0.0265,0.0700,0.0133,-0.3403
-0.6106,0.1498,-0.6519,-0.7228
-0.0344,-0.1498,0.7895,0.5763
-0.0218,0.1667,-0.4842,-0.1259
0.1897,0.1953,0.6315,-0.5907
-0.2956,0.0443,-0.1381,-0.6958
0.4143,0.5895,-0.3421,-0.7662
-0.0474,-0.1540,1.0848,1.8713
0.5070,0.7163,0.1260,-1.1419
0.2624,-0.0041,0.0374,-0.6049
0.7301,0.3377,0.2425,0.4041
-0.2785,0.1616,0.5401,-0.1999
-0.0167,-0.0343,-0.4266,1.1546
0.2451,-0.1546,0.0174,0.0613
0.1796,-0.1310,-0.5689,0.1809
-0.3390,-0.4190,0.8122,0.1971
0.0702,-0.4507,0.2270,-0.0576
-0.9676,-0.7442,0.2627,-0.6945
-0.0371,0.3712,0.0090,0.2611
-0.2377,-0.3652,1.5107,0.4550
0.0592,-0.4954,0.5683,-0.2071
0.3244,0.0854,1.1627,1.8310
0.3126,0.1724,0.3728,-0.4867
0.4711,0.7174,-0.3115,1.4642
0.4873,-0.1697,1.1674,0.6453
-0.2458,0.3430,-0.0876,0.9829
-0.2804,0.4566,-0.0591,-0.8418
-0.1899,0.1637,-0.1533,-0.1442
-0.1923,-0.4192,-0.7654,-0.6872
0.4570,0.5289,-0.2344,-0.7324
0.1528,0.5118,-1.6076,0.8018
-0.3565,0.2722,-1.2417,0.8480
0.4581,0.3417,1.3161,2.2325
-0.5325,-0.2182,-0.4431,-0.8987
-0.3114,-0.2142,-1.2642,0.8005
-0.0631,-0.7077,0.8305,1.5350
0.0392,0.2642,0.1629,0.1687
-0.9860,-0.0644,-1.6020,0.7158
0.1886,-0.0506,0.6000,0.0938
-0.9434,0.3586,-0.5432,-0.4356
-0.8950,-0.7995,-0.2822,-0.5238
0.1702,0.3785,0.6076,0.1516
0.3821,0.4093,0.1519,0.3304
-0.5162,0.3981,0.2144,2.9815
0.2047,-0.2108,0.6240,1.1827
0.1804,0.1580,0.1344,-0.0746
0.1203,0.2574,0.1140,1.1206
0.1778,0.5728,0.1154,-0.2380
-0.6680,-0.9517,0.6821,-1.1652
0.1586,-0.3607,-0.7510,-0.0218
-0.1043,0.2853,-0.7238,0.8097
-0.6611,-0.1803,-0.3459,-0.5954
0.3934,0.0705,0.0435,-1.1211
0.3311,0.5852,-0.7248,0.3949
0.2486,0.2243,-0.3542,0.8943
-0.3403,0.2088,-0.9133,-0.0804
-0.7844,-0.8429,0.9495,0.0059
0.1860,0.0904,0.3018,0.7840
0.3707,0.4068,-0.0349,0.0614
-0.0644,-0.0787,-0.1837,-0.2851
1.0385,0.0376,0.6374,2.2464
0.3169,-0.3975,0.0709,-0.0029
0.0694,-0.4329,0.1007,0.0284
-0.2596,0.4843,-0.6766,-0.1793
-0.2896,-0.5554,-0.4752,-0.0963
0.1752,0.0823,-0.2921,-0.8941
0.2070,0.7613,-0.2438,-0.4134
0.2648,0.1744,0.1784,-0.0210
0.1519,0.3580,0.3971,-1.1895
0.1730,-0.3672,-0.4261,0.2257
0.1315,0.3915,-0.0778,-0.3429
0.2272,0.1578,0.1200,-0.4741
-0.0242,0.2559,-0.3565,-0.8976
0.0791,-0.3179,0.2101,-0.4512
0.0117,0.2435,-0.2120,-0.3941
-0.0958,-0.3873,0.2656,2.6196
1.1549,0.2429,-1.0446,1.2450
0.0611,-0.2266,-0.9437,-1.4133
-0.7367,-0.5627,-0.4112,-0.3837
-0.0653,0.4268,-1.1931,-0.3831
0.2325,0.2710,0.1626,-0.3223
0.1331,-0.0797,0.1960,-0.2552
-0.4906,-0.5892,0.5358,-0.6725
0.0278,0.3273,-1.3944,-0.4727
0.0951,0.2084,-0.8407,0.0098
-0.2422,-0.5273,-1.0257,-1.6950
-0.5292,-0.3783,-0.1831,-0.5285
-0.9406,0.3558,0.2263,1.0150
0.1970,0.0789,-0.3128,0.3939
-0.8203,-0.1061,0.8210,0.1277
-0.2041,-0.4394,1.5301,0.6871
0.3866,0.3458,0.3906,-0.4219
-0.1029,-0.1139,-0.0680,-0.3741
-1.2771,-0.7023,0.2108,-0.1706
-0.0009,0.3564,0.9707,0.9831
0.3296,0.1049,1.1196,0.8363
0.3938,0.7394,0.4831,-0.0728
0.0993,-0.3155,-0.2364,-0.5860
0.1196,0.5585,0.3435,-0.9363
-0.4185,-1.0899,-1.1526,-1.4840
0.0596,0.0639,0.3727,0.2390
-0.0027,0.1145,-0.4639,0.6005
-0.8079,-0.6808,-1.3757,1.8255
-0.3082,0.4287,-0.1884,0.5336
0.2405,0.0618,0.3256,-0.5186
0.2929,0.1130,-0.0784,-0.4248
0.2056,-0.2056,0.1613,-0.2679
0.5906,0.7784,0.0565,-0.7475
-0.1540,0.1654,0.1705,-0.8487
-0.0098,0.4156,-0.2752,-0.8472
-0.0714,0.3191,-0.8680,1.0962
0.1415,0.0077,-0.2672,-0.8632
-0.3625,-0.6411,1.7708,1.0163
0.1075,0.0676,0.2078,-0.5046
0.6031,0.0420,-0.0597,0.5948
0.2503,0.6032,1.7816,1.4962
-0.2631,-0.1798,1.5643,0.6210
0.0493,0.3424,0.3442,0.4397
-0.1863,-0.1623,0.1882,1.5228
-0.3907,-0.9652,0.3988,-0.1576
-0.0623,-0.2602,0.4329,-0.5431
-0.1966,-0.5426,0.8824,0.3367
-0.1890,-0.0339,0.8285,0.2841
-0.2100,-0.3123,0.6041,1.2487
-1.2867,-0.8509,1.4224,2.0566
0.9129,0.0409,-1.3239,-1.6511
-0.2638,-0.6784,-0.4074,0.1200
0.1084,0.1743,0.3785,0.3025
-0.1836,0.0321,0.2976,0.1105
0.2541,0.1408,-0.8098,0.0336
-0.1999,0.7761,-0.4554,-0.7375
0.3460,-0.0909,-0.4425,-0.3704
0.3619,-0.3924,-0.9157,-0.4888
-0.7699,-0.0172,-0.2413,0.7210
-0.1844,0.5428,-0.7797,0.8449
0.2095,0.3774,-0.4298,-0.3620
-0.5008,-0.3952,-1.0559,0.2830
0.0146,0.0814,0.3495,1.9870
0.0255,0.1854,0.5401,-0.7591
0.0890,-0.0629,0.6424,-0.4943
0.1898,0.2612,-0.9154,-0.7657
0.4228,0.2290,-0.7101,-0.0901
-0.1543,0.2921,-0.3796,1.0735
-0.2630,-0.0793,-1.0131,0.5381
0.1417,0.2143,-1.4054,-0.5574
-0.3550,-0.1934,-0.1522,-0.6420
0.0722,-0.1548,-0.1060,-0.0539
-0.5300,-0.4482,0.3377,-0.5198
0.1828,0.2961,-0.3146,-1.0684
-0.2593,-0.3666,-0.0445,0.4491
0.0349,0.7151,0.2756,-0.2974
-0.2022,-0.3106,1.1118,-0.5850
-0.2590,0.0872,-0.9570,-0.0376
0.1350,0.0127,0.6235,-0.4426
-0.3457,-0.1366,-0.0730,-0.2904
0.4907,1.1763,-0.6916,-0.3331
0.5060,0.2924,-0.6923,-0.5214
0.1291,-0.2561,0.1186,-0.5261
-0.6593,-0.3340,0.3607,-0.4627
-0.1637,-0.2125,1.3240,1.4379
0.2001,-0.5718,-0.6540,-0.6515
0.0782,0.1513,-0.6134,-0.4570
0.0530,-0.1190,0.3682,-0.3770
-0.8897,-1.2052,0.5681,-0.6537
0.2682,0.6204,0.1681,1.3155
-0.0254,0.0570,-0.6978,-0.9879
-0.0162,-0.1534,0.1732,0.6623
0.2717,0.4465,0.2673,0.3216
-0.6182,-0.5371,-1.5980,-1.3664
0.2354,0.4663,-0.6731,1.2071
0.0246,-0.0235,0.7701,0.6048
0.2840,-0.0878,0.1029,-0.1959
0.1276,0.0915,0.1576,-0.2327
-0.2567,0.0764,-0.7742,1.9216
0.1033,0.2212,-0.2276,-1.1462
-0.3378,-0.4251,0.5091,-0.0056
0.3627,0.3259,-0.0803,-1.2787
-0.3714,-0.3837,0.5819,-0.2095
-0.8313,-0.3779,0.2675,-0.5522
0.1794,0.1000,-0.0638,1.9746
0.5597,0.6553,0.7279,-0.2014
-0.7978,-0.3408,-0.0919,-0.1948
0.1376,-0.1754,0.1021,-0.2597
0.1990,0.0043,-0.5587,-0.7238
0.4210,0.5690,-0.5041,0.3286
-0.3498,-0.6413,0.1388,-0.0643
-0.0886,0.2381,-0.6865,-0.2854
-0.7920,0.1459,-0.9965,-0.0347
-0.2680,-0.6392,0.5177,-0.4958
0.5166,0.3327,1.0694,-0.0383
-0.1046,0.5393,-0.7064,-0.7920
0.0360,0.3075,-0.5485,-0.9033
-0.1476,0.1145,-0.7809,-1.1082
0.0340,0.2181,-0.4754,0.4548
-0.4533,0.4792,0.0996,-0.1387
-0.1886,0.1444,0.2493,0.6265
0.3518,0.4911,0.0693,0.1339
-0.4078,-0.5495,-0.2416,-0.6087
-0.0716,0.2433,-0.2804,-0.5002
-0.1071,-0.0093,0.5240,0.3001
0.2383,-0.4713,0.0556,0.0697
-0.3428,0.0975,0.3725,-0.8241
0.2813,0.0299,-0.1043,-0.1001
-0.0552,-0.3509,0.8597,-0.1989
-0.3185,-0.3392,0.2190,-0.7023
-0.0783,0.0215,1.0781,0.0652
-0.1564,-0.1664,0.3726,-0.2840
-0.4586,-0.4355,-0.0549,-0.6674
-0.4382,-0.0293,-0.6210,-0.2476
0.0365,0.0298,-0.3078,-0.1786
0.3878,0.4207,-0.2223,-0.7883
0.0511,0.1699,0.0459,0.1470
0.3534,0.0795,0.2933,0.5103
-0.0802,-0.2656,-0.3555,0.0264
0.3418,-0.1440,0.1346,0.1111
0.3463,0.4770,-0.3610,-0.7014
0.1075,-0.6300,0.2522,-0.5903
-0.0141,-0.0460,-0.2666,-0.4968
0.2543,0.8360,-0.2831,-0.2121
0.3190,-0.1092,0.4824,-0.3870
0.4513,0.4283,-0.7496,-0.9594
0.0369,0.1936,1.1650,-0.0539
0.0346,0.6342,-1.0046,3.0153
-0.0481,0.0847,-0.5114,-0.9376
0.3462,0.2850,0.3928,-0.2608
0.3630,0.4315,-0.7962,0.3399
0.4875,-0.2541,0.2736,-0.1763
0.6078,0.5243,0.3260,-0.5384
0.3240,0.7194,-1.0214,-1.0997
-0.0718,-0.2450,0.1540,-0.0289
0.3376,0.5783,-1.3878,0.0040
-0.2971,-0.5617,-1.2237,-0.9102
-0.1365,-0.5997,0.0628,-0.6140
-0.7066,-0.6462,0.2336,-0.5729
-0.0967,-0.6045,0.4117,0.1259
0.3013,0.1843,-0.0535,-0.5095
-0.1834,-0.0955,0.2176,-0.2603
0.2566,-0.1496,-0.8529,-0.0208
-0.2195,-0.1967,0.7915,0.6528
-0.6413,-0.6648,0.1888,-0.5428
0.1202,-0.5125,-0.2553,0.2071
-0.6808,-0.3804,0.2821,-0.7161
0.0672,0.6148,-0.7172,-1.3710
-0.3414,-0.4010,-0.0265,-0.5342
-0.4082,0.0048,-0.6264,-0.4065
-0.4381,-0.7044,-0.5018,0.5366
0.2839,0.2711,0.0796,-0.3127
0.1610,-0.3811,-0.0401,-0.4311
-0.0542,-0.1769,-0.6335,-0.1891
0.0103,-0.1881,0.7701,2.0926
-0.6146,-0.4407,-0.4075,-0.2400
0.1298,0.2533,-0.4875,-0.2969
0.1421,0.2982,-0.0645,-0.3133
0.0011,-0.5935,0.2029,0.4745
-0.1009,-0.0508,-0.0588,-0.6611
0.0921,-0.1067,0.3686,-0.2188
-0.1977,-0.3892,1.8251,1.3095
-0.3867,-0.4378,0.7015,-0.1174
-0.6701,-0.3289,0.3629,-0.5702
0.2855,-0.1419,-0.0360,-0.3172
-0.0591,0.2011,0.1383,0.7041
0.1143,-0.3623,0.2988,0.6525
0.2150,0.2248,-0.7109,-0.2279
0.2231,0.0165,-0.4149,-0.4879
0.3155,0.2678,0.7618,-0.4526
-0.2049,0.1167,-0.6607,-0.2031
0.4496,0.1823,0.1478,-0.6007
0.0439,-0.7797,0.1286,0.0785
0.3739,1.0638,-0.3004,2.2158
0.1177,0.0409,-0.1953,-0.6029
-0.1752,0.2801,-1.2260,-0.6034
0.2114,0.5044,0.4544,-0.3109
0.2484,0.1979,0.5937,0.0072
0.0856,0.1386,-0.4065,0.3515
0.2599,0.2418,-0.8212,0.2300
-1.2162,-0.6354,-0.0037,-0.4593
-0.1131,-0.1720,-0.0515,0.3393
-0.0421,0.1183,-0.6742,-1.1138
0.4200,-0.1627,-2.1037,-1.4267
-0.5574,-0.2305,-0.5240,-0.6655
-0.1948,-0.5190,-0.9205,-0.9880
-0.2358,-0.7093,-1.1618,-0.7024
0.1668,0.2607,0.0745,-0.3467
0.5482,0.8062,0.1489,0.0898
0.2980,0.7546,0.4815,-0.5552
0.3250,0.3970,-0.7579,-0.1832
0.0764,0.1151,0.1933,0.4023
0.1094,-0.0575,0.8228,-0.2753
0.1467,0.2684,0.0386,-0.3796
-0.1308,0.8020,-0.5277,-1.0657
0.3805,0.5338,-0.5124,-0.5811
-0.2193,0.3375,0.1157,-0.6084
0.2414,0.6261,0.1986,-0.4165
-0.3399,0.1024,0.3408,-0.3045
-0.2141,0.7332,0.1965,0.7907
0.2922,0.1007,0.2650,-0.1740
-0.2974,0.2665,-1.1400,-1.2601
0.3161,0.7063,-0.3427,-1.4624
-0.2065,-0.2642,0.6797,2.2596
0.3465,0.7373,0.0184,-0.0151
0.3716,0.0203,0.0810,-0.3162
0.0029,-0.5203,-0.3554,0.1475
-0.1049,0.1930,0.0542,-0.3283
-0.1190,0.0203,-0.7434,-0.2840
0.2612,0.2301,-0.1958,-0.2389
0.1025,-0.0727,0.0485,-0.3138
-0.0040,0.1567,-0.9675,0.2438
0.0795,0.2353,-0.0629,0.0798
0.1392,0.5364,-1.0577,0.1003
0.1745,0.1702,0.5453,-0.2736
-0.3974,-0.1331,0.1597,0.6515
0.0741,0.2955,0.6367,0.7030
-0.1837,0.0176,-0.7483,-1.2712
-0.8979,-0.3024,-0.6002,-0.7211
-0.9000,-0.4736,-1.0746,0.0350
0.3405,0.1887,0.1734,0.1122
-0.3575,0.5724,-1.4100,0.0241
0.0703,0.3780,0.1887,0.1262
-0.0300,-0.2485,0.8491,0.6421
0.1587,0.8267,0.4040,0.2635
-0.6359,-0.4896,-0.0039,0.4518
0.2327,-0.1969,-0.3137,-0.6432
-0.5094,0.2462,-0.0973,-0.0959
0.1004,-0.0818,0.0414,-0.5224
-0.4339,0.0714,-0.1007,-0.3913
-0.0933,-0.4429,0.8173,-0.0175
0.8653,-0.0305,-0.5426,-0.1828
0.0117,-0.0609,0.6855,-0.4281
0.2028,0.0644,-0.9057,-0.9072
-0.2840,0.1782,-1.3107,-0.5492
-0.2439,-0.0491,-0.1068,-0.5379
-0.2759,-0.4344,0.0582,0.3176
-0.0488,-0.3262,0.9231,0.5654
-0.6057,-0.5138,0.3439,3.1377
0.1250,-0.1312,0.0229,0.3948
0.1937,-0.5899,0.3221,-0.2029
0.0476,-0.0847,1.2970,0.2833
-0.2392,0.0932,-0.2080,0.5698
-0.0179,-0.2537,1.4162,0.8996
0.1021,0.2083,-0.1843,-0.8369
-0.1513,-0.0216,-0.6027,-0.8371
0.1192,-0.1843,-0.6279,-0.1658
-0.1123,-0.2881,0.3649,-0.2881
0.7872,-0.2115,-0.7831,-0.2059
0.0572,0.1675,0.5133,-0.3463
-0.0678,-0.0436,0.3967,-0.4066
-0.1088,0.1188,-0.1071,-1.0808
0.0040,0.0918,-0.2614,2.5323
-0.7535,-0.2493,-0.6991,-0.1187
0.3133,-0.2999,-0.1683,-0.6759
0.4180,0.1882,0.9799,1.3502
-0.0278,-0.4001,0.0961,-0.8130
-0.1590,0.0165,0.8128,0.1191
0.1768,-0.2435,0.7777,1.4161
0.1186,-0.4586,-0.0951,-0.6404
0.0662,-0.4022,-0.0453,0.2280
-0.1301,-0.0822,0.1999,-0.2856
0.5511,0.4922,0.0243,-0.5247
0.1010,0.0107,-0.1893,-0.7377
-0.6351,0.7893,0.6737,2.3482
-0.4953,-0.2598,0.9053,1.6315
-0.0817,-0.3437,0.2167,-0.2868
0.4878,-0.1661,0.2554,-0.6149
0.4286,0.0257,0.1729,0.4391
0.3680,-0.2083,-0.2872,-0.5526
-0.0122,-0.1117,-0.0696,-0.0363
0.9208,-0.0107,0.8287,1.5030
0.2083,0.8035,0.0189,-0.1109
0.4947,0.1301,-0.5627,-1.4961
0.8705,0.7030,0.7498,1.0300
0.2272,-0.0945,-0.0303,-0.3494
0.0605,-0.0942,0.0922,-0.1916
-0.0206,0.1241,-0.0610,-0.5079
0.5131,-0.0809,0.1590,0.1744
0.0762,0.7467,-0.0367,-0.6841
-0.0337,-0.2003,-0.7884,0.6863
0.2583,-0.2096,0.0901,-0.3351
0.0651,0.0624,0.7394,-0.6034
0.6636,-0.4326,0.2123,0.3066
-0.1147,0.4579,0.2312,0.7991
-0.0251,-0.1625,-0.2164,0.1214
0.4041,0.3915,-0.0916,-0.3242
0.2151,0.1217,-0.2341,-0.1844
-0.1114,0.2698,0.1412,-0.8121
-0.0893,-0.1336,0.3284,1.9057
-0.0854,-0.1062,-1.1586,0.6504
-1.0108,0.3991,-1.0433,0.9577
0.0171,-0.2333,0.4839,-1.0836
-0.0067,0.6491,0.1619,1.4042
-0.0021,-0.2841,0.2181,-0.4707
-0.3113,-0.0364,0.0652,-0.8200
0.0404,-0.1125,0.7049,0.2566
0.2424,0.0366,-0.7121,-0.2270
0.6048,0.1010,0.5790,0.1301
-0.2297,-0.2423,-0.0324,0.0689
0.1833,0.1352,-0.8946,-1.7490
-0.7380,-0.4582,-0.3628,-0.5546
-0.7349,-0.7035,1.0613,1.7409
0.3079,-0.0921,-0.1147,-0.0867
0.3807,0.0364,-0.4322,0.5724
-0.4182,-0.6650,1.0868,-0.2691
0.0271,0.3313,0.1329,-0.7543
0.3827,0.1021,-0.3007,-0.5835
0.1499,-0.2555,-0.3211,-0.6590
-0.0796,-0.0826,0.3756,-0.3849
0.3378,0.1740,-0.4572,1.2694
-0.1660,-0.5387,0.1465,-1.2000
0.1048,-0.2431,0.5020,0.0329
-0.1883,0.5632,0.4551,-0.5853
-0.0905,0.1058,0.5677,0.2911
-0.0871,-0.4028,-0.0942,-0.8929
-0.0660,-0.4125,0.9966,0.2405
-0.2051,-0.0592,0.2727,-0.3078
-0.0075,-0.4583,0.7454,2.0139
-0.1743,-0.1683,-0.3067,-0.2420
0.4392,0.2253,0.5357,-0.7567
0.2188,-0.0703,0.1894,-0.7315
0.0118,-0.4101,-0.7175,-1.0356
-0.1778,-0.7055,0.1747,0.2796
-0.0961,-0.4951,0.7639,0.7827
-0.0134,0.0255,0.2871,-0.7524
0.1038,0.8056,-0.6207,0.1794
0.3519,0.5533,-0.7040,0.0852
0.0253,-0.3884,0.4100,0.0287
-0.0088,-0.0847,0.2167,-0.9423
-0.2326,0.3043,-1.3055,-0.0736
-0.0048,0.0736,-0.7871,0.1621
0.4279,0.7266,-0.1028,-0.0575
-0.0832,0.1542,-1.0250,-0.3556
-0.4655,0.1847,-0.6603,-0.0568
0.5231,0.3462,0.1351,0.4315
-1.1026,-0.0432,-1.2019,-0.9217
-0.1558,0.3550,-1.4533,-0.7025
-0.3766,-1.0471,0.9997,2.1595
-0.2614,0.1961,0.2535,-0.3740
-0.9240,0.4989,-0.7827,0.2224
-0.1324,0.3116,-0.3785,0.7871
-0.0300,0.2129,-0.7412,-0.4441
0.3278,0.3806,-0.3607,-0.7015
-0.0119,-0.1071,-0.1318,-0.0453
0.1405,-0.1066,-0.2670,-0.7917
0.0774,0.1640,-0.1964,-0.7379
-0.0022,0.0343,0.0011,-0.7410
0.1997,0.0787,-0.5829,-1.5121
0.4204,-0.4058,-2.1018,1.0411
-0.6839,-0.1355,0.5730,1.2354
0.0884,-0.1058,-0.7100,-0.1100
-0.1613,0.4591,0.7839,0.6879
-0.1559,-0.0806,-1.4017,1.4052
-0.4648,-0.0603,-0.0845,-0.2964
-0.3692,0.2372,-0.4700,-0.8064
-0.3223,0.3542,-0.3684,-1.0982
-0.0822,-0.0232,-0.0561,0.4064
-0.1802,0.0622,0.1533,-0.2196
0.3334,-0.5313,0.2071,-0.0172
0.2500,0.2419,-0.7720,-1.5997
0.3200,0.5600,-0.1807,0.7264
-0.1704,0.4808,-0.1199,1.6626
-0.0991,-0.3408,0.5428,-0.4050
0.0473,-0.0947,-0.2296,-0.3187
0.0850,0.0963,-0.2705,-1.1650
0.1405,-0.0421,-0.9191,0.7302
-0.1726,0.0439,-0.1664,-0.3187
0.3283,-0.2405,1.3205,-0.4213
0.3223,0.2129,0.1230,-0.5693
0.1134,0.0346,0.7755,0.5144
-0.0821,0.2859,0.0531,-0.9785
-0.1897,0.2403,0.2244,-0.5788
0.6217,0.5462,-0.2432,-0.5678
0.0014,-0.2137,0.4840,0.5512
0.2049,0.2234,0.8459,0.3495
-0.1854,0.1159,-0.3270,0.0562
-0.3540,0.1246,0.0635,-0.4260
-0.4603,-0.2616,-0.1561,0.0158
-0.1316,0.2417,0.5879,-0.6872
0.3180,0.5058,-0.0856,0.0263
-0.0160,0.2144,0.2554,0.1190
0.1373,-0.0092,-0.1265,-0.4774
-0.2165,-0.0092,0.2161,-0.5409
0.1015,0.5150,-1.3712,1.8896
-0.2546,-0.0778,-1.3596,-1.1995
-0.0567,-0.0393,-0.5264,0.2802
-0.1772,0.3397,0.1494,-0.8334
-0.1844,-0.1347,-0.3522,-1.5103
0.4845,0.4022,-0.9911,-0.9588
0.1037,-0.1867,0.0983,-0.2816
-0.0673,-0.1399,-0.0895,-0.7867
-0.3355,-0.4232,-0.1346,0.0948
0.4228,-0.6261,-0.8090,-0.4999
-0.1871,-0.0005,-0.1635,-0.9506
-0.0164,-0.5823,-0.7035,-0.0117
-0.1053,-0.8973,0.1127,-0.7500
0.0156,-1.0443,0.3294,-0.5484
-0.0883,-0.1996,0.0843,-0.1679
0.3020,0.2846,0.2882,-0.6409
-0.2215,0.0023,-0.5928,-0.9032
-0.1817,-0.1312,-0.3225,-0.4545
0.6644,0.8040,-0.7606,0.1703
-0.1450,0.2859,-0.2669,-0.1556
-0.1332,-0.0415,0.2842,-0.3281
0.6286,0.5002,-0.8146,-0.8829
-0.0911,0.0507,-0.3269,0.4065
-0.3029,-0.4593,-0.2521,-0.9971
-0.1374,0.4868,0.2948,-0.6683
0.1941,-0.1077,-1.1295,-0.7744
-0.0213,-0.1409,0.0784,-0.4947
-0.2659,-0.3164,0.3667,-0.4185
-0.0306,-0.2568,0.8438,-0.2571
-0.2909,-0.0574,-0.5309,-0.3102
-0.0149,0.2707,-1.2741,-1.1210
-0.1794,0.0809,-1.8156,-0.7734
0.1862,0.0586,0.9056,0.5591
-0.1991,0.0673,-0.3514,0.1259
-0.0741,0.1954,0.2968,-0.5763
-0.1182,0.3870,-0.6776,-1.1874
-0.0538,0.0253,0.2076,0.1847
0.1490,0.1116,-0.3551,1.6289
-0.2460,-0.0339,-0.2680,-0.5882
-0.0936,0.1591,0.5195,-0.6826
0.0246,0.2246,-0.1720,-1.1599
-0.4589,0.3177,0.3493,1.4883
-0.2916,-0.0644,-1.0200,-0.1792
-0.2123,0.3951,-0.2455,-1.1684
0.1863,-0.0429,-0.4617,-0.5079
0.3056,0.4869,0.0936,-0.0385
0.0936,0.2932,-0.1850,-0.6429
0.1405,0.5331,-0.3782,-1.1280
0.6880,0.5289,-0.4248,-1.3503
-0.0155,0.1184,-1.4160,0.7873
-0.1435,0.1588,-0.5205,-1.5590
0.3102,0.0704,0.3663,-0.1463
-0.2006,-0.2820,0.4939,-0.4006
1.1109,0.1734,-0.6265,-0.9566
-0.1827,-0.2763,-0.7078,0.4060
0.1103,-0.0273,-0.2999,0.6367
-0.3626,0.3149,-0.5246,0.9437
-0.0802,-0.4588,0.1868,0.5190
0.2663,-0.2076,0.7616,0.0111
0.3321,0.5494,0.2851,-0.5945
0.2423,0.2317,-0.0600,-0.9114
-0.0847,0.0059,0.4516,0.0680
0.0842,0.6629,-1.7199,0.8847
-0.1473,0.5568,-1.1946,1.6214
0.0794,0.5539,-0.6527,0.9693
-0.7794,0.4672,-0.2302,0.3508
0.3044,0.4035,-0.0927,-0.2981
0.2587,0.5184,-0.3694,0.0197
0.1473,0.2009,0.5272,-0.7147
-0.7333,-0.2262,-0.9999,0.0990
0.4147,0.0877,0.0819,-0.1702
0.0282,-0.2659,0.5015,1.1853
-0.1480,0.0614,-0.2347,0.0385
0.3778,0.4585,0.7978,0.0730
-0.3064,-0.0014,-0.0135,-1.0114
0.1787,-0.0218,-0.2259,-0.5190
-0.0129,0.1333,0.0656,0.8004
0.3261,-0.0663,0.1781,0.4431
-0.1121,0.0744,0.4241,-0.6886
-0.2578,-0.0873,0.1599,-0.5297
-0.0508,-0.2964,0.3755,-0.4411
-0.0260,0.3827,-0.1983,-0.3681
0.2879,0.8327,0.1452,-0.6929
-0.3473,0.0417,-0.5228,1.3092
0.4188,-0.2902,-0.2845,-0.6645
-0.1486,-0.1859,0.4231,-0.0497
-0.1300,-0.0558,0.0502,-0.2153
-0.1934,-0.1380,-0.1532,-0.2423
0.0695,-0.0314,-0.5976,-0.6488
0.3457,0.0617,0.4602,-0.8326
0.0313,0.3543,-0.5959,-1.2144
0.0477,-0.0330,1.1713,1.9656
-0.1538,-0.2627,-0.4497,-1.0447
0.1834,-0.2248,0.0167,-0.5883
0.0272,-0.1323,0.6570,-0.1948
-0.0568,0.5756,-0.5665,-0.1005
-0.3073,-0.5922,-0.2464,0.5876
0.0262,0.2956,-0.3235,-1.3101
-0.0945,0.3936,-0.5169,-0.9001
-0.5561,-0.8539,-0.3548,-0.1980
0.4769,0.8725,-0.1008,0.1794
-0.4034,0.0484,-0.7080,-0.8958
0.3194,0.5097,-1.3765,-0.7585
0.0446,0.4944,-0.5585,0.5738
0.2144,0.2719,-0.6886,-1.5444
0.1156,0.0928,-0.6081,1.2938
0.1058,0.0210,-0.8454,-1.6491
0.1328,0.5421,-0.4714,1.5389
0.5896,0.3459,-0.0027,-0.4125
0.6405,0.1256,0.4261,0.9154
0.1458,0.2946,0.1188,-1.0426
0.0673,-0.1526,0.0996,0.2497
-0.0361,-0.4876,1.5066,0.5442
-0.2020,-0.0487,-0.6001,0.1442
-0.1651,-0.1261,0.5717,-0.1993
-0.4545,-0.3382,-0.0835,-0.7001
0.3435,-0.2733,0.1360,-1.1262
-0.0444,-0.1191,-0.5532,-0.8798
0.7371,0.6153,0.2773,0.8921
0.1181,0.1040,-0.3687,-0.5747
-0.8375,-0.6210,-0.2586,-0.2803
0.2872,0.3553,-0.2912,-0.5234
0.3388,-0.1564,0.5268,-0.2815
-0.0310,0.1148,0.0041,-0.9188
0.2311,0.8193,0.1487,0.6706
0.2509,0.1537,0.5034,0.8189
0.2424,0.3784,1.1928,0.9570
-0.1122,-0.1223,-0.1327,-0.4152
-0.0792,0.0170,-0.2005,-1.1386
-0.4753,0.1432,-0.5473,1.1284
0.0736,0.1531,-1.1591,-0.2440
-0.4108,-0.0439,-0.8609,0.1789
-0.0133,-0.4714,-0.5751,-0.3220
0.3982,0.6711,0.0077,-0.1012
0.5249,0.3612,0.1084,0.1051
0.2159,0.0599,0.6283,1.1973
-0.1916,0.0371,0.3174,0.5821
0.5312,0.3876,-1.6323,0.1912
0.2769,0.3715,1.0817,0.1454
0.1851,0.1204,0.4868,-0.0568
0.1902,-0.3806,0.9762,-0.1976
-0.0937,-0.3781,0.8195,0.3402
0.0998,-0.1038,1.0082,-0.4908
-0.0046,0.3692,1.3934,2.9665
-1.0076,-0.2299,-0.2043,0.6367
0.2033,-0.1074,-0.6379,0.3924
0.1378,-0.0472,-0.9182,-0.6772
-0.3892,-0.6827,-0.7096,0.7781
-0.1194,-0.3222,-0.1220,-0.9051
0.5231,-0.0763,-0.0916,-0.5818
0.5801,0.3510,-0.6442,-1.1627
-0.1933,-0.8510,0.0112,-0.1446
-0.4107,-0.1301,-0.4588,1.8703
0.1482,-0.6497,0.1044,-0.2476
-0.4189,-0.7047,-0.2365,-0.0765
-0.0801,-0.0538,0.1545,-0.4701
-0.1901,-0.1935,0.2833,-0.3851
0.0708,0.1931,1.0087,-0.2613
0.3360,0.2768,-0.2737,0.7280
0.6741,-0.7770,0.6077,-0.2364
0.4573,-0.0781,0.5041,-0.8062
-0.8351,-1.0062,-0.5230,-0.3415
-0.3788,-0.4994,-0.0890,-0.5484
0.1868,0.5124,0.2486,0.3163
-0.9424,-0.2659,-0.0528,0.4909
0.1903,-0.0939,-0.5413,0.6593
-0.1130,0.0419,0.0297,-1.0532
0.3589,0.6958,-0.0166,0.4979
-0.1815,0.1544,0.1013,-0.6415
-0.6368,-1.2117,0.3741,-0.7818
0.7040,0.3669,-1.1338,2.4067
-0.4599,0.2956,-1.4552,-1.1823
0.1694,0.4815,-0.9159,-1.6935
-0.1937,0.0798,-0.3769,-0.7397
0.1395,1.0403,-0.8444,-0.4012
-0.3873,0.2045,-1.0640,-1.2903
-0.6048,-0.5339,-1.0673,-0.8493
0.6235,-0.4461,-0.1917,-0.9207
-0.3057,-0.2542,-0.0869,-0.7105
-0.1784,-0.6453,0.3617,-0.7471
0.0471,0.0429,-0.2809,-0.2842
0.4717,-0.3737,0.1332,1.3420
0.0423,-0.3558,-1.0558,-1.7371
-0.1731,-0.1023,-0.7729,-0.8351
0.1987,-0.3315,0.4781,-0.1253
0.3705,0.1129,-0.7531,-0.4397
0.0803,0.1036,0.1594,-0.0979
-0.0573,-0.4137,-0.3142,-0.1654
0.3199,-0.2495,0.6666,-0.1641
-0.1252,0.1519,-0.4248,0.4969
-0.5877,-0.4069,-0.3824,-0.9742
-0.0754,-0.0751,-0.1250,-1.3406
0.4282,0.2795,0.7779,0.4768
0.2058,0.4492,0.3063,0.4576
-0.4492,0.0707,-0.1796,-0.8600
-0.0109,0.3440,-0.4653,-0.3571
0.3863,0.6464,0.6931,-0.9445
0.3963,0.5211,1.1054,1.2644
-0.1994,0.1415,-0.7185,-0.6313
-0.2583,-0.0936,0.5294,0.4116
-0.0407,0.3314,0.5532,2.4776
0.1655,0.1251,0.6632,1.5115
0.0742,0.2115,-0.1735,-0.5340
0.8874,-0.0580,-0.1772,1.5780
0.1394,0.1674,0.2508,-0.1619
0.0774,0.0281,-0.3949,1.2011
0.2890,0.1357,0.7173,1.4986
0.1309,-0.3558,1.0608,0.1412
0.3068,0.3144,-1.2988,0.5880
0.4535,-0.0679,0.8546,1.5185
-0.1760,-0.0666,0.1945,2.5379
-0.2822,0.1803,-0.0385,-0.3061
0.0576,-0.0237,1.0932,0.0550
-0.1571,-0.3716,1.0823,0.4183
0.0516,-0.4635,0.0104,-0.8722
1.1521,0.2047,-0.1619,1.1894
-0.5886,-0.5857,-0.2773,0.7091
0.2875,-0.5567,-0.0458,-0.1388
-0.1167,0.2879,0.1607,-0.5836
0.1169,0.0665,0.0762,0.5719
0.0562,-0.3810,-0.3887,-0.2804
0.0220,-0.6690,0.8353,0.5625
0.3397,-0.0098,0.5376,0.7702
0.5858,0.2210,-0.0979,-0.1283
0.0020,-0.1363,0.4690,-0.2615
-0.0761,0.0490,-0.3984,-0.9791
0.2909,-0.1839,-0.2572,-0.6656
-0.0061,0.3176,-0.5180,-1.2125
0.2478,-0.2463,-0.1621,0.8638
-0.3295,-0.1070,0.9257,-0.7525
-0.5370,-0.0629,0.0898,0.1848
-0.3803,0.1608,-0.4166,-0.2686
0.0584,-0.5663,-0.0625,0.1881
0.0005,0.5278,-1.0182,-0.8404
-0.2720,-0.2455,-0.7722,-0.1341
-0.6059,-0.0824,1.0575,1.1582
0.0615,-0.0585,-0.1437,0.9584
-0.4237,-0.3732,1.3688,1.6574
-0.0143,0.1613,-0.5501,-0.9741
-0.4417,-0.8800,1.4358,0.9162
0.1270,0.3079,-1.1717,-0.2804
-0.0581,-0.0650,-0.2799,-0.4330
0.2868,0.6309,0.2730,-0.5135
-0.5522,-0.7697,0.0990,0.1699
-0.3462,0.0445,-0.6502,-1.0101
0.1386,-0.1127,-0.0662,-0.7787
-0.5242,-0.3310,0.5491,1.2656
-0.2283,-0.5300,-0.5966,0.1083
-0.3355,0.0163,0.2059,-0.1677
-0.0453,0.2200,1.2859,1.5384
0.0248,-0.1205,1.3359,1.6589
-0.1418,0.1374,-0.2499,-0.7284
0.2626,-0.2179,0.4076,0.6589
0.1369,0.6568,0.0955,-0.8368
0.0297,-0.0684,1.0689,-0.0810
0.1039,0.1246,-0.2622,-0.3017
-0.3581,-0.0395,-0.0148,-1.7325
0.0822,-0.3774,0.0440,-0.7853
0.1567,0.2214,-0.5417,-0.2193
0.1454,0.1111,-0.6986,0.6523
0.3273,-0.0278,-1.0553,-0.2881
0.1461,0.3703,-1.8694,0.5474
-0.1594,-0.2489,-1.2799,0.3013
-0.4466,-0.9883,-0.7714,-0.6153
0.0590,-0.3889,-0.5545,-0.6140
-0.4486,-0.4835,-0.5753,-0.3883
0.1137,0.3656,-0.7418,-0.4982
0.3097,0.2096,0.0488,0.6394
-0.0321,0.2682,-0.6155,-0.9422
0.0082,0.0118,0.1271,-0.0427
0.1784,0.3437,-0.2551,-0.2102
0.4105,0.8005,0.1756,-0.1767
0.5085,0.3861,0.2184,-0.2318
0.3464,-0.2301,0.5606,0.1299
-0.0801,-0.2224,-0.2877,-0.5960
-0.0720,0.1385,-0.0717,-0.1092
-0.0693,0.3734,0.6220,0.1981
-0.2605,-0.7340,-0.0437,0.0308
-0.4382,-0.3880,-0.1813,-0.9907
-0.7378,0.0530,-0.0200,-0.6693
0.0307,0.0339,-0.2239,-0.6635
-0.6158,-0.8575,-0.3586,-0.5855
-0.0212,-0.2161,-0.1878,-0.4403
-0.4839,-0.3681,-0.0418,-0.9297
-0.0575,-0.2465,0.3241,-0.4171
-0.6224,0.3646,-1.6032,2.1160
-0.7426,-0.7001,-0.7105,-0.0540
-0.6444,-0.2564,1.8913,1.9282
0.0660,-0.2205,-1.3632,-0.4793
0.3654,0.5534,0.2309,-0.8531
-0.1257,-0.0360,-0.1082,1.2868
0.4784,0.7569,0.3026,-0.6174
-0.3193,-0.4006,0.6749,0.0497
0.1476,0.1127,-0.2459,0.8528
0.0706,0.2259,-1.3879,-1.5046
-0.6917,-0.0699,0.2340,0.7588
-0.5306,-0.1429,-0.2876,-0.8580
0.0622,0.0840,0.3969,-0.4209
0.6028,-0.1362,0.1295,0.2123
0.1811,0.3658,0.3563,-1.0294
0.2294,-0.0054,-0.3973,-1.3094
0.1587,-0.5786,-0.1327,-0.1229
0.1079,0.0462,-0.6179,-0.8578
-0.3239,0.1585,-0.5786,-0.1964
0.4573,0.2892,-0.4403,-0.9131
-0.2067,-0.4152,-0.3348,-0.3707
0.0804,-0.0804,0.1804,-0.2668
0.2051,0.8919,-0.3329,-0.4277
-0.0943,-0.1234,0.8373,0.6638
-0.5269,0.5756,-0.7154,-1.1277
0.0844,-0.0630,0.8239,-0.5898
-0.2737,-0.0557,-1.9935,-1.1558
-0.1818,0.1609,-0.3946,-0.0108
-0.6682,-0.7278,0.2682,0.0082
0.1999,-0.1693,0.2184,-0.2533
0.5169,0.4680,-0.2371,0.3651
0.2706,0.6264,-0.4743,-0.0731
-0.0499,0.4777,-0.7320,0.1703
0.4187,0.3161,-0.4468,-1.3043
-0.1244,-0.2340,-0.2054,-0.6457
-0.2011,-0.4034,-0.4174,-1.1106
-0.3047,0.4663,-1.0136,-1.1574
-0.1244,0.0606,0.1522,-0.0056
0.2003,0.1482,-0.3512,-0.4239
-0.2736,-0.3314,-0.2286,-0.3084
-0.4327,0.4051,-0.7997,0.3820
-0.1574,0.3085,-0.0637,0.1273
-0.2197,0.0318,-1.0528,-1.0311
0.1727,0.2167,-0.7444,-0.3419
-0.6489,-0.0276,0.2008,0.0158
-0.2122,0.4050,0.0312,0.9972
0.2602,-0.0844,-0.6469,1.2470
-0.2485,-0.1001,0.0809,-0.7207
0.1685,0.1894,0.1372,0.1561
-0.0531,-0.0476,0.0203,0.8346
0.0595,-0.1567,0.2013,-0.4614
0.0973,-0.1029,-0.4392,0.4135
0.3519,-0.0139,-0.8463,1.3530
-0.1469,0.4055,-0.5796,0.7853
0.2140,0.2038,-0.2676,0.2316
-0.0139,0.0392,0.0370,-0.3279
0.1957,-0.3511,-0.0293,-0.3827
0.1843,-0.1750,-1.1992,-0.3922
0.2341,-0.5942,-0.0851,-0.2903
0.2823,0.1120,-0.2441,-1.5570
0.3888,0.2185,0.8600,-1.0940
-0.1006,-0.4909,0.1419,-0.0184
-0.4140,0.4595,-0.7233,-1.0991
0.2326,0.4132,-0.2001,0.0760
0.3142,0.0309,0.5835,0.4938
-0.5365,-0.8384,0.7202,1.0341
0.4420,-0.3598,0.2267,0.2217
0.4184,0.0238,0.1542,-0.6644
0.1539,-0.1399,0.3763,-0.7509
0.3863,0.0580,0.3538,0.1091
0.3893,0.0286,-0.7808,-0.8059
0.1684,0.3934,-0.7656,-0.6429
-0.4003,-0.2324,0.6511,-0.7643
0.1882,0.2070,-0.9291,0.8868
0.3646,0.4262,0.1010,0.7922
0.2479,0.0332,0.2661,-0.8907
-0.3639,0.1029,-0.6670,-1.2602
0.5755,0.4269,0.6367,0.5371
-0.7058,-0.1806,-0.5190,-0.6298
0.3404,0.3566,-0.1629,0.5308
0.3602,0.3815,0.0183,0.2022
0.1876,0.6410,-0.3550,0.7919
0.1235,0.4305,-0.1998,-2.0511
-0.4169,0.3398,-0.7043,-1.2250
0.3105,0.5823,-0.3501,0.2443
0.3586,0.2862,0.2867,0.2055
-0.3753,-0.0682,-0.3137,0.3846
0.0566,0.2814,0.2780,-0.0494
0.4758,0.5509,0.1011,0.2388
0.2882,0.1872,-0.2945,-1.1896
-0.5050,-0.0146,0.0981,-0.3620
-0.4781,-0.3039,0.0351,-0.5188
0.1197,-0.2111,0.6315,-0.1634
-0.1658,-0.4960,0.2905,0.7862
0.3959,-0.9494,0.2555,-0.0052
0.1131,-0.0532,0.1928,0.7458
0.1666,-0.1864,-0.1231,-0.5477
-0.0723,0.5128,0.4523,0.7659
-0.4138,0.0033,0.2484,1.1323
-0.3583,0.2014,0.7757,1.0098
-0.2328,-0.6143,0.6266,1.1846
-0.3658,-0.3155,0.5303,1.1354
-0.7087,-0.2597,-0.4644,-0.5817
-0.2835,-0.4680,0.8301,0.0309
0.1873,0.2504,-0.8490,-0.3791
-0.6609,-0.2099,-1.1669,-0.6852
-0.4563,-0.1055,0.0985,2.3498
0.4626,-0.1336,-0.3084,-0.3270
-0.2775,-0.3592,0.4101,-0.6616
-0.0431,-0.0771,0.0433,-0.5583
0.5887,0.3160,0.0735,1.5611
-0.0995,0.0454,0.8789,2.1832
-0.1764,-0.0970,0.5188,0.5283
0.5394,0.8343,-0.6663,1.4564
-0.2175,-0.4481,0.9876,1.6480
0.0118,-0.0213,-0.0813,-0.0329
-0.7850,-0.3458,1.8921,0.6195
0.1970,0.3121,0.5636,0.3361
-0.0434,-0.0061,0.2973,1.1084
-0.2962,-0.0666,0.0749,0.5964
-0.0644,-0.0405,-0.1891,-0.4896
-0.2955,0.1258,0.8676,0.4045
0.4249,0.3707,-0.3377,0.2092
0.1241,-0.0530,0.3804,1.5639
-0.2723,-0.4197,0.8376,1.1673
-0.3587,0.0868,0.8011,0.3587
0.1218,-1.2324,0.4790,1.6051
0.8218,-0.1794,1.5263,-0.5091
-0.1232,-0.2349,0.9678,0.6541
0.2834,-0.3229,0.1300,-0.5862
0.3191,0.2777,-0.5134,0.9474
-0.5572,0.1913,1.7217,1.2228
-0.0438,0.5034,1.1960,0.8291
-0.0581,-0.2043,0.7961,-0.5888
0.5215,0.1191,0.7320,0.3150
0.5301,0.9482,0.3438,0.2111
0.2506,0.6155,0.5715,0.5516
-0.1239,-0.1224,0.9316,0.8753
0.3977,-0.0357,1.2376,-0.0678
0.0933,-0.0174,0.6027,0.5227
0.2467,-0.1174,0.5295,-0.2156
-0.2649,0.2005,0.7538,2.3430
-0.0033,0.0234,1.0383,2.2175
-0.1756,-0.0557,-0.3556,0.1431
-0.0205,-0.0782,0.0305,-0.3563
-0.4039,-0.2660,-0.0197,-0.5781
0.1985,-0.0732,0.7757,0.6532
-1.0791,-0.8883,-0.5579,-1.4067
0.3780,0.0346,-0.6735,0.5903
0.4167,0.6000,-0.4190,-1.0294
0.2721,0.0255,0.6115,-0.0742
-0.0709,-0.3165,-0.3326,1.0402
0.5608,-0.0736,0.3044,0.7956
0.2098,0.0071,-1.1919,2.4440
0.2313,0.0691,0.2204,0.2412
-0.8670,-0.3622,-0.2739,-0.2255
0.1567,-0.0308,0.5783,-0.0020
-0.7754,-0.4130,-0.2143,-0.2117
0.5794,-0.1120,0.8985,0.4449
0.7104,0.3519,-0.1292,0.0559
0.2403,0.1318,0.4438,0.3051
0.1561,-0.0069,0.2360,-0.2694
-0.3863,-0.0436,0.3031,-0.0905
0.1918,-0.0840,-0.0253,0.1528
0.3860,0.0431,0.4540,0.0837
0.8209,0.1579,-0.2343,-0.4875
-0.0651,0.3539,0.8815,0.2043
0.1409,0.4259,0.0375,-0.1130
-0.2844,-0.4200,-0.2191,-0.3623
0.6926,-0.3461,-1.0673,0.8594
0.3643,0.3844,0.2272,-0.3931
0.2539,-0.1460,-0.0714,-0.0031
-0.9502,-0.6876,1.1846,0.0911
-0.1316,0.2199,0.2283,-0.1112
-0.2685,-0.3319,-0.1644,-0.1344
0.2601,0.0481,0.1653,-0.1753
0.1351,0.3071,-0.4581,-0.2350
0.0261,0.1609,0.3024,0.0723
0.2199,-0.0735,0.0052,0.0411
0.2471,0.2416,-0.0984,0.0962
0.0246,-0.1561,0.6338,0.1586
-0.5599,-0.7926,-0.2088,-0.4866
0.3383,0.5169,0.8511,2.1521
-0.5551,-0.3363,0.0439,-0.4565
-0.1984,-0.2502,-0.4733,-0.8971
0.1496,0.1097,0.4922,-0.7093
0.6062,0.1438,-0.2283,0.7105
0.4472,0.2210,-0.1199,0.0871
0.1236,0.2963,0.5111,-0.7021
0.1307,0.4056,-0.5332,0.8206
0.0375,-0.1259,-0.2344,-0.6548
0.1047,0.3625,-0.0469,1.9665
0.3368,0.2511,0.2927,-0.7136
-0.3789,0.5278,-0.9783,0.0619
0.1900,0.4116,0.2891,1.1934
-0.2190,-0.0183,-0.6528,0.8468
0.1670,0.3681,-0.1118,-0.5568
0.0858,0.0275,0.0528,-0.7753
0.3730,0.3423,1.5632,0.3668
0.2791,0.2014,0.3780,0.3167
-0.0034,0.0792,0.9880,2.9251
0.0771,0.0865,-0.5800,-0.6572
0.1746,0.0932,0.5200,-0.3261
0.2045,-0.2443,0.4675,-0.1788
-0.2569,-0.2925,0.4520,0.0631
0.1092,-0.0549,-0.7299,-0.3164
0.2174,0.8364,-0.7447,-1.3775
-0.2180,0.3829,0.5642,-1.1345
-0.1687,-0.1416,0.6614,0.2825
-0.0552,0.1525,-0.4286,1.1248
-0.5935,-0.0999,-0.4670,0.0842
-0.0513,-0.3793,-0.6550,-0.6372
-0.0536,0.1498,0.2059,-0.3732
0.1371,0.3099,0.1589,-0.4762
0.0666,-0.0988,0.3608,0.0564
0.0687,0.2634,-0.2855,-0.1603
0.0342,0.1911,-0.0054,-0.5555
-0.7336,-0.5875,-1.1602,0.2205
0.8509,1.2549,-1.4233,-0.9178
0.5938,0.2573,0.1655,0.2422
-0.1973,-0.0622,1.3000,2.4091
-0.0129,-0.5928,0.6469,0.3483
-0.1717,-0.1349,-0.7060,-0.6177
-0.8498,-0.8969,0.5454,0.0523
0.0536,0.3076,0.1907,0.7723
0.2584,-0.0251,-0.0637,-0.7067
-0.4054,-0.4985,0.1188,-0.7535
0.2044,-0.1671,0.7630,0.1943
0.4478,0.1406,-0.0064,0.5325
0.2681,-0.3493,0.2627,-0.3092
-0.4821,0.6436,1.2784,-0.2744
0.0156,0.5086,-0.6750,0.0291
-0.5827,-0.4077,-0.2533,0.1653
0.0775,-0.0095,1.0060,2.4939
-1.3500,-0.7654,-0.0207,0.6441
0.1539,-0.0777,-0.4378,0.9043
0.0546,0.1802,0.4571,-0.2406
0.0380,-0.1609,-0.6228,-1.2995
-0.4120,-0.0331,0.1743,-0.7857
0.0547,0.0957,-0.3835,0.6530
-0.1622,-0.2018,0.2877,0.7261
-0.1326,-0.2719,0.4379,-0.1269
0.3661,0.2274,-0.1050,-0.5876
0.3424,0.6004,0.5292,-0.1120
-0.2491,-0.4027,-0.2067,-0.1954
-0.1851,-0.1974,0.5661,0.1267
-0.1903,-0.1633,-0.5080,0.5149
-0.1906,-0.6906,-0.2291,-0.5060
0.1912,-0.1075,0.9157,1.6876
0.0845,-0.4989,1.0099,0.5265
-0.1976,-0.1857,0.6811,-0.2514
-0.1226,0.6561,0.9611,-0.7397
-0.6791,-0.7003,1.4390,0.7246
0.0299,0.0905,-0.6756,0.1558
0.0798,0.0372,0.5280,-0.1114
-0.0241,-0.0109,-0.6925,0.1489
-0.9332,-0.4490,1.0658,-0.8834
-0.8756,-0.9259,-0.0663,0.8394
-0.7053,-0.5226,0.8370,1.9950
0.3099,0.2076,1.5169,1.4765
-0.5951,-0.8639,0.4206,-0.7087
-0.2083,-0.3468,0.6682,3.4007
-0.0381,-0.3113,0.7547,0.6252
0.1003,-0.0669,0.6981,0.3764
-0.6766,-0.6453,-0.1178,-0.1195
-0.2860,-0.4906,-0.0200,0.5433
-0.1556,-0.3516,0.9182,2.1840
-0.1241,-0.6486,0.7126,1.8231
0.4530,0.3372,0.6850,1.2437
0.1098,0.2315,-0.8951,-0.1155
-0.0258,-0.2236,1.4185,2.3215
0.3002,0.4226,-0.1148,1.1183
-0.6540,-0.6216,-0.0235,-0.0069
-0.8745,-0.7864,0.2655,0.8569
0.1322,0.1814,-0.0597,0.0194
-0.1083,0.1050,-0.5035,-0.9303
0.0263,0.0614,0.2675,1.9715
-0.4305,-0.2945,1.3633,0.3436
-0.3218,0.1564,1.6124,1.0566
-0.1997,0.1758,-0.3071,-0.9684
0.3768,0.1919,0.8776,-0.8672
-0.0089,-0.1748,0.7413,2.0378
0.4127,0.5817,-1.4218,-0.9060
0.2760,0.1700,-0.1280,0.9794
-0.0227,0.3244,-0.7009,-0.7975
0.1162,-0.0186,-0.1682,-1.8192
0.1929,0.5496,-0.6659,-0.1145
0.7920,0.3220,-0.7932,-0.7581
0.1495,0.0186,0.1933,0.5001
-0.4760,-0.1317,-0.3396,-0.7636
-0.0770,0.0955,-0.4019,-1.0226
0.6083,0.5149,-0.0177,0.7803
0.0926,0.4377,0.3784,-0.6157
-0.1010,0.0776,-1.1073,-0.9193
-0.1064,0.5060,-0.2908,-0.7449
-0.6475,-0.0667,0.6295,2.1093
0.0941,0.2113,-0.6188,-1.1045
0.0838,0.0520,0.8859,-0.2487
-0.2089,0.2745,-0.8833,-0.2569
0.2219,0.1159,-1.3137,1.0011
0.5143,0.5708,-1.4212,-0.8416
0.2453,0.2600,-0.0873,-0.8445
0.2735,0.0756,1.1587,-0.6116
0.3634,0.5071,-0.1265,-0.7830
-0.4457,-0.5277,0.5449,-0.2072
0.2326,0.2449,0.9806,2.9375
-0.0401,-0.8211,0.4219,0.1233
0.2429,0.2362,-0.7423,0.1437
0.3833,0.3176,-1.4802,1.0647
0.3535,0.4529,0.3439,-0.2082
0.0716,0.2320,1.4127,1.3724
0.1551,-0.1837,0.8027,-0.0537
0.3920,0.3823,-0.2076,0.2314
0.4214,0.4173,0.7675,1.4451
-0.0003,0.0541,0.9885,1.5982
-0.1625,-0.3014,0.0391,1.5998
-0.7061,-1.0229,0.5784,-0.3186
-0.2996,-0.1431,1.0060,0.7504
-0.0128,-0.3004,0.5696,1.6233
-0.0105,-0.3642,1.7685,-0.3908
0.0621,0.3040,0.5278,-0.3769
-0.6607,-0.3653,-0.5804,-0.8734
0.3460,0.6068,-0.9193,0.6251
-0.8012,-0.5917,-0.1185,0.2824
0.2186,0.3267,0.5429,0.3370
-0.2049,-0.5113,0.4615,0.1435
-0.0699,-0.1415,1.2724,-0.0068
-0.0345,-0.1420,1.6616,0.7147
-0.2393,-0.3107,1.1535,-0.5900
0.3172,0.1864,0.0572,-0.5183
-0.2669,-0.3115,1.0600,-0.6128
-0.5725,-0.9856,0.7263,-0.2663
0.2448,0.2932,0.8355,1.8001
0.1443,0.0815,1.5601,1.8134
0.0705,0.0231,1.6270,1.6354
0.0464,-0.0992,1.4522,1.9719
0.5087,0.3494,0.1387,2.4826
0.6523,-0.1902,0.5143,-0.6060
0.3424,0.5411,0.0268,1.4884
0.1643,-0.1040,0.8959,-0.0972
-0.5632,-0.4335,0.9685,1.8928
-0.0441,0.0780,-0.2325,-0.2144
-0.1412,-0.3088,-0.8397,0.5541
-0.4883,-0.7147,-0.5024,1.2028
0.1741,-0.5173,0.5530,0.3344
-0.0781,-0.6589,0.4634,1.2391
-0.0125,-0.2840,0.1176,1.3125
0.3583,0.4046,-0.2623,-0.9662
-0.2103,0.0535,-1.4283,-0.4736
-0.5004,-0.5081,0.7627,0.3354
0.0157,0.3380,-0.7294,-0.3936
-0.8386,-0.4363,0.6448,2.1066
0.0939,0.1645,-1.0901,-0.8557
-0.0489,0.6617,1.4065,0.0271
0.0092,0.3488,1.2107,0.7960
0.0303,-0.1348,-1.5695,-0.7959
-0.2595,-0.7988,-0.2097,0.5619
0.2674,-0.5608,-0.4210,0.6445
-0.1694,-0.9726,-0.0439,-0.2493
-0.3953,-0.5920,-0.9959,0.0852
-0.5144,-0.6413,0.6595,0.4539
0.0792,0.0313,-0.4861,-0.5710
0.3844,-0.1398,-1.6064,-0.5418
-0.5146,-0.4707,0.1417,2.2656
-0.0192,0.0286,-2.1270,-1.2275
-0.3534,-0.4596,-0.5764,-0.3288
0.2857,0.5365,0.5610,-0.3950
-0.2595,0.1927,1.0821,1.0436
0.0351,-0.4680,-0.2048,0.9542
-0.6923,-0.6948,0.2771,1.6632
-0.1464,-0.1873,0.5499,0.7241
-0.1695,-0.2946,-0.6690,-0.2650
-0.4063,-0.9249,0.2373,-0.0658
0.3421,0.3767,1.0071,0.5683
-0.5061,0.3077,1.7627,-0.3433
0.0403,-0.4454,0.8405,0.3444
-0.3991,-0.2876,-0.3708,-0.8098
0.0206,-0.0702,1.3019,0.0939
-0.0780,0.5689,1.3710,0.7941
0.2465,0.1954,-0.0849,-0.0369
0.3902,0.3243,-0.4314,-0.4846
-0.3519,-0.0225,1.3718,2.6981
0.3680,0.0289,-0.0944,-0.6305
0.0594,-0.1236,1.1989,0.3868
-0.0256,-0.3901,1.0190,0.3965
-0.5662,0.1476,-0.1910,-0.0579
0.0258,0.2400,-0.5815,0.2996
-0.6425,-0.1082,0.2607,0.9484
-0.7017,-0.4764,0.2697,0.3834
-0.2666,-0.2799,0.5520,-0.2778
-0.6356,-0.6009,0.8044,-0.1566
0.7455,0.1035,-0.0692,-0.7846
-0.0810,-0.0849,0.7356,1.8582
-0.1903,-0.3119,0.6260,-0.0850
0.3190,0.4706,0.0156,-0.4307
-0.0543,0.5339,0.4287,2.0123
0.1243,0.2001,0.0960,2.2035
0.9925,0.3125,-0.4142,-1.4434
-0.3296,-0.5846,1.1045,0.6920
0.1116,0.2424,0.3026,-0.6682
0.3616,0.4343,-0.3162,-0.7062
-0.2779,-0.5228,0.1655,-0.2213
0.3309,0.3054,1.6166,2.7626
0.1327,-0.0909,0.2719,-0.1444
0.2753,0.1311,-2.0704,-0.7896
0.3519,0.0068,0.1572,-0.2395
0.5052,-0.1836,-0.3063,0.3647
-0.1536,0.0266,-1.0612,-0.9696
-0.2340,-0.0274,0.8978,0.9288
0.3332,-0.1033,0.0233,0.2703
-0.4241,-0.4325,-0.0060,0.8090
-0.2933,0.1007,0.9428,0.3906
-0.1183,-0.1820,0.2804,0.5519
0.2515,0.1588,-1.3050,0.8926
0.3107,-0.3651,0.9854,-0.2034
0.1670,-0.0297,-0.6601,-0.8161
-0.8589,-0.3283,0.2690,-0.5225
-0.0277,-0.2729,-0.4331,0.2994
0.2955,-0.0575,-0.4602,-0.8521
-0.7744,0.1055,1.0532,-0.9509
-0.1715,-0.2992,0.2237,-0.0821
0.4099,0.0663,-0.2696,0.3110
-0.3390,-0.0913,0.6756,3.1711
-0.2157,-0.1885,0.3571,1.0779
-0.6155,-0.5526,0.1895,-0.2697
-0.2419,0.0368,-0.0778,-1.2517
-0.4244,0.1158,-1.7026,-1.1174
-0.5651,-0.1781,0.6922,-0.1848
-0.2688,-0.0664,-1.1314,-0.4822
-1.1173,-0.8271,0.0273,-0.6131
-0.3191,-0.5670,0.2405,-0.0627
0.0259,0.2965,0.6874,0.9485
-0.5553,-0.0600,-0.0316,0.3014
-0.2898,-0.1291,0.6011,0.0891
-0.2110,0.5913,-1.3182,-0.2616
-0.3923,-0.0843,-0.6116,-0.9545
-0.0770,0.2152,0.2577,-0.5712
0.2108,-0.5853,0.1476,-0.4724
0.0056,-0.0757,-0.2632,-0.2426
0.1734,0.6421,-0.2390,0.0277
0.5048,-0.1542,-1.1529,-0.9267
0.1039,-0.1005,-0.8922,-1.3951
-0.1351,-0.0983,0.8655,0.2118
-0.0729,-0.0211,-0.0268,-1.3719
-0.1328,-0.1453,0.5657,0.9133
0.1487,-0.6001,0.3491,0.6116
-0.3531,0.2461,-0.3731,-0.7267
-0.0506,0.3386,-0.5614,0.5851
-0.0051,0.1921,-0.1727,-0.5768
-0.3573,-0.0534,0.8218,0.9189
0.3150,-0.1246,1.0821,0.0969
0.0087,0.1875,0.5727,-0.9809
0.5735,0.8121,-0.7031,-0.8469
0.0817,0.2648,-0.1137,0.0217
-0.1016,0.0647,-0.9937,-0.8192
0.1607,0.3899,-0.6341,-0.1505
-0.0502,0.2501,-0.6693,-1.4281
0.2483,0.0784,-0.0225,-0.3596
-0.1835,-0.0637,0.0389,0.3513
0.1722,-0.4544,0.5745,0.4137
-0.2909,-0.1436,-0.2002,-0.8764
0.3379,-0.0682,0.9847,0.2754
0.3022,0.5277,-0.8810,-0.6536
0.3085,0.1191,0.1358,0.1811
0.0357,0.1390,0.4159,1.1479
-0.2353,0.1006,-0.0360,-0.6433
0.3601,0.1750,0.5447,-0.2123
0.1232,-0.2022,-0.3241,-0.4570
-0.5643,-0.8015,-0.4861,-0.4461
0.1880,-0.1666,0.0160,-1.1192
-0.0602,-0.1376,0.3295,1.9161
0.0446,0.3489,-0.3377,-0.2000
-0.5407,-0.6600,-0.4119,-0.2553
0.0928,-0.4244,-0.7446,-0.4663
-0.0053,0.2915,-0.7782,-0.1552
-0.1019,-0.1059,-0.1087,-0.3466
-0.0308,-0.0038,0.1242,1.5337
0.3569,-0.3619,-0.2016,0.1104
-0.1593,-0.2044,-0.4884,2.5478
-0.1928,-0.4542,0.6841,0.2677
0.3376,0.2040,0.1110,-1.3306
-0.1106,0.2286,-1.0820,-0.4145
-0.2437,-0.3217,-0.6414,-0.2367
0.4004,-0.1075,-0.5213,0.6512
-0.0207,-0.5310,-1.0680,0.0545
-0.2919,-0.0525,0.2402,0.4276
-0.3147,0.1069,-0.0923,0.6719
0.1765,-0.2613,-1.3011,-0.5368
-0.0057,0.1615,1.1765,0.1433
0.5218,-0.1464,-0.0041,0.4424
0.3967,-0.2571,-0.2497,-0.2800
0.1411,-0.2181,-0.8712,-0.7022
0.4010,-0.4155,-0.3927,-0.7432
0.1448,0.1755,-1.1788,-0.5924
0.3561,-0.1044,0.2156,-0.5373
-0.4510,-0.4302,0.3231,-0.2812
0.0168,0.2052,0.1998,0.4758
-0.3020,0.1666,0.8711,2.0193
0.1632,0.1172,0.3574,0.0506
0.2473,0.7060,0.7132,-0.4935
-0.0209,-0.2610,0.3973,-0.5415
-0.2143,-0.5681,0.7152,0.0211
-0.1277,-0.3770,0.3365,-0.1379
0.4347,0.3280,0.4788,-0.7168
-0.1772,-0.3826,0.7257,1.0347
0.2902,-0.5089,0.2945,0.3884
0.5449,0.0681,-0.2072,-1.0381
-0.1564,-0.2470,1.2525,2.2906
-0.3143,-0.4233,0.6691,0.8925
-0.1320,-0.0648,1.0647,0.2857
-0.0751,0.5116,0.9434,1.4723
0.0073,-0.3020,1.1908,-0.2152
0.0605,-0.3613,0.5097,-0.7493
-0.1496,0.1475,0.2814,-0.1082
-0.1947,0.0448,0.4733,0.0185
0.4356,0.0709,0.0433,1.0317
-0.9042,-0.6063,-1.1853,1.5783
0.0440,-0.2941,-0.1618,-0.8178
-0.0159,0.0784,0.1463,0.5326
-0.3936,-0.7821,0.6317,0.7053
0.0174,-0.0004,0.0928,-0.7896
0.4357,-0.4433,-0.2893,-0.4705
0.3464,0.2325,0.1714,-0.6668
-0.1802,-0.0118,-0.8270,2.2762
0.1075,-0.0052,0.7395,-0.1314
0.0421,0.0556,0.1983,0.2485
-0.3694,-0.7197,0.4327,-0.4049
0.0163,-0.5359,0.3428,-0.6527
-0.2572,0.1396,0.0167,-0.5595
-0.0424,-0.4284,-0.0098,-0.6451
-1.0223,-0.6670,0.4117,-0.3321
-0.5865,-0.2761,0.5211,-1.2363
0.0615,-0.0403,0.5842,0.3011
-0.3008,-0.1177,0.0510,-0.4422
-0.4047,-0.0492,0.1999,-0.7778
-0.1324,0.3411,-1.0655,0.6705
-0.5014,-0.6083,0.4250,-0.1295
-0.4732,0.0489,0.4939,-0.4818
-0.0464,-0.6562,0.2419,-0.3252
-0.4493,-0.2386,0.0050,-0.3711
-0.6673,-0.1799,0.6003,0.0387
-0.1570,-0.5670,0.3676,0.5932
-0.4972,-0.7518,0.8818,-0.2632
0.3707,0.0736,0.3122,0.1901
0.1035,0.0111,0.2337,-0.5341
0.2887,0.2910,-1.3195,-0.9652
0.1913,0.7973,-0.5607,0.1594
-0.0111,0.5522,-0.2793,-0.5297
0.0868,0.0658,0.0554,-0.3132
0.5044,0.5504,-1.2783,-0.4722
0.8193,0.5789,-0.1957,-0.5851
-0.0150,-0.1630,0.5346,-0.0289
0.6731,0.5347,1.1620,1.1000
0.2693,0.5380,-0.4941,0.9836
0.0593,0.2423,-0.9781,-1.0740
-0.3188,0.6494,-0.3873,1.3109
0.4044,0.4575,0.3875,0.0927
0.4231,0.7955,-0.0414,0.7750
0.2106,0.6482,-0.1471,-0.6706
0.2062,0.5855,0.3772,-0.7654
0.2620,0.3723,-0.0508,-0.5854
0.0538,-0.3327,-0.5436,-0.0351
0.1304,0.1518,0.3782,0.2803
-0.0944,0.0751,0.2231,1.2995
-0.3215,-0.2807,0.2784,-0.4121
-0.0559,0.8461,0.2024,-0.2457
0.6892,1.1331,-0.0917,0.0375
0.6736,0.5028,-0.5792,-0.0141
0.1268,-0.2567,-0.3016,-0.2104
0.5277,0.0030,0.4491,-0.1136
0.2760,0.2284,0.7454,-0.5055
-0.1130,0.4538,-0.2272,-0.2613
-0.2731,0.1158,1.2375,2.3931
0.0534,0.1352,0.4775,0.0572
0.6429,0.7368,0.1026,0.2369
0.3386,0.5144,0.5013,2.3436
-0.0975,0.2747,-0.4779,0.0385
0.2492,0.3028,0.8148,0.9866
0.6403,0.4038,1.2264,1.4699
