-0.4567,-0.0775,0.4642,0.3301
-0.8113,-0.0435,-1.0638,-0.8160
-0.9935,-0.8374,-1.3760,-1.1899
0.1218,0.0128,-0.6951,-0.2911
0.0878,-0.1988,-0.0508,-0.0943
-0.0056,-0.7967,-0.9669,0.3107
-0.2280,0.0456,0.3662,-0.6359
0.4812,0.3609,-0.2243,-0.7067
0.0962,-0.0754,0.6529,-0.1331
-0.2454,0.2574,0.3676,0.1750
-0.6798,0.0139,0.8424,0.8388
-0.0886,-0.4477,-0.0644,-0.1482
-0.2097,-0.1299,-1.3402,-1.1183
-0.6546,-0.4810,0.1878,-0.0031
-0.0655,-0.2875,-1.6890,-1.0614
0.0977,-0.2022,-0.0947,1.4296
-0.2197,-0.4289,-0.6232,2.1811
0.8357,-0.1479,-0.5786,-1.1067
-0.2790,-0.1589,-0.8150,0.4277
-0.0964,0.0025,0.2631,-0.5307
-0.4238,0.0721,0.0313,-0.3487
-0.0467,-0.2181,-0.7869,0.4481
0.6506,0.4676,-0.5374,-0.4372
-0.7897,-0.4658,-0.6300,-1.4658
-0.1194,-0.2289,0.3442,-0.1477
-0.2919,-0.2300,-0.7822,-0.6414
0.8889,0.3031,-0.6685,-0.5963
-0.1307,-0.0999,0.1360,0.4207
-0.1001,-0.3641,0.6675,-0.1412
-0.2136,-0.1082,0.3399,-0.6036
0.6366,-0.0185,0.1498,-0.9599
-0.0333,-0.3077,-0.3806,-0.8088
-0.3026,0.0416,0.4134,-0.0834
0.5810,-0.3151,-0.3548,1.4636
-0.0567,-0.0928,-0.1452,1.2128
0.1428,0.1843,0.2428,-0.3143
-0.1402,0.0873,-0.2670,-0.1943
-0.0109,0.0374,0.4182,0.0132
-0.0342,0.1249,0.0822,-0.3128
0.7425,0.2791,-0.2539,-0.5215
-0.1488,-0.4750,0.8822,3.1114
0.2904,0.1611,-0.0650,0.1513
0.5984,0.3315,-0.7671,-0.6655
-0.3846,0.0544,0.1597,-0.5003
0.2446,0.1271,-0.4384,0.1611
0.6502,0.3929,0.7007,-0.1436
0.5093,0.7532,0.4287,0.1777
0.0403,0.1722,0.3070,-0.6313
0.1365,0.1668,0.3786,0.2190
0.4039,-0.0278,-0.5824,-0.9092
0.8979,-0.0680,-0.3214,-0.7218
0.0551,0.0287,0.0779,-0.1658
0.0533,-0.0959,-0.1716,-0.5228
-0.2693,-0.1489,-0.6532,-0.6059
-0.3905,-0.4188,1.1467,0.1707
0.4711,0.0496,-0.2948,-0.7052
-0.3029,-0.6959,-0.0452,-1.3132
0.2419,-0.2656,0.0230,-0.1479
0.1742,0.0290,0.3352,0.3262
0.3561,0.3317,0.0964,-0.0691
0.7367,0.5022,-0.3339,-0.3650
-0.6462,-0.4902,-0.5027,0.2072
0.3260,0.1976,-0.3045,-0.0063
0.4436,0.0339,0.2493,1.2487
0.1445,-0.2863,0.3831,-0.2612
0.2801,0.2983,-0.5139,-0.0424
0.8829,0.6402,-0.7827,-0.1585
0.6471,0.0599,-0.1997,-0.0164
0.7744,0.3287,0.4906,-0.1902
-0.1506,0.2835,-0.5425,-0.2519
-0.0711,-0.1138,0.3010,-1.1120
0.4564,0.0635,-0.7089,-0.3233
0.4932,0.2658,-0.2628,-0.3105
-0.1468,-0.7808,-0.6026,-0.0605
0.1748,-0.1262,0.1924,-0.3029
-0.7305,-0.1766,-0.1378,-1.3130
0.0063,0.1613,0.3262,-0.4737
0.2607,0.3738,-0.1278,-0.2675
-0.2264,-0.1560,0.0170,-0.7792
-0.6944,-0.4354,-0.0934,-0.1757
0.1033,0.3572,0.7290,0.5748
-0.3602,-0.2489,1.0177,-0.3121
-0.2879,0.0617,0.0367,-0.0470
-0.1012,-0.2776,-0.1673,-0.1005
0.4904,0.9888,-0.8718,-0.2362
-0.7442,-0.1096,0.1905,0.2155
0.5026,0.6161,-0.1361,-0.2214
0.2956,0.0194,0.2221,-0.2333
0.2286,0.0522,0.0092,-0.5410
0.2629,0.6729,0.0773,0.0959
-0.5794,0.3038,0.3221,-0.2786
-0.0771,0.1507,-0.4072,0.1169
-0.1226,0.0330,0.5091,-0.1339
-0.1541,-0.0304,0.0824,-0.5981
0.0687,-0.1291,-0.1365,-0.2789
0.5917,0.7287,0.6969,-0.0622
0.4321,0.6676,-0.2019,0.1968
0.2352,0.0432,-0.1831,0.0931
-0.6196,-0.7567,0.3186,1.0131
-0.2431,-0.4377,0.8060,0.0819
0.1602,-0.6618,-0.7805,0.3682
0.3207,-0.0687,0.1859,1.4206
0.2121,0.2402,0.5776,-0.3906
-0.7296,-0.5649,1.1933,-0.3999
0.2603,0.4103,0.4651,-0.3520
0.2448,0.3396,0.1442,0.1134
-0.5710,0.5514,0.7630,-0.0242
-1.2128,-0.7035,0.6956,-0.6721
-0.0219,0.0951,0.2000,-0.3781
-0.2519,0.3321,0.7125,0.0987
-0.5598,-0.2121,-0.2456,-0.5329
-0.7759,-0.7658,0.0720,-0.1090
-0.2265,0.0161,-0.5805,0.8002
-0.0704,-0.3592,-0.8625,2.6830
0.0061,-0.4241,0.9717,1.5236
-0.2396,-0.1879,0.0673,-0.4311
0.3188,0.6753,-1.2203,1.9375
0.1299,-0.4422,-0.6620,0.6390
-0.5563,-0.2114,-0.2352,-0.6650
-0.6167,-0.2298,0.1963,0.2042
0.1269,0.0397,0.6832,-0.6781
-0.2647,-0.3936,-0.2745,-0.6057
0.9558,0.1727,-0.1678,1.9167
-0.5116,-0.3054,-0.3873,-0.0898
-0.1106,-0.1353,-0.9188,2.2809
-0.2328,0.1556,0.2341,-0.5451
0.2940,0.4696,0.3033,1.3140
0.2905,0.2922,0.5374,-0.1937
0.6745,0.3008,-0.0373,-1.4136
0.6097,0.0570,-0.1304,-1.1121
0.3070,0.2813,0.1837,-0.7654
0.1156,0.3815,0.1602,0.2915
0.8359,0.5900,-0.0686,-0.9345
0.8305,0.6837,-0.7101,-0.9608
-0.8305,-0.0970,0.4392,-0.5667
0.0940,0.3496,0.1224,-0.4117
-0.6834,-0.3596,1.0649,3.3582
0.0128,-0.1349,0.4816,1.0174
0.3981,0.3488,0.3746,-0.4512
0.0691,0.2813,0.2392,-0.0822
-0.3591,-0.0463,0.0038,-0.6647
0.1011,0.1973,-0.9039,-0.1173
0.1569,0.1462,0.7754,0.7122
-0.4705,0.5026,0.2159,2.1693
0.2365,0.1983,-0.5814,-0.7958
-0.3871,-0.5920,-0.2039,-1.0628
-0.2864,-0.4618,0.2197,0.0144
0.0288,0.1834,-0.0895,-0.9479
0.1343,0.2288,-0.5664,-1.0504
-0.0311,-0.0377,-0.4894,-0.4342
-1.0234,-0.8431,0.3508,0.7100
0.7424,0.3636,0.4734,-0.1968
0.4762,0.1276,-0.6043,-0.2705
0.7293,0.3696,-0.1737,-0.6226
-0.3975,-0.1311,-0.6908,0.0332
-0.1575,0.4232,0.9286,1.8145
-1.7433,-1.2705,0.7018,-1.1333
0.4361,0.2980,0.3252,-0.9066
0.6639,0.3652,-0.7323,-0.5983
0.0751,0.3491,-1.0159,-1.1110
-0.1755,-0.5040,0.0648,-0.9700
-0.6291,0.2440,0.2870,0.7378
0.0722,-0.6960,0.7667,3.0090
-0.0377,0.1203,-0.1123,-0.4296
0.1630,0.1243,0.0494,1.6771
-0.5289,-0.0311,0.6529,0.6428
0.6842,0.4481,-0.6903,-1.1334
-0.7313,-0.5062,-0.1926,-0.6670
-0.6487,0.1667,0.3539,-0.9020
0.0701,0.1367,-0.8039,-1.4257
0.1075,0.3579,-0.9029,-0.5609
0.0238,-0.0018,-0.0222,-1.0209
0.4863,-0.3628,-0.7291,-1.6035
0.2664,0.1536,-0.2568,-0.7515
0.7760,0.5743,0.0808,-0.5026
0.0442,-0.1566,-0.9740,-0.7890
0.6842,0.3196,-0.2120,-0.7984
0.4027,0.4841,-1.2170,-0.9336
0.1815,0.2126,0.0244,-0.1052
0.0203,0.3202,-0.4703,0.0099
0.1333,0.4283,0.8975,0.0873
0.1852,0.2246,0.6775,0.4629
-0.2030,-0.0782,0.7151,0.1091
0.6059,0.2830,-0.7782,-0.0911
-0.5462,0.2365,-1.3494,-0.8126
-0.1732,-0.2124,-0.5271,-1.1108
-0.0873,-0.2720,-0.3567,-0.6596
0.0187,-0.1272,0.9806,0.8911
0.4281,0.3120,0.3238,-0.5010
-0.1019,0.1418,0.4262,1.1663
-0.6417,-0.0447,1.6570,0.0584
0.0190,0.4580,0.8845,1.5105
-0.7143,0.0122,0.0287,-0.6458
-0.0391,-0.2277,0.0292,-0.4094
0.1251,0.1389,0.4223,-0.4202
0.0320,0.0678,0.0977,-0.5617
-0.6697,-0.3681,-1.2179,1.5011
0.0290,-0.0287,-1.0471,0.7343
-1.8167,-0.7255,-0.8561,-1.2100
-0.3272,-0.0278,-1.3102,-1.1618
0.2740,0.1593,-0.7086,-1.2069
0.1826,-0.0011,-0.5081,-0.5002
-0.1605,0.0145,-0.0310,-0.0668
0.1717,0.2315,-0.7912,0.0485
-0.1212,-0.1045,-0.4511,-0.5944
-0.1691,-0.3005,-0.2777,0.4689
-0.9239,0.1214,0.9139,1.8000
0.1076,-0.3869,0.4278,1.7847
0.4075,0.5775,-0.1675,0.1358
-0.2813,-0.3094,-0.7276,-1.4536
0.3057,0.5404,-0.3134,0.1489
0.0575,0.2837,0.7359,-0.0763
-0.0315,-0.3064,0.2145,0.7398
-0.1733,0.0381,0.0538,-0.4389
0.0625,0.2487,1.1012,-0.1676
-0.1069,-0.0523,0.4953,1.3305
0.8139,0.0953,-0.4129,-1.1233
0.0484,0.0133,0.2874,-0.0928
-0.5797,-0.4507,-1.3384,0.4116
0.0514,-0.1417,0.1246,-0.7394
0.3206,0.2937,-0.1689,0.3587
-0.2282,-0.1797,0.6224,2.1919
-0.1880,-0.0405,0.7156,0.0529
0.1119,-0.1242,0.4755,-0.0180
-0.2161,0.3748,1.5047,2.1504
-0.3216,-0.3237,-0.9645,-1.0660
0.1527,0.0559,-0.4911,-0.4098
0.4771,0.4392,-0.2535,-0.1035
0.7093,0.3140,0.0347,-0.0430
-0.3493,-0.5166,-0.5605,0.5389
0.3486,0.2799,-0.2104,-0.9001
-0.1314,0.1547,0.3427,0.8488
-0.1919,0.2714,-0.8859,-0.5316
0.0701,0.1743,-0.2936,-0.6444
-0.4908,-0.3325,0.0747,0.8759
-0.0574,-0.1875,-0.1440,-0.6830
-0.0052,0.0074,-0.8124,-0.0474
0.2095,0.2284,0.0937,0.1280
0.3728,0.1576,0.4709,-0.1021
-0.0125,-0.1957,-0.2647,2.2813
0.8653,0.3425,-0.4304,-0.4889
0.1880,0.3029,-0.2698,-0.5087
0.1207,0.1470,-0.5857,-0.5489
0.4120,-0.0148,0.0411,-0.4427
-0.3308,-0.1762,0.1449,0.4918
0.2870,0.1047,0.2198,1.0034
-0.3969,-0.4499,-0.1277,-0.2092
0.5346,0.3936,1.2500,0.1556
0.3158,0.3428,0.2404,-0.5991
0.3593,0.1692,0.4727,1.3925
-0.1259,0.0396,0.4849,-0.5116
0.3259,0.1777,-0.7119,-0.1454
0.4794,0.1995,0.9417,-0.2902
-0.3370,-0.2312,-1.5185,-0.5877
0.3534,0.0479,-0.5801,-0.2871
0.2356,-0.2085,-0.8572,-0.0150
0.3724,0.3767,-0.3629,1.3247
0.0487,-0.1835,-1.4117,-0.0241
0.4307,0.7616,0.9714,1.5542
0.6985,0.4845,0.8114,0.1669
-0.7547,0.1974,0.0002,-0.6909
-0.0506,-0.0655,-0.4971,-0.5729
0.5505,0.4195,1.4414,-0.0656
-0.0561,-0.1877,0.9852,-0.0335
0.0805,-0.0772,0.1384,-0.3223
-0.9435,-0.3747,0.5446,-1.3760
0.0505,-0.0884,0.9431,0.7937
0.4974,0.6386,-0.3987,-0.0829
0.3108,0.2877,0.2649,-1.7418
-0.3649,-0.1441,1.4709,0.0810
0.4911,0.6046,-0.2307,-0.8660
0.0504,0.2929,0.4833,-0.1337
0.2381,0.1151,0.5270,-0.0026
0.5683,0.3024,0.0133,-0.3403
-0.5007,-0.7871,-0.6519,-0.7228
0.2119,0.1252,0.7895,0.5763
0.5279,0.0192,-0.4842,-0.1259
0.1720,-0.4466,0.6315,-0.5907
-0.2564,-0.0586,-0.1381,-0.6958
0.0023,0.0280,-0.3421,-0.7662
-0.0773,-0.3405,1.0848,1.8713
-0.0408,-0.7833,0.1260,-1.1419
0.5424,0.1624,0.0374,-0.6049
0.1598,-0.5297,0.2425,0.4041
-0.3103,-0.1133,0.5401,-0.1999
0.1153,-0.0008,-0.4266,1.1546
0.1301,0.0358,0.0174,0.0613
-0.5252,-0.2616,-0.5689,0.1809
0.3998,0.2596,0.8122,0.1971
0.4035,0.4282,0.2270,-0.0576
-0.4739,-0.1712,0.2627,-0.6945
0.0248,0.1132,0.0090,0.2611
-0.2127,-0.1787,1.5107,0.4550
0.1305,0.2054,0.5683,-0.2071
-0.0355,-0.4390,1.1627,1.8310
0.2032,0.0177,0.3728,-0.4867
0.2106,-0.1612,-0.3115,1.4642
0.0590,-0.1504,1.1674,0.6453
0.3256,0.0935,-0.0876,0.9829
0.2811,0.0283,-0.0591,-0.8418
0.3944,0.1293,-0.1533,-0.1442
-0.0505,-0.2842,-0.7654,-0.6872
-0.2723,0.1128,-0.2344,-0.7324
0.0190,-0.4136,-1.6076,0.8018
0.1275,0.1481,-1.2417,0.8480
0.0348,0.0311,1.3161,2.2325
-0.5882,0.0921,-0.4431,-0.8987
-0.6385,-0.9584,-1.2642,0.8005
-0.5158,0.3294,0.8305,1.5350
0.2337,0.1722,0.1629,0.1687
-1.4609,-1.9541,-1.6020,0.7158
0.1712,0.1980,0.6000,0.0938
-0.3092,0.3341,-0.5432,-0.4356
-0.5483,0.2485,-0.2822,-0.5238
0.4708,0.2790,0.6076,0.1516
0.0400,0.1935,0.1519,0.3304
-0.2831,0.1356,0.2144,2.9815
-1.0712,-0.2569,0.6240,1.1827
0.7351,0.2947,0.1344,-0.0746
-0.0625,0.1173,0.1140,1.1206
-0.0774,-0.1024,0.1154,-0.2380
-1.1788,-0.7557,0.6821,-1.1652
0.4375,0.3633,-0.7510,-0.0218
0.3212,0.1717,-0.7238,0.8097
0.0764,0.3681,-0.3459,-0.5954
0.3889,-0.2601,0.0435,-1.1211
-0.3729,-0.1542,-0.7248,0.3949
-0.0589,0.1231,-0.3542,0.8943
0.3790,0.3003,-0.9133,-0.0804
-0.9599,-0.8433,0.9495,0.0059
0.2247,0.1598,0.3018,0.7840
0.5155,0.5153,-0.0349,0.0614
0.3442,0.1749,-0.1837,-0.2851
-0.1030,-0.0513,0.6374,2.2464
0.6980,0.3594,0.0709,-0.0029
0.2322,0.2917,0.1007,0.0284
-0.1237,0.0423,-0.6766,-0.1793
0.1430,-0.1176,-0.4752,-0.0963
0.2303,0.0355,-0.2921,-0.8941
0.1517,-0.0457,-0.2438,-0.4134
-0.0362,0.5827,0.1784,-0.0210
0.3731,0.3027,0.3971,-1.1895
0.0179,0.1967,-0.4261,0.2257
0.7303,0.4128,-0.0778,-0.3429
0.6082,0.2498,0.1200,-0.4741
0.1080,0.2390,-0.3565,-0.8976
0.5841,0.2850,0.2101,-0.4512
0.3417,0.1032,-0.2120,-0.3941
0.1456,0.1248,0.2656,2.6196
-0.0106,0.0047,-1.0446,1.2450
-0.1793,0.0149,-0.9437,-1.4133
-1.0493,-0.9248,-0.4112,-0.3837
-0.0550,-0.1936,-1.1931,-0.3831
0.1775,-0.1097,0.1626,-0.3223
0.4258,0.1044,0.1960,-0.2552
-0.9605,-0.4786,0.5358,-0.6725
-0.4575,-1.1724,-1.3944,-0.4727
-0.4874,-0.8913,-0.8407,0.0098
-0.1168,-0.3729,-1.0257,-1.6950
-0.2056,0.3591,-0.1831,-0.5285
-1.3479,-0.2298,0.2263,1.0150
0.2236,-0.1003,-0.3128,0.3939
-1.0775,-0.6657,0.8210,0.1277
-0.4484,-0.6943,1.5301,0.6871
0.1217,-0.3047,0.3906,-0.4219
0.3179,-0.0908,-0.0680,-0.3741
-1.0777,-1.4747,0.2108,-0.1706
-0.2251,-0.0433,0.9707,0.9831
-0.2340,0.0920,1.1196,0.8363
0.0002,-0.1940,0.4831,-0.0728
0.0178,0.0672,-0.2364,-0.5860
0.0505,0.0705,0.3435,-0.9363
0.3519,0.2117,-1.1526,-1.4840
-0.2087,-0.1716,0.3727,0.2390
0.2343,0.3903,-0.4639,0.6005
-1.1564,-1.0346,-1.3757,1.8255
-0.0321,0.2242,-0.1884,0.5336
0.6220,0.3508,0.3256,-0.5186
0.4932,0.4403,-0.0784,-0.4248
-0.2417,0.0359,0.1613,-0.2679
-0.3971,-0.9459,0.0565,-0.7475
0.4487,-0.0142,0.1705,-0.8487
0.2862,0.0528,-0.2752,-0.8472
-0.6046,-0.7212,-0.8680,1.0962
0.2304,-0.1603,-0.2672,-0.8632
-0.3768,-0.3020,1.7708,1.0163
0.0789,0.0012,0.2078,-0.5046
-0.5447,-0.3982,-0.0597,0.5948
-0.0714,-0.0933,1.7816,1.4962
-0.0536,-0.0404,1.5643,0.6210
0.2753,0.1689,0.3442,0.4397
-0.2458,-0.0212,0.1882,1.5228
-0.3742,-0.1107,0.3988,-0.1576
0.0619,0.2895,0.4329,-0.5431
-0.0168,0.4540,0.8824,0.3367
0.1383,0.2523,0.8285,0.2841
0.2005,0.2148,0.6041,1.2487
-0.6165,-0.4410,1.4224,2.0566
-0.4165,-0.1697,-1.3239,-1.6511
-0.0400,0.3350,-0.4074,0.1200
0.2341,0.4657,0.3785,0.3025
0.4684,0.2618,0.2976,0.1105
0.4770,0.4526,-0.8098,0.0336
0.6239,0.2371,-0.4554,-0.7375
0.8376,0.2695,-0.4425,-0.3704
0.5735,0.2612,-0.9157,-0.4888
-0.7411,-0.8264,-0.2413,0.7210
-0.7390,-0.4169,-0.7797,0.8449
0.4717,-0.2373,-0.4298,-0.3620
0.5257,0.1401,-1.0559,0.2830
0.0355,0.0508,0.3495,1.9870
0.4237,0.3057,0.5401,-0.7591
-0.0253,0.1847,0.6424,-0.4943
0.4637,0.2732,-0.9154,-0.7657
0.3197,0.3135,-0.7101,-0.0901
0.0092,0.0081,-0.3796,1.0735
-0.2962,-0.3152,-1.0131,0.5381
0.3975,0.3661,-1.4054,-0.5574
0.2493,0.1852,-0.1522,-0.6420
0.1170,-0.0014,-0.1060,-0.0539
-0.4237,0.0732,0.3377,-0.5198
0.1659,-0.0747,-0.3146,-1.0684
-0.1971,-0.0595,-0.0445,0.4491
0.1847,0.1367,0.2756,-0.2974
-0.5097,-0.4019,1.1118,-0.5850
0.3607,-0.0670,-0.9570,-0.0376
-0.3873,-0.3227,0.6235,-0.4426
-0.0733,0.1368,-0.0730,-0.2904
0.0028,-0.0887,-0.6916,-0.3331
-0.4481,-0.8017,-0.6923,-0.5214
0.5488,0.4615,0.1186,-0.5261
-0.9272,-0.9829,0.3607,-0.4627
-0.3350,-0.3036,1.3240,1.4379
-0.3016,-0.2288,-0.6540,-0.6515
0.1467,-0.1672,-0.6134,-0.4570
-0.1651,-0.2962,0.3682,-0.3770
-1.5317,-1.2692,0.5681,-0.6537
-0.3764,-0.2733,0.1681,1.3155
-0.1276,-0.4418,-0.6978,-0.9879
0.3058,0.4455,0.1732,0.6623
0.4490,0.3920,0.2673,0.3216
0.5724,-0.1651,-1.5980,-1.3664
-0.4163,-0.2434,-0.6731,1.2071
0.4446,0.4068,0.7701,0.6048
0.5970,0.4040,0.1029,-0.1959
0.0500,0.1824,0.1576,-0.2327
0.0193,0.2506,-0.7742,1.9216
0.2879,-0.2955,-0.2276,-1.1462
-0.4282,-0.1777,0.5091,-0.0056
-0.0851,-0.1955,-0.0803,-1.2787
-0.1961,-0.1875,0.5819,-0.2095
-0.7013,-0.7565,0.2675,-0.5522
-0.2774,0.3134,-0.0638,1.9746
0.2450,0.1357,0.7279,-0.2014
-0.2346,0.0135,-0.0919,-0.1948
0.6350,0.4819,0.1021,-0.2597
-0.2819,-0.8451,-0.5587,-0.7238
-0.1305,0.0085,-0.5041,0.3286
-0.2843,-0.1763,0.1388,-0.0643
-0.1043,-0.4529,-0.6865,-0.2854
0.0731,0.0477,-0.9965,-0.0347
-0.4633,-0.4615,0.5177,-0.4958
-0.2019,0.2145,1.0694,-0.0383
-1.1732,-0.7085,-0.7064,-0.7920
0.0910,-0.0220,-0.5485,-0.9033
-0.7337,-1.2108,-0.7809,-1.1082
0.0975,-0.0134,-0.4754,0.4548
-0.6921,-0.0672,0.0996,-0.1387
-0.1719,-0.2631,0.2493,0.6265
0.0996,0.1973,0.0693,0.1339
0.0409,0.0336,-0.2416,-0.6087
-0.0124,0.3240,-0.2804,-0.5002
0.2108,0.1183,0.5240,0.3001
0.1259,0.4585,0.0556,0.0697
-1.0539,-1.0494,0.3725,-0.8241
0.2754,0.0199,-0.1043,-0.1001
-0.4626,-0.0252,0.8597,-0.1989
-0.2687,-0.1930,0.2190,-0.7023
0.0889,0.3627,1.0781,0.0652
-0.1214,-0.1425,0.3726,-0.2840
-0.3080,-0.2980,-0.0549,-0.6674
-0.4508,-0.4499,-0.6210,-0.2476
-0.1426,-0.0594,-0.3078,-0.1786
-0.1386,-0.3222,-0.2223,-0.7883
0.3023,0.1683,0.0459,0.1470
0.4686,0.3160,0.2933,0.5103
0.3170,0.1140,-0.3555,0.0264
0.4628,0.3268,0.1346,0.1111
0.6449,0.2239,-0.3610,-0.7014
-0.0391,0.1163,0.2522,-0.5903
-0.0704,0.2657,-0.2666,-0.4968
0.6704,0.3591,-0.2831,-0.2121
-0.2714,-0.1192,0.4824,-0.3870
0.3725,0.1812,-0.7496,-0.9594
0.2725,0.3137,1.1650,-0.0539
0.4756,0.1904,-1.0046,3.0153
0.2972,0.3010,-0.5114,-0.9376
0.6832,0.6129,0.3928,-0.2608
0.4945,-0.2433,-0.7962,0.3399
0.5860,0.3831,0.2736,-0.1763
-0.2457,-0.0403,0.3260,-0.5384
1.2427,0.5498,-1.0214,-1.0997
0.0410,-0.0553,0.1540,-0.0289
0.3544,0.4221,-1.3878,0.0040
0.8595,0.4869,-1.2237,-0.9102
-0.7123,-0.4087,0.0628,-0.6140
-0.7857,0.0218,0.2336,-0.5729
0.0592,0.1492,0.4117,0.1259
0.0428,0.2498,-0.0535,-0.5095
0.3377,0.0369,0.2176,-0.2603
0.5701,0.3129,-0.8529,-0.0208
-0.0044,0.2329,0.7915,0.6528
-0.6930,-0.5247,0.1888,-0.5428
0.1878,0.3943,-0.2553,0.2071
-0.6745,-0.8096,0.2821,-0.7161
-0.7013,-0.9111,-0.7172,-1.3710
-0.0236,-0.0496,-0.0265,-0.5342
-0.3358,0.1516,-0.6264,-0.4065
-0.1108,0.1088,-0.5018,0.5366
0.3175,0.0815,0.0796,-0.3127
-0.4125,0.1082,-0.0401,-0.4311
0.1556,0.2274,-0.6335,-0.1891
-0.3324,0.0286,0.7701,2.0926
-0.3087,0.1814,-0.4075,-0.2400
0.2685,0.3094,-0.4875,-0.2969
0.1126,0.1200,-0.0645,-0.3133
-0.0114,0.5180,0.2029,0.4745
0.0272,0.1817,-0.0588,-0.6611
0.0836,0.2265,0.3686,-0.2188
0.1657,-0.0370,1.8251,1.3095
-0.7272,-0.7024,0.7015,-0.1174
-0.4824,-0.0603,0.3629,-0.5702
0.6766,0.3083,-0.0360,-0.3172
0.0072,-0.1193,0.1383,0.7041
0.3819,0.2884,0.2988,0.6525
0.5078,0.5143,-0.7109,-0.2279
0.5338,0.1847,-0.4149,-0.4879
0.3438,0.4488,0.7618,-0.4526
-0.1418,-0.2406,-0.6607,-0.2031
0.0964,0.0679,0.1478,-0.6007
0.2289,0.5472,0.1286,0.0785
0.3689,0.1553,-0.3004,2.2158
0.2458,0.0229,-0.1953,-0.6029
-0.8201,-0.8622,-1.2260,-0.6034
-0.0590,0.2324,0.4544,-0.3109
0.2465,0.3262,0.5937,0.0072
0.6271,0.4829,-0.4065,0.3515
0.6232,0.2559,-0.8212,0.2300
-1.1962,-1.0520,-0.0037,-0.4593
0.2419,0.4528,-0.0515,0.3393
0.4557,0.6037,-0.6742,-1.1138
0.4454,0.3766,-2.1037,-1.4267
0.4293,0.5400,-0.5240,-0.6655
0.2216,-0.1847,-0.9205,-0.9880
0.3350,0.7852,-1.1618,-0.7024
0.0611,-0.0528,0.0745,-0.3467
-0.6722,-0.4263,0.1489,0.0898
-0.1602,0.0497,0.4815,-0.5552
0.4890,0.1192,-0.7579,-0.1832
0.4801,0.4370,0.1933,0.4023
0.2435,0.4398,0.8228,-0.2753
0.6919,0.2516,0.0386,-0.3796
-0.5233,-0.5677,-0.5277,-1.0657
0.9193,0.5110,-0.5124,-0.5811
0.3755,0.2990,0.1157,-0.6084
0.3555,0.4140,0.1986,-0.4165
0.2999,0.2521,0.3408,-0.3045
-0.1527,-0.1282,0.1965,0.7907
0.6609,0.3050,0.2650,-0.1740
-0.1427,-0.5350,-1.1400,-1.2601
0.5688,0.3335,-0.3427,-1.4624
0.2606,0.3058,0.6797,2.2596
0.2100,-0.5046,0.0184,-0.0151
0.3203,0.1325,0.0810,-0.3162
0.7445,0.6523,-0.3554,0.1475
0.4160,0.2709,0.0542,-0.3283
-0.3098,-0.6410,-0.7434,-0.2840
0.7020,0.0420,-0.1958,-0.2389
0.4287,0.3180,0.0485,-0.3138
0.4874,0.5590,-0.9675,0.2438
0.0000,-0.0016,-0.0629,0.0798
-0.5445,-0.2644,-1.0577,0.1003
0.6127,0.4097,0.5453,-0.2736
-0.2519,0.0921,0.1597,0.6515
0.3103,0.8390,0.6367,0.7030
0.6556,0.3450,-0.7483,-1.2712
-0.6151,0.1223,-0.6002,-0.7211
-0.1374,-0.1814,-1.0746,0.0350
0.9195,0.4585,0.1734,0.1122
-0.4931,-0.5920,-1.4100,0.0241
0.2039,-0.0984,0.1887,0.1262
0.4626,0.5786,0.8491,0.6421
0.0903,0.3823,0.4040,0.2635
-0.0329,0.1873,-0.0039,0.4518
0.8449,0.4519,-0.3137,-0.6432
-0.2069,-0.2613,-0.0973,-0.0959
0.4321,0.3103,0.0414,-0.5224
0.0301,0.1694,-0.1007,-0.3913
-0.4498,0.2296,0.8173,-0.0175
0.3474,-0.1272,-0.5426,-0.1828
0.2219,0.4913,0.6855,-0.4281
0.2691,0.1388,-0.9057,-0.9072
0.3763,0.1035,-1.3107,-0.5492
0.0561,-0.1196,-0.1068,-0.5379
0.4509,0.2190,0.0582,0.3176
-0.0928,0.2143,0.9231,0.5654
-0.4873,-0.2407,0.3439,3.1377
-0.3907,0.1055,0.0229,0.3948
-0.0480,-0.2583,0.3221,-0.2029
-0.0400,0.1959,1.2970,0.2833
0.1743,0.1210,-0.2080,0.5698
-0.5061,-0.7344,1.4162,0.8996
-0.1407,-0.1966,-0.1843,-0.8369
-0.2066,-0.5507,-0.6027,-0.8371
-0.4306,-0.8177,-0.6279,-0.1658
0.3993,0.2876,0.3649,-0.2881
1.1477,0.7124,-0.7831,-0.2059
-0.1109,-0.0588,0.5133,-0.3463
0.0802,0.1251,0.3967,-0.4066
0.1408,0.0455,-0.1071,-1.0808
0.0341,0.2253,-0.2614,2.5323
-1.3319,-0.7579,-0.6991,-0.1187
0.1390,0.1981,-0.1683,-0.6759
0.0601,0.3813,0.9799,1.3502
-0.0530,0.4139,0.0961,-0.8130
-0.1585,0.1855,0.8128,0.1191
-0.5256,-0.3171,0.7777,1.4161
0.6575,0.1980,-0.0951,-0.6404
0.2618,0.1986,-0.0453,0.2280
0.3399,0.3487,0.1999,-0.2856
0.6118,0.3026,0.0243,-0.5247
0.0729,0.0852,-0.1893,-0.7377
-1.9800,-0.7868,0.6737,2.3482
-0.6907,-0.5807,0.9053,1.6315
-0.2575,0.0523,0.2167,-0.2868
0.6580,0.2913,0.2554,-0.6149
-0.3729,-0.2243,0.1729,0.4391
0.9036,0.2869,-0.2872,-0.5526
0.2948,0.4627,-0.0696,-0.0363
0.4894,0.5133,0.8287,1.5030
-0.2036,-0.1608,0.0189,-0.1109
0.7645,0.2479,-0.5627,-1.4961
0.0385,0.4408,0.7498,1.0300
0.0513,0.0326,-0.0303,-0.3494
-0.0358,-0.1145,0.0922,-0.1916
0.0039,-0.0608,-0.0610,-0.5079
-0.0450,0.0776,0.1590,0.1744
-0.4023,-0.4155,-0.0367,-0.6841
-0.1189,-0.2013,-0.7884,0.6863
0.1062,-0.3740,0.0901,-0.3351
0.2232,0.4879,0.7394,-0.6034
0.7172,0.1198,0.2123,0.3066
-0.7769,-0.6118,0.2312,0.7991
-0.4424,-0.2425,-0.2164,0.1214
0.2172,-0.2496,-0.0916,-0.3242
0.0866,-0.1917,-0.2341,-0.1844
0.2319,-0.0160,0.1412,-0.8121
-0.3814,-0.3440,0.3284,1.9057
0.1909,0.0377,-1.1586,0.6504
-0.5449,0.3093,-1.0433,0.9577
-0.1684,-0.1048,0.4839,-1.0836
-0.6806,-0.5272,0.1619,1.4042
0.0921,-0.2339,0.2181,-0.4707
-0.3647,-0.0893,0.0652,-0.8200
-0.0267,0.3505,0.7049,0.2566
0.2601,0.2119,-0.7121,-0.2270
-0.4287,-0.0009,0.5790,0.1301
-0.1422,0.4679,-0.0324,0.0689
0.8181,0.2876,-0.8946,-1.7490
-0.2634,-0.0321,-0.3628,-0.5546
-0.7027,-0.9801,1.0613,1.7409
-0.0794,-0.0429,-0.1147,-0.0867
0.0869,0.0003,-0.4322,0.5724
-0.5677,-0.9993,1.0868,-0.2691
-0.3674,-0.0234,0.1329,-0.7543
0.7831,0.2684,-0.3007,-0.5835
-0.2384,-0.0301,-0.3211,-0.6590
-0.0610,0.2044,0.3756,-0.3849
0.1444,0.3393,-0.4572,1.2694
-0.0386,0.0618,0.1465,-1.2000
0.3843,0.2313,0.5020,0.0329
-0.7527,-0.1921,0.4551,-0.5853
-0.3156,0.2259,0.5677,0.2911
-0.0099,-0.0458,-0.0942,-0.8929
-0.5274,-0.8541,0.9966,0.2405
-0.8820,-0.4922,0.2727,-0.3078
-0.5754,-0.1726,0.7454,2.0139
0.0971,0.4309,-0.3067,-0.2420
-0.0164,0.0057,0.5357,-0.7567
0.2374,0.2176,0.1894,-0.7315
0.1364,-0.0568,-0.7175,-1.0356
-0.4086,0.0699,0.1747,0.2796
-0.4714,0.2945,0.7639,0.7827
0.0629,0.3727,0.2871,-0.7524
-0.3532,-0.1875,-0.6207,0.1794
-0.5531,-0.8828,-0.7040,0.0852
0.1908,0.1269,0.4100,0.0287
0.1589,0.0571,0.2167,-0.9423
0.2808,-0.0045,-1.3055,-0.0736
-0.4059,-0.0910,-0.7871,0.1621
-0.7010,-0.8212,-0.1028,-0.0575
-0.0207,0.0409,-1.0250,-0.3556
0.0598,0.3790,-0.6603,-0.0568
0.2039,0.0799,0.1351,0.4315
-0.2827,-0.4346,-1.2019,-0.9217
0.2702,-0.3534,-1.4533,-0.7025
-0.1804,-0.4341,0.9997,2.1595
-0.6390,-0.2380,0.2535,-0.3740
-0.3047,-0.7359,-0.7827,0.2224
-0.0338,0.0216,-0.3785,0.7871
0.5869,0.2558,-0.7412,-0.4441
-0.2575,-0.4834,-0.3607,-0.7015
0.6924,0.3003,-0.1318,-0.0453
0.2600,0.0651,-0.2670,-0.7917
0.2187,0.2678,-0.1964,-0.7379
0.3725,-0.1228,0.0011,-0.7410
0.1486,-0.4604,-0.5829,-1.5121
0.2696,-0.0068,-2.1018,1.0411
0.4833,0.5141,0.5730,1.2354
-0.0084,0.0606,-0.7100,-0.1100
0.4015,0.3016,0.7839,0.6879
-0.0500,0.1933,-1.4017,1.4052
-0.1102,-0.1200,-0.0845,-0.2964
-0.1682,-0.0286,-0.4700,-0.8064
-0.1044,-0.0952,-0.3684,-1.0982
-0.0726,-0.1737,-0.0561,0.4064
-0.0812,0.0867,0.1533,-0.2196
0.5160,0.5671,0.2071,-0.0172
0.7652,0.1190,-0.7720,-1.5997
-0.8670,-0.6110,-0.1807,0.7264
-0.2076,-0.0247,-0.1199,1.6626
-0.2362,0.1135,0.5428,-0.4050
0.3794,0.3984,-0.2296,-0.3187
0.0721,-0.2575,-0.2705,-1.1650
0.0610,0.1363,-0.9191,0.7302
0.2715,0.2270,-0.1664,-0.3187
-0.2288,-0.1887,1.3205,-0.4213
0.8090,0.7006,0.1230,-0.5693
0.1738,0.2079,0.7755,0.5144
-0.0405,0.2625,0.0531,-0.9785
0.0264,-0.0122,0.2244,-0.5788
-0.1340,-0.3585,-0.2432,-0.5678
-0.4287,0.0059,0.4840,0.5512
-0.4238,-0.1883,0.8459,0.3495
-0.5065,-0.2226,-0.3270,0.0562
-0.4286,-0.0083,0.0635,-0.4260
-0.4513,-0.4357,-0.1561,0.0158
-0.5409,-0.3002,0.5879,-0.6872
0.0101,-0.1297,-0.0856,0.0263
0.3877,0.0744,0.2554,0.1190
0.5306,0.2091,-0.1265,-0.4774
-0.2744,0.3228,0.2161,-0.5409
-0.7081,-0.8203,-1.3712,1.8896
0.4690,0.1003,-1.3596,-1.1995
-0.3334,-0.2721,-0.5264,0.2802
-0.8113,-1.0138,0.1494,-0.8334
-0.2374,-0.2085,-0.3522,-1.5103
-0.4667,-0.2798,-0.9911,-0.9588
0.0061,-0.2224,0.0983,-0.2816
-0.5165,-0.5027,-0.0895,-0.7867
0.0048,0.2096,-0.1346,0.0948
0.5684,0.0994,-0.8090,-0.4999
-0.1324,-0.1775,-0.1635,-0.9506
-0.1607,0.0194,-0.7035,-0.0117
-0.3387,-0.3108,0.1127,-0.7500
0.1013,0.3476,0.3294,-0.5484
-0.1577,-0.4384,0.0843,-0.1679
0.1957,0.1099,0.2882,-0.6409
-0.5092,-0.2162,-0.5928,-0.9032
-0.6820,-0.1610,-0.3225,-0.4545
-0.5517,-0.8170,-0.7606,0.1703
-0.2068,0.0019,-0.2669,-0.1556
0.6372,0.6823,0.2842,-0.3281
0.0195,-0.4252,-0.8146,-0.8829
0.3601,0.1752,-0.3269,0.4065
-0.7371,-0.3691,-0.2521,-0.9971
-0.1437,-0.4269,0.2948,-0.6683
0.1129,0.2230,-1.1295,-0.7744
0.0695,0.1330,0.0784,-0.4947
-0.2016,0.1093,0.3667,-0.4185
0.2706,0.1816,0.8438,-0.2571
0.0852,-0.0899,-0.5309,-0.3102
-1.0669,-1.6629,-1.2741,-1.1210
0.2559,0.1784,-1.8156,-0.7734
0.2633,0.2600,0.9056,0.5591
0.2808,0.5721,-0.3514,0.1259
-0.1863,-0.3907,0.2968,-0.5763
0.0795,0.3136,-0.6776,-1.1874
-0.0594,0.4353,0.2076,0.1847
0.1785,0.4035,-0.3551,1.6289
-0.0785,0.2074,-0.2680,-0.5882
0.6664,0.4098,0.5195,-0.6826
0.3233,0.3058,-0.1720,-1.1599
0.0333,-0.1446,0.3493,1.4883
-0.9799,-0.1180,-1.0200,-0.1792
-0.2887,-0.3061,-0.2455,-1.1684
-0.4177,-0.4458,-0.4617,-0.5079
0.0888,-0.1951,0.0936,-0.0385
0.5935,0.2393,-0.1850,-0.6429
-0.9029,-0.5443,-0.3782,-1.1280
-0.2401,-0.0179,-0.4248,-1.3503
-0.1356,-0.1815,-1.4160,0.7873
-0.3363,-0.0760,-0.5205,-1.5590
0.7771,0.4151,0.3663,-0.1463
-0.2881,0.0811,0.4939,-0.4006
0.2565,-0.2177,-0.6265,-0.9566
-0.6903,-1.0884,-0.7078,0.4060
-0.2517,-0.1213,-0.2999,0.6367
0.0035,-0.0247,-0.5246,0.9437
0.0481,-0.4165,0.1868,0.5190
0.6867,0.2919,0.7616,0.0111
-0.0953,-0.0388,0.2851,-0.5945
-0.3340,-0.8600,-0.0600,-0.9114
0.4220,0.2595,0.4516,0.0680
0.2032,-0.4335,-1.7199,0.8847
-0.0078,-0.0101,-1.1946,1.6214
0.2624,-0.0731,-0.6527,0.9693
-0.2167,0.0194,-0.2302,0.3508
0.6443,0.2271,-0.0927,-0.2981
0.5969,-0.0494,-0.3694,0.0197
0.7006,0.5397,0.5272,-0.7147
-0.1359,-0.1448,-0.9999,0.0990
0.2830,0.2082,0.0819,-0.1702
0.0836,-0.1424,0.5015,1.1853
0.0378,0.1502,-0.2347,0.0385
0.0962,-0.5220,0.7978,0.0730
-0.0148,-0.2090,-0.0135,-1.0114
0.3527,0.2116,-0.2259,-0.5190
0.1518,0.3267,0.0656,0.8004
0.5021,0.3803,0.1781,0.4431
-0.1922,-0.2679,0.4241,-0.6886
0.3626,0.4538,0.1599,-0.5297
-0.0547,-0.0082,0.3755,-0.4411
-0.0287,0.4218,-0.1983,-0.3681
-0.4128,-0.0577,0.1452,-0.6929
0.2145,-0.1105,-0.5228,1.3092
1.0879,0.4147,-0.2845,-0.6645
0.4872,0.1422,0.4231,-0.0497
0.4215,0.0988,0.0502,-0.2153
0.3047,0.1887,-0.1532,-0.2423
0.5478,0.1461,-0.5976,-0.6488
0.3216,-0.0249,0.4602,-0.8326
0.4327,0.3179,-0.5959,-1.2144
0.7329,0.2468,1.1713,1.9656
-0.0762,0.1345,-0.4497,-1.0447
0.5329,0.2765,0.0167,-0.5883
-0.0525,0.0088,0.6570,-0.1948
-0.3604,-0.2443,-0.5665,-0.1005
0.5320,0.1782,-0.2464,0.5876
-0.2474,-0.1004,-0.3235,-1.3101
-0.0518,-0.0916,-0.5169,-0.9001
0.2355,0.1087,-0.3548,-0.1980
-0.1616,0.2193,-0.1008,0.1794
-0.3782,0.2122,-0.7080,-0.8958
0.2666,0.1613,-1.3765,-0.7585
0.1874,0.3207,-0.5585,0.5738
-0.8818,-0.6315,-0.6886,-1.5444
0.2476,-0.1153,-0.6081,1.2938
0.5419,0.2060,-0.8454,-1.6491
0.2207,0.5795,-0.4714,1.5389
0.2241,0.2165,-0.0027,-0.4125
0.1846,0.5172,0.4261,0.9154
-0.4972,-0.2094,0.1188,-1.0426
0.8455,0.3663,0.0996,0.2497
-0.0807,0.4866,1.5066,0.5442
0.1505,0.2000,-0.6001,0.1442
0.1591,0.0870,0.5717,-0.1993
0.2087,0.1241,-0.0835,-0.7001
0.5133,0.3013,0.1360,-1.1262
0.6328,0.1436,-0.5532,-0.8798
0.3146,0.1828,0.2773,0.8921
-0.0233,-0.3960,-0.3687,-0.5747
0.3901,0.3134,-0.2586,-0.2803
0.8230,0.5267,-0.2912,-0.5234
0.8771,0.2793,0.5268,-0.2815
0.9773,0.5236,0.0041,-0.9188
0.4305,-0.0323,0.1487,0.6706
0.3898,-0.0609,0.5034,0.8189
-0.4460,-0.2522,1.1928,0.9570
-0.0665,-0.5535,-0.1327,-0.4152
0.1327,0.3962,-0.2005,-1.1386
-0.5507,-0.3710,-0.5473,1.1284
-0.0077,-0.3048,-1.1591,-0.2440
-0.3245,0.3124,-0.8609,0.1789
0.7514,0.6168,-0.5751,-0.3220
0.1757,0.3353,0.0077,-0.1012
0.8576,-0.0581,0.1084,0.1051
0.1034,0.2082,0.6283,1.1973
0.2669,-0.1489,0.3174,0.5821
0.4511,0.3409,-1.6323,0.1912
0.3185,0.0410,1.0817,0.1454
0.3601,0.2669,0.4868,-0.0568
0.3677,0.3106,0.9762,-0.1976
0.0585,0.0884,0.8195,0.3402
0.3771,0.2424,1.0082,-0.4908
0.1605,-0.1684,1.3934,2.9665
-2.0285,-1.5081,-0.2043,0.6367
-0.5998,0.1099,-0.6379,0.3924
0.0485,0.1264,-0.9182,-0.6772
-0.2885,-0.3447,-0.7096,0.7781
-0.0006,0.0983,-0.1220,-0.9051
0.0809,0.4327,-0.0916,-0.5818
-0.2478,0.0998,-0.6442,-1.1627
-0.3659,-0.0770,0.0112,-0.1446
-0.0806,-0.1358,-0.4588,1.8703
0.5196,0.5725,0.1044,-0.2476
-0.5836,0.1306,-0.2365,-0.0765
-0.6899,0.1305,0.1545,-0.4701
0.2265,-0.0052,0.2833,-0.3851
-0.0064,0.2034,1.0087,-0.2613
0.0690,0.2410,-0.2737,0.7280
-0.0943,0.2694,0.6077,-0.2364
0.3130,0.2705,0.5041,-0.8062
-0.1327,-0.0179,-0.5230,-0.3415
-0.0745,0.0243,-0.0890,-0.5484
-0.0803,0.1219,0.2486,0.3163
-0.9784,-0.5478,-0.0528,0.4909
-0.5210,-0.4628,-0.5413,0.6593
-0.7006,-0.8484,0.0297,-1.0532
0.0006,-0.0314,-0.0166,0.4979
-0.2515,-0.0498,0.1013,-0.6415
-0.0110,0.4283,0.3741,-0.7818
0.2393,-0.6526,-1.1338,2.4067
-0.0440,-0.4472,-1.4552,-1.1823
0.0961,-0.7808,-0.9159,-1.6935
0.0123,-0.6795,-0.3769,-0.7397
-0.1207,-0.1271,-0.8444,-0.4012
0.2362,0.3993,-1.0640,-1.2903
0.0419,0.2630,-1.0673,-0.8493
0.0627,0.2300,-0.1917,-0.9207
-0.7821,-0.6425,-0.0869,-0.7105
-0.4930,0.0256,0.3617,-0.7471
0.4385,0.3354,-0.2809,-0.2842
0.0173,-0.4506,0.1332,1.3420
-0.0278,0.1763,-1.0558,-1.7371
-0.1924,0.2436,-0.7729,-0.8351
0.2852,0.2762,0.4781,-0.1253
-0.2407,-0.6221,-0.7531,-0.4397
0.4659,0.0789,0.1594,-0.0979
0.4897,0.4791,-0.3142,-0.1654
-0.3438,-0.4873,0.6666,-0.1641
0.0993,-0.0050,-0.4248,0.4969
-1.4236,-0.5989,-0.3824,-0.9742
0.0923,-0.1363,-0.1250,-1.3406
0.1544,0.0613,0.7779,0.4768
-0.1503,0.0876,0.3063,0.4576
-0.8965,-0.1689,-0.1796,-0.8600
-0.3863,-0.2393,-0.4653,-0.3571
-0.2641,-0.2110,0.6931,-0.9445
0.1425,-0.1667,1.1054,1.2644
0.0427,0.0591,-0.7185,-0.6313
-0.6775,0.2297,0.5294,0.4116
-0.2134,-0.0285,0.5532,2.4776
0.3390,-0.2551,0.6632,1.5115
0.1409,0.1475,-0.1735,-0.5340
0.3084,0.0269,-0.1772,1.5780
0.7694,0.4669,0.2508,-0.1619
-0.2851,-0.7786,-0.3949,1.2011
-0.3945,-0.2924,0.7173,1.4986
-0.4542,0.0216,1.0608,0.1412
0.4103,0.1894,-1.2988,0.5880
-0.0276,-0.0523,0.8546,1.5185
0.6768,0.4378,0.1945,2.5379
-0.4406,-0.0268,-0.0385,-0.3061
-0.2848,0.2340,1.0932,0.0550
0.2380,0.4015,1.0823,0.4183
-0.1570,-0.0164,0.0104,-0.8722
-0.3622,-0.7116,-0.1619,1.1894
-1.2088,-0.7041,-0.2773,0.7091
-0.1019,0.5351,-0.0458,-0.1388
0.1226,0.2489,0.1607,-0.5836
-0.1537,0.0969,0.0762,0.5719
0.8951,0.4920,-0.3887,-0.2804
-0.0316,0.1321,0.8353,0.5625
-0.0422,0.2215,0.5376,0.7702
0.2104,0.1896,-0.0979,-0.1283
-0.0535,-0.1244,0.4690,-0.2615
-0.1495,-0.3807,-0.3984,-0.9791
0.4525,0.1102,-0.2572,-0.6656
-0.3837,-0.1521,-0.5180,-1.2125
-0.2271,-0.0696,-0.1621,0.8638
-0.5487,-0.7396,0.9257,-0.7525
-1.0253,-0.6978,0.0898,0.1848
0.4168,0.1420,-0.4166,-0.2686
0.5906,0.4422,-0.0625,0.1881
-0.6531,-1.0546,-1.0182,-0.8404
-0.3400,-0.1682,-0.7722,-0.1341
-0.6862,-0.8538,1.0575,1.1582
0.0210,-0.0259,-0.1437,0.9584
-0.0196,0.0569,1.3688,1.6574
-0.0502,-0.2570,-0.5501,-0.9741
-1.1625,-1.0855,1.4358,0.9162
0.4846,0.5072,-1.1717,-0.2804
0.3472,0.2157,-0.2799,-0.4330
-0.2621,-0.3013,0.2730,-0.5135
0.1732,0.1723,0.0990,0.1699
-0.2214,0.0341,-0.6502,-1.0101
0.1658,0.8434,-0.0662,-0.7787
-0.1574,-0.2068,0.5491,1.2656
0.6917,0.6667,-0.5966,0.1083
-0.4877,0.0733,0.2059,-0.1677
0.2025,0.4368,1.2859,1.5384
0.6690,0.2221,1.3359,1.6589
0.2824,0.1462,-0.2499,-0.7284
0.2511,0.0596,0.4076,0.6589
0.1434,0.3195,0.0955,-0.8368
-0.1687,-0.4709,1.0689,-0.0810
-0.4650,-0.4942,-0.2622,-0.3017
-1.4536,-0.5939,-0.0148,-1.7325
-0.6413,0.0599,0.0440,-0.7853
-0.2598,-0.0795,-0.5417,-0.2193
0.2335,0.0497,-0.6986,0.6523
0.4652,0.1448,-1.0553,-0.2881
0.0574,-0.6387,-1.8694,0.5474
-0.1659,-0.4066,-1.2799,0.3013
0.8218,0.2462,-0.7714,-0.6153
0.5595,0.2949,-0.5545,-0.6140
-0.5232,-0.1216,-0.5753,-0.3883
0.0192,0.1353,-0.7418,-0.4982
-0.1784,0.1540,0.0488,0.6394
0.7759,0.3738,-0.6155,-0.9422
0.0187,-0.1367,0.1271,-0.0427
-0.0683,-0.1784,-0.2551,-0.2102
0.1542,-0.0309,0.1756,-0.1767
0.4502,0.4968,0.2184,-0.2318
0.6939,0.4015,0.5606,0.1299
0.2457,0.0591,-0.2877,-0.5960
-0.5603,-0.6734,-0.0717,-0.1092
-0.2526,-0.6169,0.6220,0.1981
-0.0492,0.0420,-0.0437,0.0308
0.1556,0.4628,-0.1813,-0.9907
-1.1945,-0.7213,-0.0200,-0.6693
-0.0020,-0.0349,-0.2239,-0.6635
0.0894,0.3419,-0.3586,-0.5855
-0.0828,0.0385,-0.1878,-0.4403
-0.4320,-0.3267,-0.0418,-0.9297
-0.2247,-0.2152,0.3241,-0.4171
-0.0790,-0.1239,-1.6032,2.1160
0.7109,0.3690,-0.7105,-0.0540
-0.8798,-0.7374,1.8913,1.9282
0.6110,0.3366,-1.3632,-0.4793
0.5609,0.3271,0.2309,-0.8531
0.3489,0.3397,-0.1082,1.2868
-0.3808,-0.1752,0.3026,-0.6174
-0.2058,0.2371,0.6749,0.0497
0.3320,0.3905,-0.2459,0.8528
-0.1486,-0.5181,-1.3879,-1.5046
0.1354,0.6866,0.2340,0.7588
0.1257,-0.6137,-0.2876,-0.8580
0.0135,-0.1388,0.3969,-0.4209
-0.0979,0.0228,0.1295,0.2123
0.2235,0.2430,0.3563,-1.0294
-0.4286,-0.2920,-0.3973,-1.3094
-0.1739,0.0527,-0.1327,-0.1229
-0.5699,-0.7253,-0.6179,-0.8578
-0.2045,0.1771,-0.5786,-0.1964
0.3967,0.0558,-0.4403,-0.9131
0.1163,-0.1049,-0.3348,-0.3707
-0.2327,-0.7563,0.1804,-0.2668
0.0728,0.1793,-0.3329,-0.4277
0.2481,0.2881,0.8373,0.6638
-0.0089,-0.5697,-0.7154,-1.1277
0.3040,0.3919,0.8239,-0.5898
0.4041,0.1005,-1.9935,-1.1558
-0.0206,0.3998,-0.3946,-0.0108
0.1596,0.0992,0.2682,0.0082
0.2293,-0.0714,0.2184,-0.2533
0.5136,0.5591,-0.2371,0.3651
-0.3263,-0.1806,-0.4743,-0.0731
0.7104,0.3660,-0.7320,0.1703
0.6050,-0.0196,-0.4468,-1.3043
0.2766,0.2393,-0.2054,-0.6457
-0.3755,-0.2439,-0.4174,-1.1106
0.3261,-0.5887,-1.0136,-1.1574
0.5066,0.2257,0.1522,-0.0056
0.0998,0.3458,-0.3512,-0.4239
0.4816,0.3758,-0.2286,-0.3084
-1.1020,-0.6219,-0.7997,0.3820
0.3660,0.1686,-0.0637,0.1273
-0.2658,-0.3846,-1.0528,-1.0311
0.7377,0.3763,-0.7444,-0.3419
-0.2048,0.3313,0.2008,0.0158
0.6965,0.5887,0.0312,0.9972
-0.3034,-0.1517,-0.6469,1.2470
-0.0816,-0.1388,0.0809,-0.7207
-0.1667,-0.0181,0.1372,0.1561
-0.1557,0.1902,0.0203,0.8346
0.3127,0.4425,0.2013,-0.4614
-0.1378,0.0502,-0.4392,0.4135
-0.1646,-0.0428,-0.8463,1.3530
-0.5669,0.1462,-0.5796,0.7853
0.3193,0.3366,-0.2676,0.2316
0.3272,0.2797,0.0370,-0.3279
-0.3590,0.0299,-0.0293,-0.3827
0.5031,0.4293,-1.1992,-0.3922
0.6893,0.2447,-0.0851,-0.2903
0.7251,0.3929,-0.2441,-1.5570
-0.3067,-0.1912,0.8600,-1.0940
-0.2604,-0.2516,0.1419,-0.0184
-0.4466,-0.7680,-0.7233,-1.0991
-0.0255,0.2315,-0.2001,0.0760
-0.0151,0.0096,0.5835,0.4938
-0.9327,-0.4583,0.7202,1.0341
0.2134,-0.0215,0.2267,0.2217
0.2754,0.3471,0.1542,-0.6644
0.3497,0.1746,0.3763,-0.7509
0.4004,0.4691,0.3538,0.1091
0.3165,0.4029,-0.7808,-0.8059
-0.1648,-0.0065,-0.7656,-0.6429
-0.1771,0.2934,0.6511,-0.7643
0.3390,0.0550,-0.9291,0.8868
0.3535,0.2482,0.1010,0.7922
0.2938,0.5507,0.2661,-0.8907
-0.3078,-0.7003,-0.6670,-1.2602
0.0676,-0.0921,0.6367,0.5371
-0.9360,-1.0772,-0.5190,-0.6298
0.3063,0.2314,-0.1629,0.5308
-0.2117,-0.0281,0.0183,0.2022
0.0852,-0.1537,-0.3550,0.7919
-0.3522,-0.1539,-0.1998,-2.0511
-0.1269,0.3786,-0.7043,-1.2250
-0.1228,0.0662,-0.3501,0.2443
-0.0584,0.0511,0.2867,0.2055
-1.0511,-0.9360,-0.3137,0.3846
0.1502,-0.0371,0.2780,-0.0494
0.1445,0.0207,0.1011,0.2388
0.2941,-0.0686,-0.2945,-1.1896
-0.4321,-0.4603,0.0981,-0.3620
0.4928,0.2565,0.0351,-0.5188
-0.4750,-0.0715,0.6315,-0.1634
-0.0959,0.1778,0.2905,0.7862
-0.6773,-0.3446,0.2555,-0.0052
-0.0910,0.1434,0.1928,0.7458
0.6269,0.3669,-0.1231,-0.5477
-0.3125,0.2287,0.4523,0.7659
-0.3960,-0.0575,0.2484,1.1323
-0.7272,0.0440,0.7757,1.0098
0.2527,0.6724,0.6266,1.1846
0.1009,-0.3437,0.5303,1.1354
-1.1996,-0.5792,-0.4644,-0.5817
-0.2809,-0.0115,0.8301,0.0309
-0.1368,0.0976,-0.8490,-0.3791
0.1620,0.3855,-1.1669,-0.6852
0.0305,-0.1212,0.0985,2.3498
0.3713,0.1343,-0.3084,-0.3270
0.0286,0.4319,0.4101,-0.6616
0.5462,0.3185,0.0433,-0.5583
0.9880,0.0099,0.0735,1.5611
-0.4051,-0.1603,0.8789,2.1832
-0.2413,-0.1920,0.5188,0.5283
-0.6520,-0.4413,-0.6663,1.4564
-0.0033,0.0315,0.9876,1.6480
-0.2600,-0.2430,-0.0813,-0.0329
-0.7157,-1.3684,1.8921,0.6195
0.4347,0.1343,0.5636,0.3361
-0.2373,-0.0089,0.2973,1.1084
-0.5885,-0.1942,0.0749,0.5964
-0.2781,-0.6376,-0.1891,-0.4896
-0.1502,0.4583,0.8676,0.4045
1.1204,0.8948,-0.3377,0.2092
-0.1344,-0.1701,0.3804,1.5639
0.1527,-0.0273,0.8376,1.1673
0.0017,0.3568,0.8011,0.3587
0.2483,0.3988,0.4790,1.6051
-0.0841,0.1245,1.5263,-0.5091
0.4331,0.0239,0.9678,0.6541
-0.1301,0.2576,0.1300,-0.5862
-0.0214,0.2250,-0.5134,0.9474
-0.6709,-0.6084,1.7217,1.2228
-0.1252,-0.3939,1.1960,0.8291
0.2883,0.2402,0.7961,-0.5888
-0.0575,0.1499,0.7320,0.3150
-0.2243,-0.2153,0.3438,0.2111
-0.3085,-0.5835,0.5715,0.5516
-0.0077,-0.1321,0.9316,0.8753
-0.7090,-0.2707,1.2376,-0.0678
-0.0941,-0.1229,0.6027,0.5227
0.4673,0.1118,0.5295,-0.2156
0.2861,0.1291,0.7538,2.3430
-0.1409,-0.1335,1.0383,2.2175
0.0760,-0.0316,-0.3556,0.1431
0.1252,-0.1778,0.0305,-0.3563
-0.2123,-0.5174,-0.0197,-0.5781
0.1951,0.0306,0.7757,0.6532
-0.3885,-0.1194,-0.5579,-1.4067
0.3222,0.3638,-0.6735,0.5903
-1.1570,-1.0406,-0.4190,-1.0294
0.1447,0.2382,0.6115,-0.0742
-0.2151,-0.2537,-0.3326,1.0402
-0.1827,0.2511,0.3044,0.7956
0.2067,-0.7987,-1.1919,2.4440
0.5134,0.3734,0.2204,0.2412
-0.9790,-1.0631,-0.2739,-0.2255
-0.1540,0.1078,0.5783,-0.0020
-1.1136,-0.7224,-0.2143,-0.2117
0.2891,-0.0324,0.8985,0.4449
-0.2936,-0.0692,-0.1292,0.0559
0.0926,0.2257,0.4438,0.3051
0.2878,0.2252,0.2360,-0.2694
-0.0947,-0.0141,0.3031,-0.0905
0.0081,-0.1489,-0.0253,0.1528
0.6946,0.4191,0.4540,0.0837
1.0887,0.4131,-0.2343,-0.4875
0.2575,0.3145,0.8815,0.2043
-0.2085,-0.3570,0.0375,-0.1130
-0.3116,-0.4654,-0.2191,-0.3623
1.0057,-0.0164,-1.0673,0.8594
-0.1766,-0.3225,0.2272,-0.3931
-0.1139,0.0188,-0.0714,-0.0031
-1.0586,-0.5901,1.1846,0.0911
-0.1568,0.3065,0.2283,-0.1112
-0.0600,-0.1182,-0.1644,-0.1344
0.3962,0.1827,0.1653,-0.1753
0.4406,0.0685,-0.4581,-0.2350
-0.4172,0.0975,0.3024,0.0723
0.1633,-0.1421,0.0052,0.0411
0.3557,0.0639,-0.0984,0.0962
-0.3275,0.0137,0.6338,0.1586
-0.2251,-0.3498,-0.2088,-0.4866
0.0052,-0.1634,0.8511,2.1521
-0.5722,-0.1198,0.0439,-0.4565
-0.2647,-0.0446,-0.4733,-0.8971
-0.1634,0.0548,0.4922,-0.7093
0.2402,-0.3298,-0.2283,0.7105
0.3857,0.0644,-0.1199,0.0871
0.3092,0.0614,0.5111,-0.7021
0.3868,0.1398,-0.5332,0.8206
0.2171,0.0063,-0.2344,-0.6548
-0.5265,-0.2534,-0.0469,1.9665
0.3776,0.1672,0.2927,-0.7136
0.5647,0.5704,-0.9783,0.0619
0.2788,-0.1086,0.2891,1.1934
0.1427,0.2838,-0.6528,0.8468
0.2495,-0.2069,-0.1118,-0.5568
0.2240,-0.1099,0.0528,-0.7753
0.5529,0.3370,1.5632,0.3668
0.2287,0.1723,0.3780,0.3167
-0.1058,0.3045,0.9880,2.9251
0.5099,0.2439,-0.5800,-0.6572
0.3387,-0.0054,0.5200,-0.3261
0.6041,0.4222,0.4675,-0.1788
0.0819,0.1441,0.4520,0.0631
0.0894,-0.1833,-0.7299,-0.3164
0.0915,-1.4043,-0.7447,-1.3775
-0.4499,0.2530,0.5642,-1.1345
0.1964,0.2088,0.6614,0.2825
0.2218,0.1044,-0.4286,1.1248
0.3496,0.3470,-0.4670,0.0842
-0.2272,-0.2358,-0.6550,-0.6372
0.0032,0.0794,0.2059,-0.3732
-0.5671,-0.2864,0.1589,-0.4762
0.2029,0.2559,0.3608,0.0564
0.0263,-0.0213,-0.2855,-0.1603
0.3289,0.0951,-0.0054,-0.5555
-0.2667,0.0183,-1.1602,0.2205
0.7262,-0.1174,-1.4233,-0.9178
-0.4603,-0.3977,0.1655,0.2422
-0.1304,0.3371,1.3000,2.4091
-0.1346,0.2390,0.6469,0.3483
0.5934,0.1742,-0.7060,-0.6177
-0.7747,-0.0746,0.5454,0.0523
-0.3969,0.2121,0.1907,0.7723
-0.0113,0.0208,-0.0637,-0.7067
-0.6946,-0.6251,0.1188,-0.7535
0.0561,0.0558,0.7630,0.1943
0.0371,0.3997,-0.0064,0.5325
0.4939,0.2619,0.2627,-0.3092
-0.3527,-0.3073,1.2784,-0.2744
-0.1164,-0.3697,-0.6750,0.0291
-0.6055,-0.4876,-0.2533,0.1653
0.4938,0.1714,1.0060,2.4939
-0.6826,-0.3706,-0.0207,0.6441
0.6083,0.1948,-0.4378,0.9043
0.0472,0.0500,0.4571,-0.2406
0.2514,0.0007,-0.6228,-1.2995
-1.1079,-0.9758,0.1743,-0.7857
0.2589,0.1162,-0.3835,0.6530
0.7577,0.3557,0.2877,0.7261
0.2558,0.2241,0.4379,-0.1269
0.0379,0.0037,-0.1050,-0.5876
-0.1691,0.2381,0.5292,-0.1120
0.2086,0.2568,-0.2067,-0.1954
-0.0187,0.0745,0.5661,0.1267
-0.2522,-0.4171,-0.5080,0.5149
0.2628,0.2523,-0.2291,-0.5060
-0.3138,-0.6009,0.9157,1.6876
0.1864,-0.3107,1.0099,0.5265
-0.4917,-0.2014,0.6811,-0.2514
-0.3950,-0.2460,0.9611,-0.7397
-0.8350,-0.7194,1.4390,0.7246
-0.4566,0.0740,-0.6756,0.1558
-0.0960,0.0946,0.5280,-0.1114
-0.0145,0.0397,-0.6925,0.1489
-0.4263,-0.9487,1.0658,-0.8834
-0.6322,-0.2845,-0.0663,0.8394
-0.0508,0.1705,0.8370,1.9950
0.1517,-0.1583,1.5169,1.4765
-0.3932,-0.6351,0.4206,-0.7087
-0.7320,0.0907,0.6682,3.4007
0.2616,0.1536,0.7547,0.6252
0.0874,0.0765,0.6981,0.3764
-0.2474,0.3409,-0.1178,-0.1195
-0.7893,-0.6401,-0.0200,0.5433
0.1422,-0.0269,0.9182,2.1840
0.5548,0.1991,0.7126,1.8231
-0.0727,0.1567,0.6850,1.2437
0.3761,0.2569,-0.8951,-0.1155
-0.0510,-0.6332,1.4185,2.3215
-0.2774,-0.4426,-0.1148,1.1183
0.5378,0.1968,-0.0235,-0.0069
-0.4126,-0.5760,0.2655,0.8569
0.4858,0.0000,-0.0597,0.0194
0.2252,-0.4914,-0.5035,-0.9303
-0.2668,0.0370,0.2675,1.9715
-0.5894,-0.0828,1.3633,0.3436
-0.1745,-0.3852,1.6124,1.0566
0.4364,0.0257,-0.3071,-0.9684
-0.4227,0.3755,0.8776,-0.8672
-0.1547,0.5153,0.7413,2.0378
0.8641,1.0756,-1.4218,-0.9060
-0.5216,-0.5418,-0.1280,0.9794
0.2337,-0.2460,-0.7009,-0.7975
0.7816,0.1025,-0.1682,-1.8192
-0.4353,-0.3533,-0.6659,-0.1145
0.0993,0.2949,-0.7932,-0.7581
0.5149,0.4184,0.1933,0.5001
-0.1633,-0.1728,-0.3396,-0.7636
0.0440,-0.2934,-0.4019,-1.0226
-0.0038,-0.1480,-0.0177,0.7803
-0.1342,0.2905,0.3784,-0.6157
0.5090,0.1508,-1.1073,-0.9193
0.3003,0.2261,-0.2908,-0.7449
-1.0350,-0.2348,0.6295,2.1093
0.3564,0.1661,-0.6188,-1.1045
0.6476,0.2397,0.8859,-0.2487
-0.4221,0.1450,-0.8833,-0.2569
-0.6207,-1.0574,-1.3137,1.0011
-0.2930,-0.0249,-1.4212,-0.8416
0.4231,0.0789,-0.0873,-0.8445
-0.9795,0.3681,1.1587,-0.6116
-0.5051,-0.3985,-0.1265,-0.7830
-0.0738,0.4295,0.5449,-0.2072
-1.0528,0.0499,0.9806,2.9375
-0.4139,0.2618,0.4219,0.1233
-0.2214,-0.7076,-0.7423,0.1437
-0.8007,0.0780,-1.4802,1.0647
0.6802,-0.1362,0.3439,-0.2082
0.4253,-0.0304,1.4127,1.3724
0.4838,-0.0678,0.8027,-0.0537
-0.2449,-0.2358,-0.2076,0.2314
-0.5654,-0.2434,0.7675,1.4451
0.3355,-0.0679,0.9885,1.5982
-0.1125,0.2802,0.0391,1.5998
-0.3648,0.1054,0.5784,-0.3186
-0.0780,-0.1152,1.0060,0.7504
-0.1005,0.0948,0.5696,1.6233
-0.4370,-0.8649,1.7685,-0.3908
-0.2211,0.0391,0.5278,-0.3769
-0.0155,0.0542,-0.5804,-0.8734
0.4825,0.1899,-0.9193,0.6251
-0.0435,-0.0410,-0.1185,0.2824
0.1240,0.3169,0.5429,0.3370
-0.5435,0.4257,0.4615,0.1435
0.5100,0.3932,1.2724,-0.0068
0.0366,0.1024,1.6616,0.7147
-0.2795,-0.3480,1.1535,-0.5900
0.2621,0.3971,0.0572,-0.5183
0.2700,0.5712,1.0600,-0.6128
-0.7325,0.0420,0.7263,-0.2663
-0.1584,-0.2548,0.8355,1.8001
0.0574,-0.1293,1.5601,1.8134
0.6372,-0.3359,1.6270,1.6354
0.1191,0.3374,1.4522,1.9719
0.5806,0.4539,0.1387,2.4826
0.3221,0.5551,0.5143,-0.6060
0.3233,0.1340,0.0268,1.4884
-0.2728,0.0766,0.8959,-0.0972
-0.3117,0.0887,0.9685,1.8928
-0.0686,-0.4371,-0.2325,-0.2144
0.1848,-0.7085,-0.8397,0.5541
-0.3554,0.2401,-0.5024,1.2028
-0.0411,0.1332,0.5530,0.3344
-0.0917,0.5372,0.4634,1.2391
0.2182,-0.6269,0.1176,1.3125
0.5437,-0.0724,-0.2623,-0.9662
-0.0398,-0.8027,-1.4283,-0.4736
-0.5707,-0.6045,0.7627,0.3354
-0.5958,-0.3966,-0.7294,-0.3936
-1.1222,0.6156,0.6448,2.1066
0.6393,-0.0681,-1.0901,-0.8557
-0.2891,0.3338,1.4065,0.0271
-0.3432,-0.2144,1.2107,0.7960
-1.0591,-0.9000,-1.5695,-0.7959
0.3170,0.4543,-0.2097,0.5619
-0.0802,0.0406,-0.4210,0.6445
-0.7537,-0.5136,-0.0439,-0.2493
-0.5016,0.0064,-0.9959,0.0852
-0.9156,-0.5864,0.6595,0.4539
-1.1546,-0.9865,-0.4861,-0.5710
0.3330,0.0506,-1.6064,-0.5418
-0.7027,-0.1742,0.1417,2.2656
-0.2162,0.2244,-2.1270,-1.2275
-0.1810,0.2022,-0.5764,-0.3288
0.4224,0.1167,0.5610,-0.3950
-0.6010,-0.3774,1.0821,1.0436
-0.4991,-0.9868,-0.2048,0.9542
-0.8063,-0.9361,0.2771,1.6632
-0.6734,-0.1975,0.5499,0.7241
-0.0515,-0.2671,-0.6690,-0.2650
-0.3345,0.0037,0.2373,-0.0658
-0.3227,-0.4169,1.0071,0.5683
-0.4911,-0.7679,1.7627,-0.3433
0.2567,-0.0158,0.8405,0.3444
0.1343,-0.1523,-0.3708,-0.8098
-0.0100,0.0127,1.3019,0.0939
0.2196,0.5366,1.3710,0.7941
-0.3025,-0.2754,-0.0849,-0.0369
0.9260,0.3413,-0.4314,-0.4846
-0.0439,-0.3924,1.3718,2.6981
-0.0354,0.2485,-0.0944,-0.6305
0.1635,-0.1508,1.1989,0.3868
-0.5471,-0.0272,1.0190,0.3965
0.0987,0.2985,-0.1910,-0.0579
-0.5186,-0.6200,-0.5815,0.2996
-0.7429,-0.2425,0.2607,0.9484
-1.2223,0.0366,0.2697,0.3834
0.0029,0.3669,0.5520,-0.2778
-0.2561,0.2103,0.8044,-0.1566
0.3168,-0.5107,-0.0692,-0.7846
-0.3898,-0.3964,0.7356,1.8582
0.1124,-0.0885,0.6260,-0.0850
-0.2509,-0.2561,0.0156,-0.4307
0.1280,-0.1511,0.4287,2.0123
0.0287,-0.0868,0.0960,2.2035
-0.1821,-0.0542,-0.4142,-1.4434
0.3659,-0.0756,1.1045,0.6920
0.0034,0.2904,0.3026,-0.6682
0.0031,-0.2168,-0.3162,-0.7062
0.4915,0.1444,0.1655,-0.2213
0.0710,-0.0468,1.6166,2.7626
0.3735,0.4902,0.2719,-0.1444
0.5286,0.3581,-2.0704,-0.7896
0.4961,0.3076,0.1572,-0.2395
0.4731,0.0738,-0.3063,0.3647
0.7519,0.5273,-1.0612,-0.9696
0.7266,0.5274,0.8978,0.9288
0.1068,0.2028,0.0233,0.2703
0.3039,0.6633,-0.0060,0.8090
-0.1310,-0.1162,0.9428,0.3906
-0.4297,-0.4371,0.2804,0.5519
0.3897,0.0984,-1.3050,0.8926
0.2330,0.2314,0.9854,-0.2034
0.5239,0.2758,-0.6601,-0.8161
-1.2221,-0.3081,0.2690,-0.5225
0.6262,0.5356,-0.4331,0.2994
0.8774,0.0235,-0.4602,-0.8521
-0.1750,0.1202,1.0532,-0.9509
0.2682,-0.0122,0.2237,-0.0821
0.8201,0.4674,-0.2696,0.3110
0.0517,0.4094,0.6756,3.1711
0.2822,0.4104,0.3571,1.0779
-0.2619,-0.1011,0.1895,-0.2697
-0.5221,-0.4427,-0.0778,-1.2517
-0.1844,-0.6411,-1.7026,-1.1174
-0.9098,-0.6141,0.6922,-0.1848
-0.2206,0.0590,-1.1314,-0.4822
-0.7527,-0.8142,0.0273,-0.6131
0.1715,0.2379,0.2405,-0.0627
-0.0026,0.1405,0.6874,0.9485
-0.0287,-0.1411,-0.0316,0.3014
0.1735,0.3131,0.6011,0.0891
-0.8223,-0.1908,-1.3182,-0.2616
0.0832,-0.4283,-0.6116,-0.9545
-0.5492,-0.0171,0.2577,-0.5712
-0.2346,0.0940,0.1476,-0.4724
0.2448,0.2905,-0.2632,-0.2426
0.2131,0.0859,-0.2390,0.0277
0.3279,0.2606,-1.1529,-0.9267
-0.2058,-0.1994,-0.8922,-1.3951
0.0560,-0.0158,0.8655,0.2118
0.2585,0.1609,-0.0268,-1.3719
-0.0366,-0.0210,0.5657,0.9133
0.5265,0.1136,0.3491,0.6116
-0.9110,-0.0542,-0.3731,-0.7267
0.0668,-0.1813,-0.5614,0.5851
0.0585,-0.0263,-0.1727,-0.5768
0.3579,0.0412,0.8218,0.9189
-0.7933,0.3046,1.0821,0.0969
-0.0931,0.2319,0.5727,-0.9809
0.1336,0.0132,-0.7031,-0.8469
0.1216,0.0501,-0.1137,0.0217
0.4033,0.5535,-0.9937,-0.8192
0.1886,0.2060,-0.6341,-0.1505
0.2813,0.1420,-0.6693,-1.4281
0.5536,0.5891,-0.0225,-0.3596
-0.5452,-0.2029,0.0389,0.3513
0.1280,-0.0018,0.5745,0.4137
0.1668,0.3209,-0.2002,-0.8764
-0.3767,-0.1136,0.9847,0.2754
0.8841,0.4136,-0.8810,-0.6536
0.3722,-0.1381,0.1358,0.1811
-0.0139,0.1196,0.4159,1.1479
-0.3877,0.0683,-0.0360,-0.6433
0.3142,0.1236,0.5447,-0.2123
0.6135,0.0967,-0.3241,-0.4570
0.2494,-0.1658,-0.4861,-0.4461
0.3049,0.2347,0.0160,-1.1192
0.1886,-0.0568,0.3295,1.9161
0.4206,0.2026,-0.3377,-0.2000
0.1852,-0.0471,-0.4119,-0.2553
0.1228,0.0637,-0.7446,-0.4663
-0.0634,0.1667,-0.7782,-0.1552
0.1554,0.0290,-0.1087,-0.3466
-0.3124,0.1276,0.1242,1.5337
0.2362,0.5172,-0.2016,0.1104
-0.2228,-0.4321,-0.4884,2.5478
-0.0096,0.1566,0.6841,0.2677
0.1635,0.0314,0.1110,-1.3306
0.3417,-0.6573,-1.0820,-0.4145
-0.4430,-0.1972,-0.6414,-0.2367
0.0320,-0.1890,-0.5213,0.6512
0.5822,0.2579,-1.0680,0.0545
-0.2641,0.0017,0.2402,0.4276
0.0431,-0.1907,-0.0923,0.6719
0.2062,0.1629,-1.3011,-0.5368
0.6887,0.7006,1.1765,0.1433
0.3642,0.0852,-0.0041,0.4424
0.8207,0.5015,-0.2497,-0.2800
0.0883,-0.0171,-0.8712,-0.7022
0.7456,0.4769,-0.3927,-0.7432
-0.0827,-0.1659,-1.1788,-0.5924
0.2742,0.0707,0.2156,-0.5373
-0.6517,-0.3840,0.3231,-0.2812
-0.2120,-0.3141,0.1998,0.4758
0.3748,-0.4304,0.8711,2.0193
0.1569,-0.0306,0.3574,0.0506
-0.8441,-0.6517,0.7132,-0.4935
-0.2753,0.2327,0.3973,-0.5415
-0.4112,0.3150,0.7152,0.0211
-0.2849,-0.0547,0.3365,-0.1379
-0.5205,-0.3549,0.4788,-0.7168
-0.3233,-0.0375,0.7257,1.0347
0.2056,0.2703,0.2945,0.3884
0.2739,0.2855,-0.2072,-1.0381
-0.6992,-0.1989,1.2525,2.2906
-0.4661,-0.7711,0.6691,0.8925
0.3324,0.2091,1.0647,0.2857
-0.1150,-0.4103,0.9434,1.4723
-0.7429,-0.1025,1.1908,-0.2152
-0.1905,-0.3480,0.5097,-0.7493
-0.6388,-0.3130,0.2814,-0.1082
-0.5168,-0.3923,0.4733,0.0185
0.1510,-0.5418,0.0433,1.0317
-1.1560,-1.0411,-1.1853,1.5783
0.0331,0.1531,-0.1618,-0.8178
-0.3124,-0.2363,0.1463,0.5326
-1.0322,-0.7534,0.6317,0.7053
-0.0312,-0.2734,0.0928,-0.7896
0.1792,-0.1595,-0.2893,-0.4705
-0.7281,-0.2712,0.1714,-0.6668
-0.3218,-0.4418,-0.8270,2.2762
-0.1425,0.1589,0.7395,-0.1314
-0.4087,-0.2230,0.1983,0.2485
-0.6814,-0.7157,0.4327,-0.4049
-0.7937,-0.4580,0.3428,-0.6527
-0.2939,-0.6409,0.0167,-0.5595
-0.1960,-0.3766,-0.0098,-0.6451
-1.2971,-1.0898,0.4117,-0.3321
-1.0499,-0.3286,0.5211,-1.2363
0.1646,0.0075,0.5842,0.3011
0.0451,0.1968,0.0510,-0.4422
-0.3678,-0.3564,0.1999,-0.7778
0.3023,-0.5926,-1.0655,0.6705
-0.6121,-0.2219,0.4250,-0.1295
-0.8117,-0.6082,0.4939,-0.4818
-0.3493,-0.1924,0.2419,-0.3252
-0.0882,0.0563,0.0050,-0.3711
-0.3731,-0.1263,0.6003,0.0387
-0.0400,0.0070,0.3676,0.5932
-0.4203,-0.1107,0.8818,-0.2632
0.6155,0.0554,0.3122,0.1901
0.3248,-0.0245,0.2337,-0.5341
-0.2518,-0.0746,-1.3195,-0.9652
-0.4519,-0.7941,-0.5607,0.1594
-0.2127,0.8173,-0.2793,-0.5297
0.4618,0.3997,0.0554,-0.3132
0.1869,-0.7460,-1.2783,-0.4722
0.5393,0.3676,-0.1957,-0.5851
0.0261,0.1389,0.5346,-0.0289
-0.2381,0.0866,1.1620,1.1000
-0.3279,0.0041,-0.4941,0.9836
0.7419,0.4432,-0.9781,-1.0740
-0.0164,-0.2127,-0.3873,1.3109
-0.3195,0.0256,0.3875,0.0927
0.1183,0.1083,-0.0414,0.7750
0.2112,1.5683,-0.1471,-0.6706
-0.0414,0.2645,0.3772,-0.7654
0.2631,0.0409,-0.0508,-0.5854
0.4050,0.3603,-0.5436,-0.0351
0.2603,-0.2325,0.3782,0.2803
0.0364,-0.2302,0.2231,1.2995
0.2452,0.1616,0.2784,-0.4121
-0.1200,-0.2735,0.2024,-0.2457
-0.3951,-0.5785,-0.0917,0.0375
0.5305,0.2211,-0.5792,-0.0141
0.5852,0.4201,-0.3016,-0.2104
0.1587,0.0567,0.4491,-0.1136
-0.0017,0.2382,0.7454,-0.5055
-0.5058,-0.1887,-0.2272,-0.2613
-0.0240,0.1429,1.2375,2.3931
0.0354,0.1176,0.4775,0.0572
0.4140,0.4483,0.1026,0.2369
-0.2605,-0.3211,0.5013,2.3436
0.1392,0.2605,-0.4779,0.0385
0.3855,0.4964,0.8148,0.9866
-0.3011,0.1064,1.2264,1.4699
