-0.3862,0.5143,0.1122,0.0466
-0.4636,-0.3669,0.4220,0.2542
-0.3575,0.3519,-0.2949,0.0686
0.5149,0.0586,-0.0175,-0.0363
-0.1730,-0.0805,-0.1975,-0.0598
-0.7950,0.0750,0.0159,0.1762
-0.0001,0.2710,-0.0921,0.1936
0.1998,0.2266,-0.3958,-0.1482
-0.5865,0.0733,0.3382,0.4453
-0.3951,-0.3489,0.4110,0.1289
-0.8319,-0.0144,0.3009,-0.0065
0.3112,0.3658,-0.0542,0.2555
-0.3811,-0.9175,0.0487,0.0701
-0.2230,-0.4801,0.8184,0.0793
0.1681,0.2690,-0.9356,-0.2384
-0.1574,-0.8358,0.5071,0.0100
-0.2627,-0.1166,0.7385,0.4243
0.2126,-0.1846,-0.2228,-0.2336
-0.0259,-0.1459,-0.5147,-0.2430
0.0227,0.3294,0.3120,0.2688
-0.6390,0.1899,-0.3166,-0.1035
-0.2022,-0.2586,-0.3391,0.0162
0.2872,0.3076,-0.0357,0.0584
0.0623,-0.2607,0.2234,-0.0344
0.3646,-0.0014,-0.2169,0.0736
0.4134,-0.2199,-0.5768,-0.3464
-0.2846,-0.0927,-0.0632,-0.1375
-0.2585,-0.3734,1.1324,-0.3286
0.0949,-0.0244,0.9186,-0.1235
0.0429,0.1798,-0.1076,0.1648
0.2580,0.1826,-0.2037,-0.5274
-0.3692,0.5176,-0.2947,-0.4002
0.0632,0.1426,0.4113,-0.3095
-0.3463,0.0410,-0.3167,0.1992
0.3685,0.1120,-0.6293,-0.3840
-0.6139,0.0793,-0.1873,0.1083
-0.3032,0.1367,-0.3379,-0.6110
-0.0930,0.0542,-0.5436,-0.1435
-0.3541,0.0070,0.2752,0.8057
0.5767,0.3289,-0.2232,-0.1756
-0.1235,-0.6217,0.5234,0.2015
0.5609,0.3047,-0.3828,0.0060
0.0464,0.0426,-0.5624,-0.4845
0.0999,0.6491,-0.1144,-0.5294
-0.1727,0.4104,-0.2026,-0.1824
-0.4874,0.2726,0.0795,0.1748
0.0144,0.1820,-0.6643,-0.2811
0.0937,0.3819,0.3363,-0.1710
-0.3520,-0.3187,-0.8805,-0.3633
0.7389,0.4126,-0.2341,-0.1739
0.2288,0.0571,-0.3309,-0.1724
-0.2130,0.0159,-0.5547,-0.2569
-0.1350,0.2484,-0.2925,-0.3028
0.0603,-0.0380,-0.5157,-0.1812
-0.4399,-0.1358,0.5042,-0.2956
-0.2396,0.3041,-0.5422,-0.0261
-0.3368,0.1615,-0.1251,-0.2685
1.2012,0.0343,0.2900,-0.1161
-0.3551,-0.4053,-0.4541,-0.4365
-0.0802,0.2269,-0.6537,-0.4907
0.6135,0.2621,-0.4533,-0.4438
1.0113,-0.1248,0.0341,0.4922
0.1397,0.3493,-1.2471,-0.1517
0.2175,0.2777,-0.2076,0.3873
-0.2926,0.5257,0.1905,-0.0828
0.1147,-0.0585,-0.7959,-0.0190
-0.0812,0.3097,-0.3253,-0.1789
0.1662,-0.1427,0.0448,0.0032
1.9189,0.1742,-0.4303,-0.1475
-0.0858,0.7451,-0.6311,-0.1321
0.1816,0.4638,-0.1212,0.1342
0.4483,0.2448,-0.0668,0.0440
0.3705,0.2564,-0.5534,0.0268
-0.2506,-0.0094,0.6288,0.1793
0.3108,-0.0807,-0.0460,-0.1840
0.0545,0.0671,-0.2353,-0.8970
0.2252,0.2527,-0.0331,-0.2033
0.3542,-0.0972,0.1114,-0.0023
0.0816,-0.2568,0.5131,-0.1495
0.0304,-0.0511,-0.1006,-0.2861
0.2642,0.0934,-0.1330,0.0041
-0.6340,0.1084,0.2591,0.1223
-0.0307,-0.0541,-0.2296,0.0987
-0.3553,-0.0032,0.0070,-0.3333
-0.0062,-0.4652,-0.1779,-0.7546
0.3656,-0.0002,-0.2258,0.0622
0.0645,-0.0117,-0.4146,-0.3475
0.6554,-0.1941,-0.0944,0.0450
0.8473,-0.0864,0.1499,-0.0089
0.5933,-0.0111,-0.4222,-0.2456
0.1265,-0.1339,-0.2762,0.0282
0.7172,-0.0647,-0.3263,0.0613
0.2086,-0.2017,0.0552,0.1411
0.3522,-0.2946,-0.2866,0.1402
-0.2165,-0.7994,-0.0991,0.1521
0.3276,-0.2129,-0.1698,0.0429
0.6422,0.0383,-0.4478,0.0994
0.1518,0.1150,-0.2143,0.1368
-0.0349,-0.5601,0.7563,0.6008
-0.9114,0.2010,0.6310,0.0976
0.6581,0.1689,0.6180,0.7282
0.0122,0.0135,0.1967,0.3691
0.4959,-0.0593,-0.5038,0.0919
-0.1895,0.0170,0.8023,0.6589
0.4486,-0.0151,-0.2160,0.1239
0.4539,0.1335,-0.1415,0.0990
0.1207,0.0458,-0.6053,-0.2832
-0.1652,-0.9314,-0.4627,-0.2296
0.7026,0.8189,-0.2289,-0.1038
0.8015,0.0850,0.1708,-0.3192
0.5910,-0.6196,1.0721,0.4397
-0.1920,0.5055,1.3181,0.1534
-0.8994,-0.0837,0.9868,0.0347
-0.6346,-0.3089,1.3704,0.3324
-0.3418,-0.0836,1.3193,0.3753
-0.3965,-0.9238,0.4947,0.0592
-0.7036,0.1620,1.0092,0.0210
-0.4351,0.2721,0.0029,0.4183
-0.1386,-0.4016,-0.0446,0.1284
-0.7738,-0.4968,-0.1475,0.2348
-0.0566,-0.4010,-0.1455,0.2584
-0.7513,-0.5482,0.5237,-0.2266
-0.7001,-0.2133,0.3474,0.5627
-0.0102,-0.3395,0.0789,0.5490
0.0011,-0.2222,0.8637,0.2085
0.0656,0.4170,-0.1815,-0.0329
0.4554,0.1051,-0.7466,0.0247
0.3949,-0.1492,-0.3686,-0.1186
0.0109,0.5546,0.2057,0.1935
-0.4784,-0.1699,0.4508,-0.2026
-0.0800,0.1839,-0.5788,-0.2079
0.0728,0.2991,0.0456,-0.5857
0.2490,0.3000,-0.3870,-0.1224
0.3403,0.3021,-0.1795,0.6193
0.6337,-0.0029,-1.0466,-0.1337
0.4722,0.1435,0.7205,0.8514
-0.4943,-0.2188,-0.1880,0.2221
-0.1239,0.0969,0.4587,-0.3251
-0.0867,0.4353,-0.1943,0.0836
0.5659,0.0927,-0.5180,-0.1032
0.0535,-0.0584,0.0827,0.0628
-0.0787,0.0415,-0.2149,0.0587
-0.7407,-0.0022,0.4724,0.2500
-0.4120,-0.2320,-0.4835,0.0991
-0.7356,-0.3061,-0.0402,-0.5216
-0.2681,0.3390,0.1423,-0.0397
-0.3268,-0.0265,0.2985,-0.1996
0.3774,0.1107,-0.6388,-0.1479
-0.0656,0.2278,-0.4316,0.1746
-0.3533,-0.3148,0.4913,-0.0161
-0.2064,-0.1352,-0.5550,0.1526
0.2828,0.4337,-0.2959,-0.2150
0.2924,-0.0310,-0.4203,-0.1581
0.6492,0.2564,-0.4037,-0.1707
-0.1079,0.2628,0.1898,0.0239
0.1972,0.0659,0.6652,0.4044
0.7858,-0.1028,-1.1062,-0.0456
0.0439,0.0581,-0.0339,-0.3369
0.2159,0.3752,-0.3915,-0.2702
0.4460,0.5767,0.5185,-0.1541
-0.1909,-0.3620,-0.9551,0.2825
-1.0514,-0.5779,-0.7756,-0.2783
0.0396,-0.0388,0.0888,0.0164
0.3796,-0.5518,0.0731,0.0674
-0.2482,-0.5057,0.0084,0.4609
-0.3050,-0.6725,0.0770,0.2269
-0.2214,-0.4725,0.0794,-0.0321
-0.3543,-0.5130,0.1624,-0.1261
-1.0839,-0.1193,-0.2369,0.0859
-0.2819,-0.0818,-0.5041,0.2056
0.1369,-0.1729,-0.1222,-0.2888
0.4441,0.3629,-0.3549,-0.0271
0.3153,-0.3076,0.1957,0.2427
0.8034,0.3453,-0.4807,-0.0429
-0.2380,0.3692,-0.3487,-0.0699
0.7532,-0.2409,-0.4100,0.1554
-0.0277,0.1598,-0.2808,-0.1126
-0.1983,0.0872,-0.6410,-0.2608
0.1977,-0.4867,0.0355,-0.3995
-0.1648,-0.4605,-0.9257,-0.3394
-0.0698,-0.1792,0.5607,-0.1583
-0.0684,-0.2235,0.2626,-0.2019
0.5033,0.2195,-0.4255,-0.3034
0.0894,0.3356,-0.0053,-0.4130
-0.1078,0.0611,0.5584,-0.2659
-0.0720,0.1539,-0.1635,-0.2485
0.0678,-0.3723,0.1881,-0.1207
0.1742,-0.3813,0.4596,0.4149
0.4580,0.2811,-0.3804,-0.1076
0.1671,-0.0852,-0.1758,0.0906
-1.1496,-0.0493,1.1287,0.3784
-0.3090,-0.1970,0.3647,-0.2091
-0.3597,-0.3622,0.4617,0.0458
1.0502,0.4086,0.0177,0.3543
0.5658,0.2029,-0.5450,-0.4645
0.1179,-0.0589,-0.1318,-0.3353
0.7974,-0.2372,-0.0476,0.4132
0.4860,-0.1742,0.3073,-0.0140
-0.5263,-0.5688,0.3704,-0.2434
0.3716,-0.4352,-0.6569,-0.0228
0.0075,-0.1029,-0.8269,-0.3084
0.2789,0.7129,-0.4065,0.2571
0.2986,-0.1761,-0.4766,-0.1952
-0.0106,-0.5145,-0.1263,-0.3365
0.1415,-0.0333,-0.2228,0.3557
0.1676,0.1775,0.3019,0.2882
-0.9531,-0.0893,1.2971,-0.2237
-0.1159,-0.0476,1.1400,1.7259
0.4695,-0.1598,-0.2025,-0.5324
0.2020,0.2296,-0.4945,-0.5556
-0.5650,-0.5646,0.0385,-0.5961
0.5481,0.1335,-0.3164,0.1314
-1.0206,-0.0915,-0.1390,-0.0570
0.1962,-0.3659,-0.1188,-0.4321
-0.4992,0.1251,-0.4095,0.0232
0.2797,-0.2776,0.1012,0.6697
-0.6765,0.2168,0.1094,-0.3769
-0.3442,0.0585,-0.1722,0.1598
0.1248,-0.3314,-0.1519,-0.1029
0.5915,-0.3860,-0.1013,0.2455
-0.2283,0.0029,-0.0132,0.1590
0.4140,-0.3954,0.3606,0.8564
0.0210,-0.4666,0.4233,0.1566
-0.1904,0.2364,-0.4932,-0.0550
0.2319,0.5013,1.0531,0.6418
0.2973,0.1976,-0.1785,-0.0826
0.6321,0.5561,-0.3482,-0.0852
-0.0101,0.1040,-0.1128,-0.3791
0.3086,0.3974,-0.2882,-0.1928
0.3144,-0.0882,0.3355,0.0211
0.0921,0.3134,-0.2518,-0.3868
0.0101,0.1281,0.3752,-0.2148
-0.1823,-0.0167,-0.3695,0.1560
0.0041,-0.1036,-0.6319,-0.1195
0.7587,-1.1565,1.3556,-0.3686
0.2807,0.0938,-0.2244,0.4459
0.4152,0.1437,-0.4125,0.2486
0.3432,0.2631,0.4975,-0.0009
-0.0545,-0.1572,0.3762,-0.1105
-0.1935,-0.0148,0.2797,0.1559
0.0077,-0.0973,-0.1642,-0.1168
-0.4383,0.2110,-0.1385,0.2622
-0.6987,-0.0057,0.2269,-0.0198
0.5674,-0.2356,-0.3855,0.0406
0.0572,-0.0871,0.0635,-0.2987
0.0778,0.2885,-0.2650,-0.5377
-0.3010,0.0501,0.2554,0.0484
-0.3536,0.2188,-0.0330,0.1102
-0.4405,-0.0338,0.1988,-0.1165
-0.2827,-0.0424,-0.2472,0.0564
-0.5902,0.1176,0.3864,0.1536
-0.4883,-0.0364,0.0189,-0.5944
-0.1396,0.3436,0.3140,-0.2090
0.0127,0.1995,-0.5051,0.1410
0.8539,-0.1873,0.2125,0.2396
0.0180,0.1781,0.3660,-0.4251
0.5877,0.1184,1.0653,-0.1028
0.2256,-0.1233,0.4987,0.5222
0.0779,-0.5661,0.0247,0.4300
-0.1575,0.1173,-0.6742,0.1836
0.4914,-0.1767,-0.1939,-0.7715
0.9278,0.3523,0.1492,0.4265
-0.0437,0.2980,-0.6277,0.2867
-0.5825,0.0906,0.4561,0.2194
0.1491,0.1690,0.1331,-0.2438
-0.3165,-0.1999,-0.4680,-0.0789
0.1937,-0.0099,-0.1424,0.2365
-0.0758,0.6808,-0.0923,-0.1543
0.3911,0.0998,-0.6686,-0.2449
-0.5797,-0.0502,1.3644,0.8047
0.0569,0.0784,-0.3372,-0.1594
0.1534,0.3573,0.1838,-0.0078
0.1700,0.2188,-0.0156,0.0064
0.0822,0.1908,0.0151,-0.3828
0.1421,-0.0151,0.1155,-0.2635
-0.0637,-0.2744,0.2349,-0.0115
0.3384,0.2803,0.1927,-0.1167
0.0964,0.1279,-0.0807,0.2950
-0.5416,-0.5353,0.1928,-0.1367
0.1604,0.1412,-0.3730,0.1163
-0.0467,0.1889,0.2393,0.0901
1.4201,-0.2433,-0.3167,0.1055
0.6848,0.0697,-0.1357,0.1685
0.0854,-0.4160,0.4888,0.5416
0.0489,-0.4052,0.9779,0.1800
0.6200,0.2406,0.2404,0.0010
-0.2069,-0.2542,0.3428,0.1009
-0.2953,0.5942,0.2754,-0.0096
-0.0657,-0.1383,0.2327,0.2045
0.2216,0.0878,-0.6490,-0.3421
-1.1585,0.1858,-0.4561,-0.1674
-0.2813,0.4345,0.6123,0.1579
-0.7396,0.2714,0.3937,0.6453
0.0930,-0.0637,-0.1513,-0.0738
-0.0295,0.1193,0.3817,0.3881
0.1592,-0.0506,-0.1773,0.1137
0.3401,-0.2317,0.7601,0.4947
-0.4068,0.2980,1.0126,-0.0560
-0.1932,0.1482,0.3454,-0.4033
-0.2522,0.2696,0.1749,0.3705
-0.4030,-0.1581,0.0173,-0.5477
-0.1422,0.0860,0.1628,0.0343
0.0062,0.2700,-0.0453,0.0016
-0.4335,0.1929,0.7676,0.1444
-0.3684,0.0617,-0.0929,-0.2696
-0.2523,0.2293,1.2523,-0.0366
0.2768,-0.2633,-0.2694,-0.6297
-0.0772,-0.0236,-0.7899,0.3903
0.1025,-0.2389,-0.1156,0.5018
0.5019,-0.1652,0.4234,-0.3893
0.3679,-0.5163,0.3238,-0.4178
-0.5111,0.1981,0.4780,-0.1746
0.5878,-0.6839,-0.4425,0.0131
-0.5330,-0.0276,-0.3034,-0.5271
-0.1473,0.1461,0.5558,-0.2774
-0.4868,0.0366,0.6655,0.7212
0.0970,-0.1735,0.3325,-0.1658
0.3617,-0.7275,0.5407,0.0301
0.1457,0.2519,-0.2590,-0.1993
-0.0486,-0.3802,0.7233,0.6986
0.0092,-0.0219,0.2750,-0.0767
0.2673,0.1688,-0.8855,-0.0325
-0.0816,0.2379,-0.4095,-0.0394
-0.5065,0.1332,-0.1471,-0.1696
-0.2738,0.0730,-0.0946,-0.1049
0.0363,0.0408,-0.8145,-0.1524
0.0738,-0.1030,0.6289,0.5660
1.5813,0.2813,0.5201,0.4683
-0.3231,0.2993,-0.7477,-0.0514
-0.0842,-0.0919,0.3136,0.1402
0.2744,0.2369,-0.1209,0.1011
0.3826,0.1719,0.0582,-0.2635
0.6977,0.2278,-0.4605,-0.0849
0.0577,0.1845,1.8320,1.2733
-0.2389,-0.0768,-0.3453,-0.2030
-0.0895,0.2544,-0.3792,0.0157
-0.2739,0.4507,0.2306,-0.2264
0.3888,0.2402,-0.5482,-0.1110
0.5079,0.4464,-0.1861,-0.0081
0.1582,0.0877,-0.2478,-0.1027
-0.3760,-0.2373,0.5279,0.0845
-0.1470,0.1449,-0.0402,-0.1101
-1.0632,-0.3142,0.2001,0.1801
0.1281,0.2531,0.0526,-0.0257
-0.0099,0.2461,-0.1945,0.0391
0.5958,0.5093,-0.1239,-0.0561
0.0808,-0.0463,-0.4381,0.0067
0.1684,0.4813,-0.0999,-0.0871
0.6199,0.4503,0.4911,0.5852
-0.2931,0.0404,0.8787,-0.6280
0.5202,0.3462,0.1876,-0.0101
-0.0008,-1.1104,-0.6944,-0.2193
0.0113,-0.4564,0.0086,0.1321
0.1978,0.4432,-0.1463,0.1713
-0.0228,0.2342,-0.1001,-0.2432
-0.7760,-0.3308,-0.8791,-0.2785
1.0302,-0.3095,-0.9309,-0.3137
-0.6750,-0.5906,-0.3404,-0.0534
0.0131,-0.0916,-0.9015,-0.0899
-0.7049,0.0919,-0.0414,-0.4988
-0.4230,0.0735,-0.8431,-0.3189
0.3173,0.0184,-0.1803,-0.0042
-0.8908,-0.5506,-0.4214,0.0301
0.1121,-0.5361,0.4014,0.5228
-0.5581,-0.0394,0.3875,0.0207
-0.0649,0.0306,-0.0553,-0.6189
-0.0979,-0.2381,-0.7443,0.0476
-0.3013,-0.2052,1.3648,0.5783
-0.1358,-0.1898,0.7024,0.3105
-0.4781,0.3015,0.0867,-0.0170
0.2186,0.0771,-0.3887,0.0719
0.0952,0.5748,-0.6275,-0.1948
0.2402,0.1382,-0.2654,0.1209
0.8444,0.4634,-0.3175,0.2354
0.6828,0.6882,-0.0960,0.2877
-0.1133,0.4663,0.1577,-0.2451
-0.0865,0.0913,-0.4851,-0.4105
0.2395,0.1891,-0.1685,-0.2114
-0.1369,0.4050,0.8016,-0.0021
-0.4440,-0.2400,0.4467,0.0456
0.2471,0.4485,0.2325,0.3236
0.5802,0.2867,-0.5389,0.0139
-0.8043,-0.0465,-0.3909,0.2891
-0.6099,0.0296,0.5046,-0.5681
0.1073,0.1559,-0.7931,-0.2599
-0.0934,0.2641,0.2856,1.0525
0.6962,0.1271,-0.2219,-0.0581
-1.0713,-0.6146,0.2475,-0.0659
0.5349,0.1119,0.3335,0.5920
-0.9422,0.2258,1.2683,0.1228
0.0682,0.0912,-0.1871,-0.2374
-0.2387,0.6332,0.3964,0.4911
-0.3876,-0.5568,-0.2452,0.0138
-0.1659,0.1145,-0.2659,0.0165
-0.0905,-0.1334,-0.4076,-0.4612
-0.0685,-0.2104,0.5360,0.0940
-0.4126,-0.7186,-0.2945,0.0011
-0.0754,-0.8437,-0.1867,0.0983
-0.6138,0.0082,0.2133,0.0150
-0.1959,0.0562,-0.5466,-0.8093
-0.3745,-0.2633,0.1632,0.1475
0.1910,-0.0159,-0.1107,-0.1168
-0.3225,0.0057,-0.0237,-0.0239
0.9754,0.1948,0.1061,-0.0253
-0.0335,0.2014,-0.4094,0.3036
0.4862,0.0718,-0.0719,0.0103
0.6392,0.4962,-0.1795,-0.0024
-0.0619,-0.3016,0.3100,-0.0926
0.0302,-0.0258,0.0825,0.4773
-0.4736,-0.6575,-0.8810,0.0313
-0.2393,-0.3004,0.4684,0.0084
-0.6485,0.1716,-0.0124,0.1165
-0.0190,0.0923,-0.2623,-0.0931
-0.4010,0.1754,-0.1777,-0.3692
-0.2655,0.1490,0.3305,0.0061
-0.1407,-0.0061,0.1508,-0.2232
0.6277,0.2606,0.0190,0.0495
0.1893,-0.2906,0.0918,-0.1605
0.0224,0.0571,0.0077,0.1019
0.0586,-0.0840,-0.2329,0.0075
-0.1935,-0.0900,0.1079,0.0816
0.2121,-0.3815,0.0331,-0.2220
-0.2253,-0.0240,-0.3491,0.0645
-0.7311,0.2589,-0.4622,-0.2090
0.1618,0.1560,0.2491,0.0216
0.0688,0.4148,-0.0884,1.3580
-0.1721,-0.5164,0.6112,0.7564
0.4074,0.2565,-0.3396,0.0137
0.0634,0.5708,-0.2129,-0.0532
0.0812,0.2352,-0.0151,0.0631
0.5676,0.5487,-0.4178,-0.2953
-0.1955,-0.0213,0.3675,-0.6045
0.2810,-0.0383,0.5519,-0.1578
-0.4898,-0.4761,-0.2396,-0.1249
0.2962,0.0432,0.0631,-0.2066
0.2993,0.0451,-0.3848,-0.1262
0.5442,-0.3852,-0.8818,-0.7447
-0.0644,0.2582,0.3328,-0.2488
-1.1154,-0.0029,0.7089,0.2200
-0.2727,-0.1921,-0.2509,-0.1027
0.0804,0.1880,-0.1001,0.3845
-0.0960,0.4461,-0.1169,0.1010
0.0287,0.2543,-0.2043,0.1710
0.2283,0.1261,-0.4185,0.3903
0.3612,0.5076,-0.4688,-0.2147
-0.1349,0.0562,0.0633,-0.2406
-0.2421,0.4010,-0.3059,-0.1289
0.4015,0.3430,0.3954,0.2793
0.7875,-0.4391,0.4161,0.3549
-0.2240,-0.1363,0.0919,-0.4560
-0.1503,-0.2992,-0.1477,0.1502
-0.3508,-0.4266,-1.3222,-0.4254
0.7710,-0.0915,0.6856,0.2111
0.2977,0.4894,0.3375,0.0534
-0.4158,-0.2557,-1.4976,-0.4062
-0.4212,0.0241,-0.0248,-0.3034
0.8233,0.5145,-0.2671,-0.3695
-0.4340,0.4874,0.8291,0.2787
-0.0353,-0.4866,-0.4065,0.0945
0.1190,-0.3834,0.3908,0.1727
0.0950,-0.4852,-0.8953,-0.3911
0.4886,-0.3369,-0.8249,-0.4866
0.3496,-0.2042,1.1502,0.6089
-0.2431,-0.3429,-0.4645,-0.2044
-0.0965,-0.2826,0.7979,0.2464
0.0441,-0.2476,-0.8342,-0.0320
-0.0373,-0.2238,-0.0641,-0.2076
-0.3567,0.3205,-0.4150,-0.1387
0.1528,-0.0212,0.1699,-0.1242
0.1913,-0.2320,-0.2489,0.3550
-0.0854,-0.1779,0.0870,0.0890
-0.2856,0.1668,-0.2867,-0.1160
-0.1101,-0.1010,-0.2815,0.0498
-0.5507,-0.1515,0.4208,0.3452
-0.0869,0.1062,-0.2523,-0.2292
0.0113,0.0341,-0.0818,0.0262
0.5017,0.0846,-0.6463,-0.1670
0.3292,-0.3605,-0.7059,-0.1390
0.0390,0.0741,-0.4395,0.0911
0.0793,0.1724,-0.1627,-0.1295
0.5853,-0.1073,-1.2663,-0.3677
0.0322,-0.1420,-0.1286,0.0866
0.2370,-0.1194,-0.2318,-0.0508
-0.6254,-0.1407,0.4838,0.1621
0.3415,0.6130,-0.1526,-0.1124
-0.3734,-0.2206,0.1874,0.1567
0.1638,-0.0212,-0.2021,0.0050
0.3471,-0.1502,-0.4472,-0.0895
0.6495,0.4588,-0.6836,0.1648
0.3625,-0.1071,-0.4768,0.0155
-0.1472,0.1275,-0.2212,-0.3921
-0.3347,0.0440,0.6449,0.1712
-0.3782,0.0348,0.6032,0.3028
-0.2955,-0.1244,0.4587,0.2686
-0.0198,0.3333,0.0665,0.1266
0.3875,0.4649,0.1995,0.3484
0.0731,0.4050,-0.0473,0.1595
0.1617,0.3332,-0.1801,-0.0201
-0.1362,0.5130,0.2831,0.5259
0.0646,0.0206,-0.1867,-0.0595
-0.5757,-0.2373,0.2991,-0.0593
0.5083,0.4481,0.0734,-0.2297
0.0284,-0.0239,0.2475,-0.5063
0.1575,0.3131,0.3676,0.1762
0.0961,0.1768,-0.1686,-0.4324
-0.5810,-0.3042,-0.5434,-0.4515
-0.3320,-0.4234,-1.0197,-0.2311
-0.1769,-0.0322,-0.3141,-0.1040
0.3301,0.4683,0.0611,0.0777
0.2222,-0.0381,-0.7230,-0.3816
0.4346,0.1702,-0.3597,0.0609
-0.6672,-0.0244,-0.1069,0.2074
0.2332,-0.0843,-0.4811,-0.2613
-0.4367,-0.2020,-0.0450,-0.3482
-0.2518,-0.4295,-0.4798,-0.0960
0.9722,0.1949,0.5829,-0.0905
0.1402,-0.0316,-0.3446,-0.2724
-0.7115,-0.2817,-0.6842,-0.7133
-0.2151,-0.3813,-1.0404,-0.5558
-0.3989,-0.1756,0.7908,0.6973
0.0674,-0.2506,-0.2792,-0.1268
0.0242,0.2378,-0.4167,-0.3029
0.2963,0.0321,0.2066,0.5343
0.0303,-0.0434,-1.0022,-0.2901
0.2228,0.2486,-0.5977,-0.3280
0.6546,0.5415,0.0601,0.1057
-0.2234,0.4623,0.2485,-0.0856
-0.0964,-0.0205,0.5484,0.5281
0.4429,-0.2412,-0.6065,-0.0844
-0.1059,-0.0011,0.7671,0.5443
-0.1103,-0.1838,-0.2477,0.4077
0.1712,0.0686,-0.8946,-0.4124
0.6815,0.5277,-0.2581,0.1572
-0.2449,0.0092,-0.5430,-0.1231
-0.2204,0.0331,-0.1200,-0.2346
0.5068,0.2315,0.0362,-0.1056
-0.5022,-0.0712,0.0519,0.0351
0.2684,0.6398,-0.3878,0.1850
-1.1450,-0.4695,0.2632,-0.0337
0.3734,-0.0761,-0.0892,0.0228
-0.6032,-0.8372,0.3113,0.1965
0.1068,-0.1307,0.5582,0.6819
-0.0141,-0.1351,-0.0812,0.1020
-0.2480,0.0142,0.0519,0.2218
-0.3886,0.0345,1.0870,0.0536
0.1405,0.1867,-0.1867,-0.2390
0.2046,0.0622,-0.3047,0.0156
-0.0007,0.3278,0.2697,-0.0862
0.2561,-0.4367,-1.0869,-0.5403
0.3694,0.1838,-0.2521,0.0542
0.1869,0.0601,0.0305,-0.2483
0.4655,0.5296,-0.3373,-0.1041
0.6831,0.2240,0.0061,-0.4720
-0.3405,0.0738,0.1713,-0.2579
0.3034,0.4199,-0.0603,-0.4317
-0.1871,-0.1297,0.2548,-0.2149
-0.3928,0.2502,0.8884,0.7697
-0.6118,-0.0558,0.2498,-0.0209
-0.2041,-0.0039,0.4231,0.0100
0.2720,0.1306,-0.1925,0.2381
0.1254,0.0982,-0.0704,0.1113
0.3555,0.0373,0.0810,0.1837
-0.7829,-0.1544,0.1480,-0.1185
0.0866,-0.1214,-0.0513,-0.0785
-0.5006,0.1167,-0.0109,-0.3133
0.2579,0.1663,-0.1302,-0.4161
0.2771,-0.2964,-0.1316,0.6461
-0.5165,0.0673,-0.2159,0.0743
-0.1995,-0.1354,0.0471,0.0773
0.2696,-0.1945,-0.0256,0.5448
-0.0783,-0.2037,0.0508,-0.5672
0.3121,-0.2705,0.1723,0.4702
0.4291,-0.2676,-0.6056,-0.4686
-0.0318,-0.2786,-0.1677,-0.0334
-0.2257,-0.1445,-1.2151,-0.7237
0.6927,0.5177,-0.0922,-0.0397
0.1456,-0.0218,-0.0574,0.0507
0.0069,0.2044,0.2205,-0.3233
0.0543,0.4680,0.2188,-0.5638
0.1426,0.2786,-0.6274,-0.3173
0.2877,-0.0224,-0.8960,-0.1559
0.3910,0.1982,0.5072,0.4146
0.3296,0.2585,-0.1247,-0.0636
0.2031,-0.0478,-0.7781,0.3507
-0.2208,0.2935,-0.1406,-0.4532
-0.0827,-0.1982,0.0061,-0.3269
-0.7054,0.1598,-0.1656,-0.1456
-0.7105,0.1128,-0.0550,-0.1459
0.3100,0.1846,-0.0725,0.0226
-0.4533,-0.7691,-0.2472,0.0384
0.2208,0.0860,1.0099,-0.1922
0.3145,0.4181,-0.3322,-0.0970
0.1230,0.3029,-0.4771,0.0233
0.1116,0.2370,-0.1362,-0.3158
0.5893,0.1622,-0.6886,-0.2747
-0.1457,0.2200,0.5096,0.2776
0.1720,-0.0844,0.0095,0.2662
-0.1982,-0.1137,0.3654,0.2991
-0.1481,-0.1528,0.6967,0.0441
-0.3655,0.5906,0.8355,-0.4510
0.1732,0.5720,1.0162,0.1521
0.5024,0.2967,-0.1432,-0.2074
0.0112,0.4652,-0.0987,-0.4428
-0.0424,-0.1937,-0.3314,-0.1730
-0.0701,0.0332,-0.3571,-0.5276
0.0953,0.0833,-0.2279,0.0192
-0.6577,-0.5251,1.4333,0.5931
-0.8322,-0.3490,0.0126,0.2149
-0.2693,-0.1082,0.0748,0.1909
0.1706,0.2616,-0.4651,-0.4373
-0.1396,-0.3351,-0.9918,-0.0364
0.2655,0.0499,1.4255,0.6606
0.3274,-0.1308,0.1843,0.0914
0.4104,0.1872,0.0053,-0.0903
-0.1526,-0.3597,0.3720,0.4543
-0.4937,-0.2294,-0.4606,0.0977
0.2157,0.6556,-0.6961,0.4095
-0.2314,0.1556,-0.1157,-0.1269
-0.0878,0.3164,0.3004,0.1259
0.4654,0.1963,-0.6816,0.0463
0.5263,-0.2025,0.0663,0.2006
-0.1077,0.0445,-0.0498,0.1519
0.2397,0.0798,-0.0946,-0.2290
-0.0990,0.0228,1.2209,0.3065
0.3488,0.3161,-0.0266,-0.2810
0.5976,0.1519,-0.4882,-0.2298
-0.0826,-0.1875,0.0239,-0.0127
0.4787,-0.0448,-0.6650,-0.2798
-0.0146,0.2270,-0.7348,-0.0280
0.1377,0.1800,-0.5257,0.0333
0.9895,0.2191,-0.6953,0.3707
0.0652,-0.2629,-0.1711,-0.1468
0.2934,-0.7183,-0.2343,-0.4919
-0.2015,0.0528,0.1461,0.1330
0.1665,0.2635,-1.0764,-0.0201
0.1581,-0.0519,-0.4382,-0.0194
0.4742,0.1506,-0.4038,0.6115
0.4479,-0.0415,-0.4860,-0.1466
0.3998,0.0377,-0.6760,-0.2776
-0.2131,0.1969,0.8941,0.5177
0.0428,0.2812,-0.0068,0.2595
-0.3920,-0.2800,-0.3563,-0.1595
-0.2925,0.2868,0.8037,0.2044
0.4292,-0.0093,-0.4169,0.4457
-0.2785,-0.3057,0.5213,0.1232
0.8493,0.1240,0.2152,0.3111
0.5931,0.5764,-0.0346,0.4377
0.5859,0.0948,-0.2745,0.1516
-0.3163,-0.0673,0.1167,-0.0241
0.9931,0.5777,-0.8130,-0.0102
0.3623,0.0173,0.0218,0.4428
0.1654,0.2431,0.2037,0.3474
0.5764,0.3113,-0.3196,0.0646
-0.4203,-0.1823,0.1597,0.4706
0.3348,-0.0055,-0.2393,-0.1964
0.2409,0.4521,-0.1333,-0.3419
-0.0664,0.2428,-0.5356,0.0351
-0.0525,-0.0605,0.3427,-0.3357
0.4371,0.3373,-0.2601,0.3077
0.1688,-0.1733,0.3513,0.1308
0.3525,-0.0919,-0.3838,-0.2715
0.2643,0.0143,1.0495,0.4220
0.7466,0.3057,-0.4523,0.4037
0.1128,0.6451,-0.1531,-0.0945
-0.4571,0.1992,-0.4312,-0.3779
0.2294,0.3550,-0.2167,-0.0856
0.6627,-0.0389,-0.1034,0.1742
0.4071,0.1580,-0.5002,-0.4282
0.8640,0.1928,0.1751,0.0259
0.6634,0.1603,-0.5800,-0.2560
-0.1633,0.0893,0.2219,0.2281
-0.6254,-0.0226,-0.2233,0.0274
1.1883,-0.0111,0.3049,0.1951
-0.9317,-0.5428,-0.1192,0.1838
0.1415,0.0567,-0.3016,0.1022
0.0976,-0.1200,-0.3025,-0.3146
0.0310,0.2142,0.0335,0.0574
0.0138,0.0414,-0.3806,-0.0471
-0.5735,-0.1583,0.1131,-0.2807
0.7604,0.0010,0.1512,-0.0351
-0.0203,-0.0625,-0.6813,-0.3975
-0.0281,0.1239,0.0774,-0.0653
0.5357,0.0287,-0.8267,0.1829
-0.3971,-0.0847,-0.4743,-0.0667
-0.5705,-0.6875,0.6431,0.0271
-0.3989,0.1251,0.3452,0.1437
-0.9981,-0.2176,0.9516,0.2468
0.3329,0.4275,-0.4559,0.0199
-0.3781,-0.1107,-0.2405,-0.2299
-0.4431,0.1753,0.3197,-0.0632
-0.2764,-0.4044,-0.6236,0.0851
-0.3272,-0.4544,-0.8310,-0.1112
-0.3052,-0.4116,-0.6002,-0.0874
0.3358,0.2985,-0.2125,-0.3073
0.0957,-0.3767,0.6217,0.7095
-0.9984,-0.5425,-0.1489,-0.0661
-0.3366,-0.3089,-0.2599,-0.3411
0.2535,-0.1320,-0.6368,-0.2171
-0.0130,0.1001,-0.1012,-0.3304
-0.2476,0.0853,0.1378,-0.2182
-0.2795,-0.4371,0.3367,0.3011
-0.4136,-0.4139,-0.2489,-0.8329
0.1788,-0.0765,-0.3132,-0.4568
-0.5530,0.0519,-0.4443,0.0538
0.2972,-0.1387,0.3413,0.0473
-0.1776,-0.5241,-0.1534,-0.2756
-0.0931,-0.3856,0.5046,0.7523
-0.3758,-0.5850,0.7817,-0.2516
-0.4499,-0.7694,0.0627,0.0925
0.0066,-0.3466,0.5930,-0.2458
0.4196,0.0639,0.1508,-0.0730
-0.3992,-0.0395,0.7142,0.5239
0.1638,0.4296,-0.2125,-0.4086
0.3545,0.2827,-0.1354,-0.3175
-0.1163,0.3257,-0.0066,-0.1734
0.5520,0.6040,0.4508,-0.3339
-0.6533,0.0011,0.7100,-0.1997
-0.4961,0.4035,0.7107,0.5159
-0.1531,-0.1828,0.4109,-0.6896
0.0663,-0.2643,-0.4916,-0.3013
-0.1575,0.2969,-0.7234,-0.0888
-0.2521,-0.0291,0.3086,-0.0693
0.4930,0.4408,-0.2730,0.0729
-0.0614,-0.0497,-0.2467,-0.1733
0.1811,-0.0034,0.0088,-0.1105
0.1376,-0.1940,-0.0494,-0.4850
-0.5965,0.1808,0.6276,-0.2203
0.4675,-0.2174,-0.5485,-0.0274
0.1335,-0.7670,0.1764,-0.3498
0.1552,-0.6034,-0.7843,0.3797
-0.9415,-0.2930,-0.4733,-0.1162
0.1922,0.1209,-0.5975,-0.2668
-0.4068,-0.2474,0.1133,-0.4828
-0.6401,-0.0985,-0.1829,-0.1721
0.3360,-0.1082,0.3755,0.1516
0.3259,-0.0289,-0.2731,0.3100
0.4469,-0.0334,0.9002,-0.2633
0.5530,0.3892,-0.6556,0.0200
0.6179,0.3251,-0.6287,-0.0324
-0.5725,-0.0301,0.0653,-0.0258
-0.7110,0.2711,-0.2240,-0.4008
0.1555,-0.0826,0.3315,0.1230
-1.3828,-0.7557,0.7182,0.0422
0.0978,0.2920,0.2340,0.0098
-0.3525,-0.2780,-0.5919,-0.1006
0.7835,-0.3131,0.3125,-0.1940
-0.3209,-0.3763,1.0123,-0.2498
0.2035,-0.0587,0.4624,-0.1063
0.5521,0.0139,0.2241,0.2360
-0.5978,-0.1112,0.2969,0.0166
0.2161,0.3754,-0.1075,-0.4776
-0.1002,-0.1393,0.4236,-0.4054
-0.1197,0.0283,-0.1362,-0.4535
-0.0628,-0.1265,-0.2012,-0.0495
0.0644,0.1927,0.3586,0.0365
-0.0771,0.2783,0.8424,-0.1377
0.2990,-0.2936,-0.2907,-0.0112
-0.4784,-0.2576,0.0704,0.2973
0.1344,-0.1433,-0.2249,-0.3432
0.3596,0.1427,-0.4021,-0.2556
0.3924,0.4563,-0.6598,-0.0291
-0.3910,0.3420,-0.3760,0.2670
-0.0336,0.3423,-0.3074,-0.2189
0.4060,0.1980,-0.1335,0.0656
0.8636,-0.0814,-0.8371,-0.0985
0.2585,0.1338,-0.9701,-0.1806
0.3265,0.0656,0.1581,-0.0634
0.3185,-0.1654,-0.0874,0.1590
0.4751,0.0434,-0.2303,0.1232
0.1416,0.0970,-0.0335,-0.6295
0.6392,0.5350,-0.3474,-0.2751
0.1208,0.2537,-0.4374,-0.5589
0.2419,0.0710,-0.1218,-0.2169
-0.5697,0.3258,-0.7241,0.0264
0.2293,0.1061,-0.3088,-0.1341
-0.4814,-0.3312,-0.0260,-0.3614
0.1153,0.1541,-0.1088,0.0143
-0.8841,-0.3966,0.1045,0.0966
0.2819,-0.0939,-0.3239,-0.1317
-0.3524,-0.0137,-0.5243,-0.4787
0.0551,-0.0955,-0.6524,-0.3499
-0.8763,-0.0356,-0.9409,-0.2316
0.2906,0.0341,-0.3567,-0.1481
-0.1221,0.0384,-0.2574,-0.3288
0.2630,0.0090,-0.3713,-0.2169
-0.6605,-0.0586,-0.1459,-0.2842
-0.1538,0.2129,0.3830,-0.0883
-0.3347,0.0109,-0.9650,-0.6578
0.4636,-0.1315,-0.2248,-0.2746
-0.7820,-0.2350,0.1982,-0.2512
0.2298,-0.2866,-0.5693,-0.1057
-0.3039,0.2602,0.4374,-0.0652
-0.1667,-0.0134,0.4029,-0.0791
-0.0138,0.4829,-0.3776,-0.2159
-0.3562,-0.0394,-0.1159,-0.4693
0.2911,0.4793,0.0158,-0.3153
-0.0640,-0.0829,0.4607,-0.4306
-0.3625,0.2467,-0.0026,0.4579
0.4536,0.3429,-0.3030,-0.4400
-0.5771,0.3930,-0.5960,-0.5328
0.2308,0.2522,0.1359,0.1060
0.1822,0.1853,0.4818,0.0274
0.6375,0.4863,0.1716,0.0016
0.2215,0.2246,-0.4552,-0.1796
-0.0712,-0.2305,-0.2639,-0.4727
-0.5585,-0.4954,0.5737,-0.4276
0.5049,-0.4474,-0.6764,0.2840
0.1539,0.0810,-0.2677,-0.2819
-0.7046,-0.2392,-0.8694,-0.7172
0.1054,-0.3496,-0.0446,-0.0010
0.4195,-0.0279,-0.4131,-0.1473
-0.0578,0.0958,0.4976,-0.0356
0.4225,-0.8859,0.4703,0.4586
0.1147,0.0744,-0.3507,-0.1519
0.1409,0.1389,-0.2005,0.1497
0.1170,-0.1791,-0.1001,-0.6920
0.1186,0.3365,0.1909,-0.1085
-0.4573,-0.0196,0.0540,-0.0743
0.0500,0.2419,0.3285,-0.1611
-0.3776,-0.5114,0.5606,0.1907
0.4158,0.0068,-0.1507,-0.1661
0.2036,-0.2560,-0.4738,-0.0693
0.1914,0.0234,-0.1866,0.0323
-0.3992,-0.2275,0.4296,0.1484
-0.1502,0.0094,-0.2807,-0.0171
0.4644,-1.1045,0.8515,0.4114
0.3797,0.3315,-0.3775,-0.2706
-0.3775,0.0083,0.0572,-0.2329
-0.4384,-0.1178,0.1634,-0.2450
0.4624,-0.2242,-0.3861,0.1720
0.5621,0.4321,0.1170,-0.1256
0.6339,-0.0458,-0.2212,-0.0395
0.5019,-0.0138,-0.5924,0.1186
1.0054,0.4283,-0.1545,0.4427
0.1449,0.1342,0.0172,0.1071
0.5589,0.1971,0.1009,-0.2098
0.5241,0.3677,-0.2360,0.2177
0.3865,0.0759,-0.1157,-0.2372
-0.3397,-0.0947,-0.7206,-0.3301
0.0306,-0.4834,-0.5081,-0.2509
0.2853,0.4116,0.2537,-0.1930
0.4112,0.0374,-0.0814,0.0242
-0.1836,0.1828,0.0721,-0.0327
0.1582,-0.4342,0.0827,0.8550
1.0505,0.3328,-0.5874,-0.1561
0.5021,-0.0736,-0.0974,0.0172
0.4015,-0.8901,-0.1989,0.2119
-0.2364,-0.1602,0.2955,-0.1174
-0.3183,-0.0403,0.1532,0.0012
0.0920,0.2019,-0.3190,-0.1002
-0.0175,0.2619,-0.8971,-0.1268
-0.5741,-0.9440,-0.7790,-0.1790
0.5306,-0.1242,0.6974,-0.2135
-0.3654,-0.2055,0.0162,-0.1531
-0.5953,0.3201,0.1853,-0.4270
-0.4999,0.4919,-0.5236,0.3310
-0.1652,-0.7744,-0.4443,-0.3427
0.0925,0.5366,0.2449,0.2029
0.5650,0.0098,-0.1637,-0.0294
0.0234,0.0657,-0.4777,0.4449
0.4401,0.1721,0.4634,0.2151
0.0143,0.5409,0.5766,0.3618
-0.0794,0.1997,0.4493,0.2744
0.0205,0.0211,0.0248,0.1817
-0.2263,-0.0056,1.3157,0.6036
0.1989,0.5166,0.1920,-0.0427
0.2246,0.0990,-0.0360,0.2016
0.0522,-0.3197,-0.1674,0.4711
-0.0072,-0.0715,0.1061,0.4116
-0.1797,0.1078,0.0443,-0.0534
-0.0966,0.1237,0.5442,0.1461
0.1804,0.2771,-0.0108,0.2177
-0.0744,-0.1671,-0.3313,-0.1082
-0.2040,-0.0564,-0.0638,-0.1170
-0.2273,-0.0230,0.2006,0.1038
0.2387,-0.0395,0.1925,0.1719
-0.8274,0.4278,0.1774,0.3337
0.2642,-0.0005,1.2884,1.1058
-0.2641,-0.1042,1.1355,0.6475
-0.5858,-0.3067,0.6126,0.0905
-0.8398,-0.3425,-0.0800,-0.2456
0.0208,0.2856,-0.5400,0.3174
-1.1466,-0.0160,0.6733,0.4433
-0.3432,0.2946,-0.6822,-0.3574
-0.0513,0.2240,-0.6356,-0.3633
-0.2575,0.2896,-0.0402,-0.0104
-0.6001,0.1829,0.2057,0.1078
-0.4096,0.2983,0.7513,-0.0174
0.1519,0.1177,0.5091,0.3645
-0.4765,0.0449,0.4138,0.2698
0.2540,0.0573,-0.2036,0.7270
0.1635,-0.0003,-0.0484,0.3151
0.0196,0.1491,-0.1416,0.2837
-0.7039,0.1433,-0.2771,0.0559
0.2872,0.3885,0.2967,0.1175
0.3026,0.2656,-0.0813,0.7995
0.5929,-0.2645,-0.6954,-0.7155
0.5578,0.3174,0.1911,0.1851
-0.8362,-0.2023,0.2395,0.0858
0.5898,-0.6390,0.9979,0.1103
0.0544,0.2525,-0.2297,-0.1964
0.0467,0.4709,-0.1342,-0.3506
0.0475,0.2349,0.1241,-0.1537
0.5126,0.0829,-0.2735,-0.3481
1.1199,0.6399,0.3972,-0.0077
0.1678,0.0416,-0.6985,-0.2999
0.2677,-0.2200,-1.2154,-0.2778
0.3998,0.6036,-0.5338,-0.3789
0.3457,0.3411,-0.7244,0.2439
-0.1615,0.0921,0.5086,0.2909
0.6639,0.3644,0.1449,-0.1563
-0.4356,0.1996,-0.0688,-0.1619
0.0850,0.1055,-0.0332,-0.3586
-0.1011,-0.9533,-0.8419,-0.1352
0.4952,0.0757,-0.6391,-0.1146
0.2944,-0.1237,0.4993,-0.5606
0.5376,-0.2094,-0.1385,-0.3617
-0.3435,-0.1890,-0.5881,-0.1118
0.6259,-0.4246,-0.5303,-0.3804
-0.0773,-0.4049,0.0212,-0.0986
0.4934,0.2130,-1.2032,-0.3286
-0.8306,-0.4631,-0.8391,-0.1219
-0.3806,0.0689,0.5588,0.6001
0.3074,0.4856,-0.3960,-0.1005
-0.3644,0.0388,-0.2031,-0.1435
0.5692,-0.1175,-0.6527,-0.2628
0.3824,0.0429,0.0034,-0.0827
-0.7096,0.4836,-0.5588,-0.2919
-0.7287,-0.2701,-0.4520,-0.3482
-0.4082,-0.0949,-0.3906,0.1819
-0.3155,-0.5778,-0.2086,-0.4824
0.2844,0.2191,-0.7275,-0.3585
-0.1291,0.2661,-0.5415,-0.3088
-0.2481,-0.1632,-0.3757,0.3397
0.1433,-0.0516,-0.5124,-0.0983
-0.2743,0.2458,-0.8679,-0.0605
1.1006,0.2377,-0.3736,-0.2590
0.2119,0.1414,0.1971,-0.0398
0.3798,0.3582,0.0940,-0.0631
0.8201,0.0592,-0.3746,-0.1885
0.0080,0.1942,0.1194,-0.0495
0.3998,0.3620,0.0243,0.0273
-0.8126,-0.3684,0.2547,-0.1322
-0.3141,-0.4610,1.8839,0.1762
-0.3018,-0.1722,0.9013,-0.0403
0.3560,0.3025,0.0968,-0.1021
-0.1982,0.2438,-0.0325,-0.4199
0.0725,0.2573,-0.6964,-0.0936
-0.3639,0.1359,0.7490,0.0339
1.1272,0.1772,0.4497,1.1182
0.3010,0.5064,0.0193,-0.1162
1.0283,0.4523,-0.6166,-0.3293
0.2716,0.0035,0.2200,-0.1729
-0.1081,-0.1924,0.8191,1.1362
0.6939,0.4854,-0.1998,-0.1141
0.1581,-0.5786,0.2513,0.9049
0.6061,0.4098,-0.4647,-0.2072
-0.8257,-0.3312,0.5564,-0.0139
0.1223,0.0561,0.5265,0.0802
-0.1749,-0.2886,-0.2034,-0.1036
0.3249,0.6195,-0.4882,-0.1106
-0.0831,0.2104,0.4766,0.5529
-0.1806,-0.2290,-0.1333,-0.0930
-0.4106,-0.0616,-0.2501,0.0747
-0.1696,-0.0468,-0.0646,0.0500
-0.0058,0.8482,1.1130,0.8815
-0.0665,0.1468,-0.0608,0.1047
-0.5761,-0.5790,-0.3452,0.3416
0.2306,-0.7145,0.1710,-0.0056
-0.0612,-0.1198,0.0155,-0.0134
0.1757,0.0980,0.4347,0.1285
0.3005,-0.2115,0.6070,0.4543
0.3235,-0.0695,-0.9189,-0.4885
0.0318,-0.4635,-0.4525,-0.1897
0.1320,-0.2488,-0.0374,0.0560
-0.6247,-0.0929,0.5224,0.5910
0.2955,-0.0041,-0.3665,-0.3112
-0.5231,-0.4558,-0.7338,-0.0568
0.5370,0.1903,-0.3830,-0.2960
-0.8425,-0.0088,-0.5787,-0.3630
0.0502,-0.0538,0.9515,-0.1933
-0.3604,-0.0971,-0.9467,-0.0293
-0.9126,-0.6825,0.2316,-0.2418
-0.5692,0.1099,-0.1843,-0.2566
-0.0026,-0.1791,-0.2999,-0.1739
0.2048,-0.1708,0.1361,0.2150
1.4133,0.0455,0.4338,-0.3787
-0.2968,-0.3381,0.5356,0.2963
-0.2357,-0.7368,-0.1411,0.2847
0.0010,0.0461,0.5542,0.4067
0.3816,0.0467,-0.4092,0.0177
0.0643,-0.3635,0.0952,-0.3754
1.6320,0.5539,-0.1293,-0.2024
-0.1461,0.3519,0.1256,-0.1378
0.0060,-0.1003,-0.0008,-0.0018
0.0725,-0.1304,-0.7063,-0.3901
-0.0385,0.3178,-0.3272,-0.2628
-0.4243,-0.6112,0.1764,-0.0995
-0.5806,-0.0455,0.2619,0.1536
0.0450,-0.1195,-0.6296,-0.2387
-0.0610,-0.0744,-0.5350,-0.3506
-1.0912,-0.3090,0.3612,0.1840
-0.1807,0.0157,0.5558,0.7992
-0.1875,-0.1264,-0.0130,-0.1851
-0.0785,-0.0233,0.9286,0.3727
0.0913,0.1138,0.0942,0.2929
-0.5554,-0.3033,0.3095,0.2759
-0.1176,-0.4758,-0.0479,-0.0348
-1.6107,-0.2411,0.0906,-0.4790
-0.0923,-0.5597,-0.0054,-0.4858
0.2119,0.1826,0.8917,0.1475
-0.5046,-0.5662,-0.4077,-0.4104
0.4595,0.4262,-0.0727,0.1765
-0.3359,-0.1826,0.0399,0.3113
0.2052,-0.4470,-0.5096,0.1914
-0.5668,-0.4447,-0.3082,-0.2994
0.7917,0.4195,0.1322,-0.2985
-0.1792,-0.5884,-0.5674,-0.3146
0.1819,0.2036,0.4509,-0.0474
0.3644,0.2999,0.0643,0.0251
0.0494,0.2388,-0.3266,-0.1649
0.4688,0.0993,0.1632,0.1114
-0.1489,0.3466,0.4140,-0.1024
0.4525,0.1536,0.5798,0.3373
0.5921,0.7258,-0.3030,0.2708
0.2081,-0.1088,-0.4512,0.0666
0.5276,-0.0724,-0.7444,-0.4352
0.1060,-0.3316,0.2185,-0.4453
0.0837,-0.4155,1.2183,0.1563
-0.0447,0.4282,-0.0368,-0.3311
0.3062,0.1980,-0.7268,-0.4001
0.7318,-0.3173,-0.3632,-0.2959
0.3369,0.2914,-0.5105,-0.0110
0.3045,0.0958,-0.5101,-0.2285
-0.2128,-0.2452,-0.8490,-0.2693
0.2369,-0.1339,-0.4798,0.0664
-0.6317,-0.1583,-0.3020,0.1336
-0.0731,-0.0292,-0.2120,-0.1706
-0.3392,0.2917,-0.1718,-0.2897
-0.1350,-0.2133,0.3834,-0.4010
0.3479,0.4258,-0.0641,-0.0507
-0.2297,0.2309,0.1779,0.1727
-0.1000,0.0913,0.1027,0.2771
0.6960,-0.2675,0.0029,0.7757
0.1739,-0.3305,-0.1818,-0.5154
0.0910,0.1957,-0.3225,0.5530
0.6171,0.2289,0.2648,0.1885
-0.5718,0.4540,-0.7091,-0.7041
0.4399,0.2743,-0.1122,-0.2354
-0.1135,-0.0974,0.0015,-0.6564
1.1330,0.3732,0.2893,0.4568
-0.2397,0.2172,0.3559,-0.0308
-0.3156,0.1182,-0.0052,-0.0350
-0.2499,-0.3682,-0.3951,-0.0297
0.2384,0.0719,0.1562,0.3185
-0.5125,0.3268,-0.3112,-0.1839
-0.2957,-0.0916,-0.0231,-0.0788
0.3705,0.0016,-0.5584,-0.2174
0.2069,0.0165,-0.1245,-0.4175
-0.2456,0.4104,-0.1682,-0.1788
0.2587,0.1381,-0.3706,0.3327
0.3331,0.2735,0.3634,0.0482
-0.0256,0.0776,-0.0079,0.1433
-0.3476,-0.2346,0.0969,-0.2993
-0.0468,-0.0384,-0.6568,-0.1141
0.3860,0.4320,-0.1331,-0.2074
0.1851,0.2472,0.3814,-0.0840
-0.3917,-0.3417,0.5514,-0.1786
-0.1885,-0.0605,0.0288,-0.0137
0.4548,0.1771,-1.0643,-0.0549
-0.3049,0.3330,-0.0315,-0.3141
0.4495,0.2168,-0.0405,-0.0762
0.0809,-0.3206,-0.7636,-0.3971
-0.3961,0.0166,0.0077,0.5671
0.1748,0.4746,0.1044,0.0468
0.7071,0.1387,-0.1930,0.4228
-0.0048,-0.3422,-0.6543,-0.3579
-0.3699,-0.1562,0.0288,0.2142
-0.9777,-0.6293,0.5759,0.0762
-0.0875,0.0012,-0.0347,0.3345
-0.0731,0.1265,-0.3924,-0.4625
0.2539,0.1000,-0.6024,0.0274
0.4449,0.8237,-0.5017,-0.0976
-0.6693,-0.3351,-0.0453,-0.3109
-0.4781,-0.0861,0.9668,0.3239
0.6017,0.0075,-0.4080,0.1448
-0.0472,0.2367,-0.1226,-0.0473
0.5721,0.3806,-0.7108,-0.2303
0.8132,0.1025,-0.6418,0.0962
0.4529,0.3951,-0.6469,-0.0477
-0.9492,-0.1175,0.0235,-0.4174
-0.3901,0.3107,-0.3927,-0.8182
-0.1701,0.0310,-0.3602,-0.3011
0.4536,0.1010,0.0340,0.0874
0.0723,-0.0614,0.1633,-0.0203
0.2977,-0.5932,-0.3462,-0.0042
-0.1598,-0.4805,-0.3122,-0.3812
0.6080,0.1762,-0.3570,0.1478
0.2225,-0.1006,0.6483,0.1490
0.1352,0.1367,-0.8108,-0.6168
-0.5304,0.0546,0.2905,-0.5649
0.0022,-0.0626,-0.0107,-0.1552
-0.0404,-0.4783,0.4175,0.3790
0.5986,0.2183,-0.3986,0.1235
-0.3142,0.1450,0.2408,0.0538
-0.1790,0.1674,-0.5173,-0.0523
-0.3025,-0.2552,0.9182,-0.0950
-0.4652,0.1752,-0.4681,-0.1434
0.7010,0.2869,-0.2873,0.5189
0.1569,0.0615,0.0932,0.0165
0.4529,0.2243,-0.2443,-0.0142
0.2458,0.5186,0.2332,-0.0168
-0.4953,0.2486,-0.0242,0.0726
-0.3336,-0.3417,-0.7356,-0.1808
-0.5974,0.0571,0.5332,0.1341
0.2289,0.2220,-0.1941,0.1026
-0.1358,-0.1771,-1.0144,-0.2162
0.5308,0.5692,0.1224,-0.0098
0.2718,0.6842,-0.4386,-0.0150
-0.7680,0.2748,-0.5632,-0.0085
-0.0939,0.4096,-0.3624,-0.4468
0.1390,0.1211,-0.1503,-0.0786
0.4094,0.0200,0.1472,0.2793
0.4142,-0.3604,0.1019,-0.2485
-0.3373,0.1766,-0.4139,-0.2640
-0.3424,-0.0771,0.8837,0.3863
0.3192,0.2277,-0.0560,-0.2503
-0.2544,-0.4865,0.0557,-0.6039
0.2108,0.0077,-0.7361,-0.0247
-0.3805,0.0343,-0.1132,-0.0879
-0.3833,-0.4816,-0.3019,-0.1749
-0.1266,-0.1611,0.1771,-0.2876
-0.5437,-0.1746,0.0356,-0.0067
-0.0089,0.0171,-0.4312,-0.1304
0.1042,0.2383,0.3397,0.6255
0.0769,-0.6740,0.2674,0.0102
-0.3705,-0.1817,1.0574,-0.1872
-0.2838,-0.2805,1.1695,0.4602
-0.0289,-0.1037,0.7174,0.1176
0.5873,0.4345,-0.5186,-0.4369
-0.3003,0.0215,0.8025,0.3695
-0.1674,-0.0870,-0.0500,0.0367
-0.4868,0.5226,-0.5073,-0.2528
-0.0010,-0.2140,0.5032,0.4982
0.1560,-0.1009,0.2651,-0.1602
-0.4978,-0.1523,0.9403,0.1313
0.1073,0.1568,-0.2911,-0.2028
-0.5644,-0.0687,0.4883,0.3933
0.1029,-0.4145,0.8009,-0.0521
0.9925,-0.1247,0.0864,-0.0709
0.2146,-0.2239,0.3342,0.3445
-0.1391,-0.0863,0.2618,0.1636
-0.3353,0.0585,-0.0214,-0.0383
0.1171,-0.0509,1.3440,0.2457
0.0593,0.5297,0.0317,-0.2309
0.4112,0.5651,0.2025,0.1079
-0.0640,-0.4068,0.5434,0.2474
0.1542,-0.2047,0.6857,0.9765
-0.0646,-0.1957,0.7027,-0.0880
0.4045,-0.1069,0.3229,0.3805
-0.4329,-0.3988,0.7101,1.0085
-0.1158,0.2957,-0.3539,0.3381
0.2548,-0.0181,-0.3680,-0.1050
-0.0682,-0.5484,0.3507,0.3418
0.5645,-0.3971,1.2957,0.3036
-0.0870,0.3046,-0.0850,0.8203
-0.4118,-0.2644,-0.1857,0.0459
0.1848,-0.7012,-0.0378,0.3405
0.8121,0.1047,0.8816,0.4535
-0.4358,-0.4223,0.7148,0.0016
0.4763,0.1260,-0.4442,-0.1106
-0.2889,0.0486,0.7246,0.7400
-0.0972,-0.2660,0.6253,0.4528
-0.4562,-0.4380,0.4005,0.0559
-0.3266,0.3170,0.1426,0.4871
-1.0954,-0.4069,0.3419,-0.2013
-0.2496,-0.2275,0.6001,0.0644
-0.3397,-0.0600,-0.2166,-0.0819
-0.2862,0.6678,0.3317,0.2889
-0.0441,0.3291,0.6643,0.4161
-1.7132,-0.2739,0.1667,0.2010
0.2977,-0.2047,-0.2246,-0.0472
0.7549,0.0982,-0.6868,-0.1994
0.0506,-0.1203,0.5035,0.4854
0.2588,-0.3421,-0.3644,-0.0983
0.1323,0.3906,-0.1871,-0.1905
1.6950,-0.0550,-0.1227,0.0659
-0.0119,0.0647,0.3758,-0.1596
-0.7988,-0.3357,0.1343,-0.0594
-0.1114,-0.2132,0.2513,-0.1529
0.4522,-0.2761,0.0344,0.6459
-0.0405,0.2177,-0.3296,-0.3096
-0.1160,-0.5202,0.0975,-0.5128
0.0688,-0.0579,0.2985,0.0657
0.5736,0.0145,-0.8750,-0.3837
-0.1751,-0.1395,0.3905,0.6605
-0.0910,-0.0817,0.5921,-0.1411
0.4380,-0.1064,-0.0804,-0.1775
0.1848,-0.4258,-0.0594,0.1768
0.2916,-0.0904,-0.2089,-0.4775
-0.0712,-0.0777,0.3628,0.3119
0.4417,0.2899,-0.4768,-0.3166
0.3716,0.2581,-0.2500,-0.0614
0.4312,0.0797,0.5645,0.6492
0.5882,0.3602,0.1957,0.2357
0.1203,-0.6000,-0.4033,-0.1520
0.7592,0.0428,0.4296,1.1258
0.4809,-0.0960,0.3305,0.1458
-0.4782,-0.3901,0.5100,0.4849
-0.5626,-0.5420,-0.5881,-0.3638
-0.0236,0.3667,-0.1906,-0.2180
-0.6119,-0.1510,-0.2939,-0.1742
0.3569,0.1322,0.2063,0.0788
0.0109,0.1853,0.3042,-0.3589
-0.7721,-0.2261,0.1588,-0.2411
0.2687,0.1702,0.0986,0.1734
0.0099,0.1849,0.4969,0.0103
0.2300,0.2234,-0.4083,-0.3530
-0.2992,-0.5680,0.0867,0.1181
-0.8411,-0.4300,1.4181,0.3303
0.2352,-0.0548,-0.3790,-0.1736
-0.1575,-0.4320,-0.5542,0.2936
0.4014,0.1864,0.1571,0.1104
-0.5741,-0.9051,0.2931,0.2856
-0.1372,-0.2720,0.0749,-0.0738
0.4899,0.2467,0.3411,-0.1690
0.3205,0.7631,-0.1107,-0.3008
-0.5614,-0.7153,0.0400,0.3487
0.9427,-0.3756,-0.0693,0.3255
-0.4682,0.0878,0.9050,0.0233
-0.1569,0.1481,0.1718,0.0124
-0.6440,0.2896,0.6351,-0.2488
0.5025,0.1253,-0.5535,0.5662
0.6579,0.3985,0.2570,-0.0842
0.3058,0.3868,0.0663,-0.0402
-0.1413,-0.1842,0.3569,0.2919
0.2187,0.1412,-0.1523,-0.0804
-0.0684,-0.9260,0.4012,0.6681
0.3714,0.0910,-0.1191,0.0511
0.3385,0.1477,0.0498,-0.1924
0.4481,0.2299,-0.3431,-0.0431
-0.1499,0.3639,-0.5523,-0.2611
0.2982,0.0756,0.0336,0.1019
-0.0508,-0.1787,-0.0888,-0.4775
0.3099,0.1249,1.6154,0.9097
-0.0724,0.0541,0.2811,0.3613
-0.4893,-0.3919,0.2563,-0.0466
-0.4873,0.1395,0.3298,-0.7297
0.6148,0.5822,-0.7537,-0.3809
0.4413,0.3886,-0.2849,-0.4067
-0.1391,0.4969,-0.0212,-0.0650
0.2783,0.2055,-0.1581,0.0937
0.0368,0.1864,0.0289,-0.1056
0.3205,0.3733,0.0088,-0.1828
0.2492,-0.2464,-0.4997,-0.2153
2.4255,0.5636,0.0896,-0.0127
-0.5375,-0.0447,0.6003,-0.5142
-0.3024,-0.4767,0.6923,0.1641
0.0406,-0.0627,-1.0008,0.0571
-0.3578,0.0669,-0.7233,-0.1375
-0.1256,-0.7337,-0.7617,-0.3331
0.4578,0.3179,-0.1240,0.0543
-0.0547,0.0323,-0.3082,0.2058
0.1007,-0.0613,-0.3744,-0.4464
-0.7410,-0.4284,0.2232,0.2972
-0.1840,0.1849,0.0332,-0.2518
0.3891,0.1450,-0.1828,0.0909
0.3021,0.1668,2.1108,0.3431
-0.9705,-0.0903,0.3194,-0.5118
1.1246,0.0369,0.0606,-0.1495
-0.0305,0.1429,0.8640,0.7741
-0.8817,-0.9869,-0.3148,0.0368
0.0587,0.2602,0.0157,0.2698
0.5263,-0.0445,0.1944,0.3375
0.5811,0.2281,-0.0972,-0.1525
-0.1707,-0.6068,-0.3061,-0.1076
0.8319,-0.1281,-0.1417,0.0852
-0.0293,-0.0293,-0.4640,0.0829
-0.2662,-0.0172,-0.1430,0.0666
-0.2433,-0.3115,-0.0644,-0.2012
-0.1405,-0.1438,0.7153,0.2725
0.1356,-0.3107,-0.2858,0.4007
-0.2882,0.0636,0.1584,0.1159
0.2423,0.3003,0.0234,-0.5265
-0.0742,0.1868,-0.6705,-0.2107
-0.1356,0.0463,1.1389,0.1297
0.2876,0.5074,0.1741,0.7568
0.5129,0.4679,-0.3176,-0.1710
0.4291,0.0500,0.1200,0.0600
-0.2199,-0.3597,0.6600,0.3083
0.4434,0.3121,-0.4530,0.1874
-0.7210,-0.4026,-0.0730,-0.2336
0.2738,0.2594,-0.1351,-0.3257
0.7492,0.0214,-0.5208,0.2250
-0.6384,-1.1465,-0.5045,-0.3634
-0.4778,-0.0474,0.4851,0.2354
-1.2495,0.4406,0.7047,0.2337
-0.3268,-0.1704,0.0699,0.3978
-0.3723,-0.4760,-0.1296,-0.2497
0.1034,0.1892,0.4570,0.2652
0.1759,0.2260,0.9814,0.3854
-0.2807,0.0924,-0.5674,-0.3149
0.2656,-0.0500,-0.6052,-0.1797
1.3575,0.3484,0.6810,0.6843
0.5982,-0.2152,0.0454,0.3810
0.2945,0.0848,0.3475,0.2402
0.6021,0.4700,-0.2500,-0.1069
0.0018,-0.1108,0.3618,0.8305
0.1482,0.0779,0.3896,-0.3700
0.4110,-0.0759,-0.1398,0.0312
-0.8566,-0.5230,-0.2055,0.0354
0.2834,0.5390,-0.6556,-0.0111
0.3431,0.2743,-0.2845,-0.3352
-0.2341,-0.3926,0.2437,0.2016
-0.6480,-0.1717,0.5185,-0.1315
-0.1316,0.1548,1.2482,0.4758
0.6164,0.2270,-0.1520,-0.0649
0.2446,0.5061,0.6371,-0.2686
0.0214,0.0892,0.4683,0.3202
0.5540,0.1023,-0.1967,0.1295
-0.0899,-0.2954,0.4327,-0.0363
0.9452,0.4902,-0.8077,0.1586
0.6397,0.1993,-0.2395,-0.1452
1.9222,0.3956,0.2102,0.5063
-0.2513,-0.1100,0.1293,0.0650
0.3705,0.2889,0.2473,0.7039
0.2108,-0.1085,-0.4331,-0.2662
-0.3019,-0.1817,-0.4372,-0.1543
-0.0288,0.1263,0.3501,0.2287
0.0031,-0.1027,0.3766,0.2201
0.1219,0.0621,-0.2615,-0.2676
0.3662,0.3798,-0.1620,0.0156
-0.4504,-0.3697,-0.1549,0.8236
0.4624,0.2383,-0.0267,0.1570
-0.0672,0.0910,0.4517,0.3101
1.0550,0.2259,-0.0574,-0.1982
0.0536,-0.1112,0.3046,0.2800
0.3745,0.4551,-0.1827,-0.0219
0.5448,0.4962,-0.0433,-0.0325
-0.6768,-0.5295,0.6495,-0.1168
0.1545,0.0638,-0.2751,0.1689
-0.1847,-0.1197,-0.7899,-0.2376
-0.2777,-0.2444,0.3560,0.0122
-0.4710,-0.5282,-0.6550,-0.5792
-0.6143,-0.9807,0.2414,0.0922
0.4850,0.3085,0.0640,-0.1024
0.1701,-0.0773,-0.1315,0.3021
0.2241,0.2480,0.4284,0.5265
-0.4025,-0.0490,0.6166,0.1547
0.2355,-0.0882,0.1407,0.3736
0.2595,0.0031,0.6034,0.1327
-0.1009,-0.1656,1.2653,0.0630
0.1505,-0.4974,0.3273,-0.1484
-0.6054,-0.5994,-0.4546,-0.2065
-0.0129,-0.2707,-0.0839,-0.2498
-0.1034,-0.0148,0.6097,0.6549
0.4374,0.1749,0.1533,0.2871
0.2830,0.3035,0.0256,-0.2060
-0.7149,-0.4162,-0.1581,-0.5244
-0.1833,0.3088,-0.1909,-0.0899
0.5417,-0.6896,-0.3607,0.3534
-0.0885,0.0633,1.1970,0.3864
-1.4717,-0.2266,-0.1654,-0.2775
0.1242,0.2030,0.0241,0.0141
-0.3943,0.0592,0.5521,0.1185
-0.1093,-0.1598,0.8525,0.4552
-0.2391,0.1586,0.3909,-0.0872
-0.1897,-0.2685,-0.2231,0.1078
-1.1816,-0.6923,-0.1623,-0.0033
0.0532,-0.1772,0.7901,0.3196
-0.0325,0.0591,1.3161,0.6676
0.0606,0.0384,0.4772,0.9350
0.0616,-0.0109,0.7727,0.0861
0.9965,0.2211,1.0341,0.4093
0.3184,0.0573,-0.1595,0.1435
0.2873,0.2285,0.6903,0.2992
-0.1708,0.0353,-0.6984,-0.2130
-0.3574,0.3938,0.3503,0.5721
-0.0863,0.1139,-0.2027,0.3874
-0.0773,0.3430,0.1420,0.0922
-0.9929,-0.0770,-0.1388,-0.2005
0.0372,0.0060,0.5617,0.0893
-0.1683,-0.3240,0.1074,0.2342
0.2024,0.1277,0.0665,0.7706
-0.4853,0.3637,-0.0024,0.1087
-0.0634,-0.9360,-0.3717,-0.0758
-1.4206,-0.5340,0.1014,-0.0764
1.1415,-0.3120,0.0969,0.0669
-0.4820,0.1207,0.3706,-0.0164
-0.2000,0.0844,0.0530,-0.0656
0.2718,-0.2356,0.7442,-0.1529
0.0235,0.2246,1.5461,0.7312
-0.3099,-0.6866,-0.0603,0.1243
-0.3465,-0.8748,0.2156,0.0681
0.1245,-0.7515,0.5733,0.2654
-1.3849,-0.7578,0.5643,0.2079
0.6246,-0.5815,0.2827,0.2079
-0.2904,-0.7681,0.7239,0.2223
-0.2521,-0.6516,0.0172,-0.0084
-0.1472,-0.3276,0.0351,-0.0041
-0.2953,-0.5950,0.7180,0.0945
0.3004,-0.5813,-0.4405,-0.1004
-0.0957,-0.5512,-0.7291,-0.0171
0.3521,0.3823,0.6598,0.5944
-0.4072,-0.1066,0.4720,0.2377
-0.0870,0.2538,0.2187,0.4824
-0.7118,-0.9717,-0.3946,0.1440
-0.7786,-0.3033,0.4118,0.0049
-0.4150,-0.0688,-0.3296,-0.1347
-0.0266,-0.0117,-0.5095,-0.1859
-0.6599,-0.2207,0.8835,0.6843
-0.2152,-0.2114,1.1574,0.4700
0.3220,0.0806,-0.1793,-0.0145
0.0605,-0.1346,-0.2556,-0.0610
0.4219,-0.0899,0.6449,0.3653
-0.0115,0.1726,0.8779,0.3054
0.1051,0.1400,0.4877,-0.1588
-0.6519,0.0765,0.7392,-0.1358
-0.3438,0.0066,0.6789,-0.0225
0.1246,0.3217,0.9026,-0.0011
0.0582,0.0869,1.0426,0.5123
-0.5220,-0.3602,-0.3743,0.0214
0.0887,-0.2608,-0.3270,-0.1293
-0.0718,0.0194,-0.0962,0.1730
-1.1323,-0.8141,0.5641,0.1708
-0.6130,-0.2002,-0.3773,-0.3371
1.0450,-0.3188,0.8269,0.0325
-0.7830,-0.2979,-0.0152,0.1123
0.3567,0.0539,0.3353,0.2470
-0.1223,-0.1642,0.7411,-0.1204
-0.1090,0.0420,-0.0130,-0.0786
-0.1729,-0.0216,0.5551,0.2719
0.2392,0.2214,0.2228,0.1407
0.0419,0.2022,0.2338,-0.1383
-1.0647,0.2723,0.8945,0.1589
0.2057,0.1315,-0.1104,0.5531
-0.1287,-0.2939,0.3245,0.4824
-0.0598,-0.3378,0.1738,0.4644
-0.2151,-0.0416,-0.0376,0.0559
0.0977,-0.4217,0.3945,0.7673
-0.0811,0.1523,-0.5075,-0.0549
0.1777,0.0329,-0.7351,-0.1712
0.4634,0.0231,-0.1565,0.0967
-0.5287,-0.1372,0.0205,0.2950
-0.7558,-0.0334,-0.7153,-0.4916
0.3114,-0.0682,0.5493,1.2118
-0.4337,0.0751,0.2587,0.0798
-0.8608,-0.4476,0.3555,-0.3540
-0.1128,0.2968,0.3514,-0.1752
1.6363,-0.1292,0.0825,0.3454
-0.3610,-0.4861,-0.6030,-0.1154
0.1451,-0.2933,0.2009,-0.3952
0.3411,0.2227,-0.2673,-0.1516
-0.0065,-0.2515,-0.3429,-0.2026
-0.2211,0.3893,-0.4581,0.0530
1.0991,0.0523,-0.2701,-0.4033
-0.5015,0.0075,0.7699,0.1233
-0.2557,0.5788,-0.7861,0.0058
0.3139,0.3017,-0.8614,-0.2978
-0.1340,-0.0774,0.4911,0.9324
-0.4944,0.3701,-0.8269,-0.0073
0.2761,-0.0421,-0.2146,-0.1567
0.3696,0.1613,0.0280,-0.5825
0.5398,-0.2169,-1.0889,-0.7440
-0.1780,-0.2755,-0.1219,-0.2424
0.4043,0.2006,-0.7749,0.0738
0.5547,-0.0346,0.5128,0.0948
0.3362,0.2228,-0.0544,-0.0654
-0.2629,-0.7478,0.5043,0.6231
0.1904,-0.0263,-0.1746,-0.4114
0.3777,0.0454,0.3499,0.2875
0.5082,0.4599,-0.4430,-0.1777
0.0787,-0.4292,-0.2638,0.0421
0.5247,-0.4670,0.8403,0.0309
-0.7151,-0.0944,0.7888,0.6387
-0.4599,-0.2650,-0.4490,-0.0868
-0.3247,-0.0767,0.4112,-0.1813
0.2534,-0.0026,0.1382,-0.1859
-0.0799,0.1727,0.4066,0.2125
-0.2146,0.0320,0.2711,0.4250
0.0606,0.0714,-0.1022,-0.1936
-0.7066,-0.2400,0.2315,0.3970
-0.4972,-0.0343,0.1770,0.0952
-1.1178,-0.3294,-0.2844,0.0801
0.1131,-0.1562,0.0479,0.0050
-0.3168,-0.3098,0.4112,-0.4181
-0.5006,-0.2208,0.5961,-0.3265
0.0706,-0.3921,0.7840,0.4992
-0.3426,0.4021,-0.0354,-0.0893
-0.2170,0.2412,-0.0932,0.1080
-0.0263,-0.1030,-0.4337,-0.3367
-0.3178,-0.0976,-0.2201,-0.4226
-0.2056,-0.0568,-0.0838,-0.0039
0.0990,-0.3450,0.0078,-0.2393
-0.2627,-0.5392,-0.2993,-0.0157
0.1748,0.1028,0.0899,-0.1611
-0.1956,0.2866,-0.0283,0.6391
-0.0674,-0.1192,-0.1457,0.4503
-0.5289,-0.0331,-0.3027,0.0850
-0.4332,0.1431,-0.2946,-0.5740
-0.3935,0.1449,0.1258,0.0274
-0.9389,0.2682,0.0727,-0.0299
-0.5884,0.1896,0.2455,-0.2323
0.3636,-0.0058,0.0612,0.1983
-0.1436,-0.4993,-0.3112,0.0233
0.3407,0.3338,0.3474,-0.4784
0.1877,0.0307,0.0223,-0.0272
-0.5510,-0.0225,0.0976,0.1050
0.0347,0.5681,-0.2266,-0.3646
-0.5237,0.0287,0.2074,0.2431
0.2898,-0.4437,-0.5406,-0.0387
0.0718,0.3084,-0.2462,0.0284
0.0871,0.4029,-0.1170,-0.0382
-0.4521,0.7036,0.8239,0.0263
0.6153,0.2876,-0.9716,-0.0794
-0.6606,-0.4224,0.5000,0.1049
0.1608,-0.0965,1.0819,0.2663
-0.6588,-0.5280,0.5238,0.6093
-0.1874,-0.2430,-0.3893,0.7461
0.0530,0.2244,-0.2540,0.2427
-0.1315,0.0584,-0.7712,0.1900
0.6064,-0.2233,0.0606,-0.0663
-0.1429,-0.2629,0.0239,0.2671
-0.0039,0.1602,-0.2437,0.1765
0.3289,0.4466,-0.6015,-0.2102
0.4312,0.2111,-0.6396,0.0695
0.6089,0.4512,-0.6511,-0.0352
0.3964,0.0459,-0.8439,-0.5359
0.5477,0.1881,-0.4183,0.0260
0.5418,0.6336,-0.6216,0.0840
-0.2673,0.0390,-0.4075,0.3687
0.2318,0.2858,-0.4337,-0.3427
-0.2750,-0.1988,0.6140,0.3303
0.3124,0.3336,-0.5746,-0.0435
0.0824,-0.3614,0.1921,0.1435
-0.1344,-0.1571,-0.0523,-0.1836
-0.0343,0.2823,1.6691,0.4363
0.0747,0.2111,-0.3554,-0.1459
-0.3045,-0.6070,0.0781,-0.1588
1.2506,-0.0177,0.0746,0.0575
0.2541,-0.0137,0.3758,-0.0034
-0.0111,-0.3219,0.3968,-0.1163
-0.1513,-0.1436,-0.4006,-0.4773
0.3231,-0.1803,0.0828,-0.3554
-0.2174,-0.2356,0.0428,-0.1449
-0.3234,-0.2589,0.2345,0.0923
0.1218,0.3964,-0.0214,-0.2325
-0.0344,0.1247,1.5382,0.2801
0.5059,0.1407,0.6739,0.3236
0.4337,0.4191,0.3018,0.0025
0.6204,-0.3883,-0.5162,-0.0860
0.1225,-0.0876,-0.0939,-0.3008
0.1259,-0.2790,0.2950,-0.0396
-0.1960,-0.2577,0.0013,-0.2361
0.2535,-0.0469,0.0089,-0.0493
0.3140,-0.1248,0.8539,0.1478
-0.6037,0.1631,0.6989,0.0807
0.0385,0.0143,0.1695,-0.2075
0.4984,0.2214,-0.3760,-0.3399
-0.3055,-0.3290,0.8326,0.4496
0.4970,0.2170,-0.0952,0.1519
0.0223,-0.0436,-0.0361,0.0649
1.8479,0.1671,-0.3503,-0.0239
0.2768,-0.3577,-0.2893,-0.5188
0.2284,-0.2093,0.0654,-0.1807
0.3941,-0.1842,0.1945,-0.0733
0.2772,0.2260,0.1134,-0.2071
0.4600,-0.4054,-0.9653,-0.4635
-0.1709,0.1744,1.3034,0.6210
-0.1556,-0.0858,0.6077,0.6529
0.7724,-0.0923,-0.1476,0.1099
0.0632,0.3919,0.2512,0.4255
0.1020,0.7316,0.2707,-0.0400
0.2119,-0.2009,-0.5736,-0.2344
-0.7013,0.0814,-0.2041,-0.3680
0.3041,0.0123,-0.2846,-0.2235
0.3508,-0.5201,-0.1736,-0.1703
0.5091,-0.3358,-0.6693,-0.2672
-0.0634,-0.0339,-0.6064,-0.5541
0.0746,0.1016,-0.4804,-0.1458
-0.1279,0.2455,0.2836,0.0083
0.3306,0.2766,-0.4590,-0.6033
0.0733,0.4537,-0.2241,-0.1542
0.0537,0.3470,-0.4491,-0.6728
-0.3610,-0.2368,0.5926,0.2048
-0.1498,0.1688,-0.3115,-0.2715
0.1181,0.2134,0.3243,-0.0162
-0.3494,-0.0864,0.4205,-0.1311
0.3141,0.2810,-0.4161,-0.1849
-0.1365,-0.9219,0.6463,0.4709
-0.0707,-0.1667,0.0711,-0.3401
-1.1419,-0.0665,-0.1691,-0.5374
0.1413,-0.1129,0.3758,0.2991
-0.5677,0.2528,0.5503,-0.4342
0.0470,0.2321,0.2958,-0.4133
-0.3174,0.1831,0.3836,0.1424
0.3354,-0.1821,-0.0853,-0.0003
-0.4088,0.0961,0.0220,0.5446
-0.6112,0.3648,-0.0273,0.4862
-0.0331,0.1401,0.1554,0.2936
-0.2585,-0.0417,0.4355,0.3985
0.3588,0.1451,-0.5666,-0.1676
0.2974,0.0828,0.4471,0.0145
-0.7050,0.0364,0.1065,-0.1661
0.3938,-0.1972,0.6299,0.2524
-0.6299,-0.3381,0.0153,-0.3343
0.0512,-0.1304,0.0883,-0.0494
-0.0903,-0.2023,0.1627,0.1278
-0.0047,0.4875,-0.7576,0.2610
-0.2989,-0.1182,0.8650,0.6488
-0.1336,0.1275,-0.2981,-0.0923
-0.1994,0.5789,1.3115,0.3795
-0.0631,-0.1621,0.9434,0.8195
-0.0012,0.2921,-0.1121,-0.3521
-0.3000,-0.3324,0.3588,0.4263
-0.0486,-0.1863,0.7113,0.4428
