100
0.187550 -1.041762
-2.717834 -3.611079
5.113629 5.989558
-3.940015 -3.942618
1.250491 0.269292
5.308676 6.194917
-3.449087 -4.089320
0.593315 3.218637
-4.600868 -3.238757
5.273547 4.643817
0.491363 3.227968
2.773000 2.751959
2.935982 3.924301
-5.023824 -4.212007
5.077545 3.451143
-5.408674 -3.516151
5.781295 2.414301
-7.002633 -3.917784
0.934650 -1.897642
-4.102331 -2.520636
6.217432 5.616030
5.758102 5.267612
1.681414 1.824717
5.806049 3.324974
-4.360106 -5.529620
-0.842285 -0.595915
-6.324494 -2.827619
3.807840 5.565531
-6.285858 -2.926899
6.063124 4.599910
6.068353 5.984843
-5.863959 -3.188464
-7.047486 -4.335317
-1.682534 -1.939517
5.272508 2.323504
5.709102 4.498180
-4.039099 -4.943135
-3.477561 -5.401408
-4.131807 -3.757124
-4.160105 -4.476828
0.552107 3.265966
-3.622838 -5.285167
-0.171081 -0.541014
3.971177 2.769526
-0.587312 -3.138914
0.443227 0.971527
-0.879396 -3.366106
-3.436113 -1.807969
-0.848814 -3.386213
0.966443 -1.915238
-2.170454 -0.391688
2.123888 2.219792
-3.264312 -1.953042
4.709934 3.935733
4.194196 4.132664
1.043752 -1.433941
-6.791763 -3.169081
2.511876 3.717234
0.057681 0.657189
-3.951221 -2.184097
4.135933 5.919089
6.312315 5.033800
-6.421081 -3.742853
-6.886328 -4.439864
2.631157 1.700730
4.293010 3.057351
-3.024674 -3.118962
6.069341 2.664837
-0.681610 -1.372025
-2.758413 -0.649435
-0.380154 -0.074407
2.733053 3.544208
4.652351 1.781633
-0.225457 -1.554295
-7.124341 -3.898390
2.026043 3.377769
-2.359457 -1.846915
5.632433 5.688503
-2.652405 -3.073365
1.502818 -0.131751
-6.345450 -3.622175
-0.349861 -1.665637
-4.538374 -1.767231
5.315792 2.255898
3.608322 2.412729
-1.597756 -2.473774
-5.800439 -4.711144
-2.445044 -4.816046
4.760458 5.286431
-6.260547 -4.517478
-1.870043 -2.611268
-6.048496 -4.023828
3.044829 4.659182
5.039371 3.555751
6.155291 5.407779
1.462839 -1.151353
6.619581 4.703098
-4.003273 -4.219983
2.480333 1.342589
0.802551 0.812044
