-0.2004,-0.0502,-0.4502,0.1086
-0.1197,-0.3414,-0.2852,0.3517
-0.0327,-0.5150,-0.4602,0.4322
-0.0747,0.5003,0.0280,0.1135
-0.1644,-0.0960,0.1073,0.3148
-0.6409,-1.2820,0.0468,0.2330
-0.2533,-0.2591,0.0352,0.2024
0.1303,-0.0637,-0.2084,0.0789
0.4492,-0.0027,0.6955,0.3015
-0.3327,-1.3618,-0.2244,0.3945
0.0815,-0.1134,0.2916,0.1827
0.0190,-0.1695,0.0410,0.1714
-0.3602,0.1636,-0.1652,0.3118
-0.1524,-0.3064,-0.5741,0.1153
-0.3399,-0.2789,-0.3439,0.4852
-0.2728,0.2599,0.0273,0.1822
-0.2671,-0.1900,0.9871,0.1025
-0.1541,0.1549,-0.4767,0.0046
0.1186,0.0669,-0.2723,-0.0215
0.3925,-0.4758,-0.5399,-0.0449
0.1576,-0.7974,0.0331,0.0223
0.3072,-0.4310,-0.1195,-0.0684
0.3435,0.6557,-0.7515,-0.4657
-0.4603,0.0579,1.4052,0.2230
-0.3144,-0.1144,0.1044,-0.0832
0.0315,-0.1333,1.4954,0.0489
0.1335,0.0707,1.2175,0.0282
0.0575,0.4847,0.0643,-0.0488
0.4356,0.5508,-0.5247,-0.3061
-0.3515,0.0527,-0.0382,-0.0576
0.1755,0.7078,0.5352,-0.0699
-0.3214,-0.4086,-0.1732,0.2901
-0.2361,0.0798,-0.0377,0.0618
0.4337,0.9111,-0.3889,-0.0411
-0.4159,-0.1556,-0.0972,-0.0942
-0.0813,0.0945,-0.1504,0.0026
0.1118,0.7629,-0.7038,-0.1605
-0.5470,-0.2416,0.0806,0.2156
0.5799,-0.6591,-0.1412,-0.0682
0.3280,-0.3382,0.3884,-0.1565
0.1141,-0.0394,1.5528,-0.2256
0.0165,-0.3130,-0.4635,-0.1245
0.1929,0.4646,0.3500,-0.1960
-0.0467,-0.0767,-0.1000,-0.0148
0.3036,0.0656,-0.1356,0.0662
0.5114,0.5276,-0.4967,-0.0185
-0.3287,0.0288,-0.4292,0.1041
0.5331,-0.2653,-0.8266,-0.1922
-0.7168,-0.0577,0.0707,0.0650
0.0022,0.5863,0.8689,-0.0637
-0.1500,-0.4792,0.2020,0.0337
-0.5360,-0.6420,0.3352,-0.0417
0.1195,0.0589,-0.5470,-0.0648
-0.4863,-0.7699,-0.4615,-0.1075
0.2139,-0.2792,0.3536,0.1133
0.1072,0.0380,-0.0498,-0.3218
-0.3019,-0.4483,-0.2513,-0.0737
-0.2913,-0.3271,0.4299,-0.0787
-0.6085,-0.7953,-0.2612,-0.2027
-0.2871,-0.1759,-0.1616,-0.1921
0.1605,0.2369,-0.1299,-0.2046
-0.6079,-0.6274,-0.6820,-0.2910
-0.2926,-0.7756,0.8339,0.1133
0.3678,-0.3178,1.6167,0.3010
-0.1356,-0.2099,-0.3399,0.1729
-0.6489,-0.9761,0.2411,0.3741
-0.2962,-0.4619,1.5176,0.1978
0.2865,-0.0476,1.3110,0.1870
0.2283,0.4879,0.1961,-0.1865
0.0116,-0.3648,-0.4660,0.1501
0.1519,-0.2364,1.2479,0.0671
-0.6191,-0.3494,-0.8586,-0.2850
-0.1172,-0.2534,0.9968,-0.0112
0.2654,-0.1655,-0.2863,-0.0250
0.0034,0.3097,0.9658,-0.0752
0.1375,0.2104,0.0426,-0.1988
-0.2730,0.2543,0.3128,-0.0728
0.1354,-0.2010,0.0320,0.1475
-0.3630,-0.3978,0.0184,0.2178
-0.0544,-0.6171,0.2977,0.0867
-0.3862,-0.2366,0.5155,-0.0145
-0.0069,0.3985,-0.4479,-0.0520
-0.3496,-0.6219,-0.0616,0.2235
-0.2264,-0.2995,-0.5048,0.0773
0.6828,1.1122,-0.5579,-0.1469
-0.2099,-0.0991,-0.5353,-0.1521
-0.0958,-0.2567,0.2687,0.0834
-0.3410,-0.1272,-0.0988,0.0150
0.3139,0.1585,-0.1247,-0.0558
0.1093,0.6049,-0.9663,-0.4272
-0.4617,0.0936,-0.8301,-0.0512
-0.1121,-0.0128,-0.6032,-0.0934
-0.1247,0.0951,-0.7895,-0.1048
0.0412,-0.2017,-0.4156,0.0657
-0.2263,0.1851,-0.2098,0.0566
0.0476,0.4393,0.2957,-0.1543
-0.2323,-0.0939,-0.1806,0.0281
-0.0332,0.2347,-0.0848,0.0233
0.4390,-1.0087,-0.1197,-0.2691
0.2412,0.0440,-0.2524,-0.2041
0.0222,0.4153,-0.0123,-0.2195
0.1795,-0.0425,0.2205,-0.0291
-0.3950,-0.1783,0.0424,-0.0683
0.1121,0.6622,-0.1550,-0.0840
-0.2745,0.0632,-0.2498,0.0787
0.0712,0.3132,-0.1759,-0.2020
-0.6473,0.1502,0.0237,-0.0306
-0.5784,-0.1356,-0.3007,0.0325
-0.0408,0.2753,0.4614,0.0947
0.2927,0.2070,-0.8137,-0.4189
0.0283,-0.2614,0.0395,0.1313
-0.3466,-0.4621,0.3097,0.1687
-0.2804,0.4514,0.5678,0.4948
-0.2261,0.3530,-0.2266,0.2144
0.6954,-0.0320,1.6216,0.1209
0.0403,-0.5029,0.0721,0.1840
-0.4327,0.7011,0.2740,-0.1076
0.2017,-0.2838,-0.4059,0.4517
-0.3051,0.1805,-0.0580,0.0605
0.1098,-0.0416,-0.2784,-0.0314
-0.1818,0.0583,0.3066,0.3096
0.0465,-0.0618,0.3107,0.4873
0.8652,-0.2516,0.8575,0.1525
0.0528,0.1688,0.5407,0.1139
0.7321,-0.0967,-0.6976,0.2108
0.0376,-0.0728,-0.1451,-0.0277
-0.4468,0.6455,-0.5690,-0.4224
0.1944,0.4006,-0.4158,-0.3372
0.7969,0.7954,-0.8578,-0.2920
0.0093,0.7661,-0.2132,0.2007
0.1588,0.4955,-0.6696,-0.2345
-0.2989,0.1913,-0.2518,-0.2157
0.3586,-0.0078,0.0725,0.0106
0.2857,1.3543,0.6072,-0.0102
0.0464,0.1612,-0.9256,-0.2321
0.7615,0.4818,0.6444,-0.1781
0.0458,0.2185,-0.5295,-0.0789
0.3054,0.3067,-0.8586,-0.2328
0.3847,0.5242,-0.4900,-0.3491
-0.0033,0.1141,-0.3301,-0.2583
0.2123,0.2081,-0.1088,-0.1211
0.1776,-0.2297,-0.2049,-0.0220
0.3728,0.4408,-0.2092,-0.2691
0.5060,-0.1508,-0.9637,0.0713
0.1320,0.7653,-0.2349,0.1875
0.1963,0.2586,-0.5116,-0.0108
0.0649,0.6779,0.2063,-0.1087
-0.0573,-0.0371,-0.3993,-0.0976
-0.1037,-0.0745,0.0003,0.1231
-0.1215,-1.1052,0.7931,0.2747
-0.1243,-0.8609,0.2633,0.2178
-0.3038,0.3262,-0.0631,-0.0197
-0.1900,-0.1623,-0.0223,0.1154
-0.0646,0.3155,-0.1675,-0.2318
-0.2604,-0.1303,0.0055,-0.0773
0.0852,0.5603,-0.4853,-0.2076
-0.3100,-0.3411,-0.3466,0.0112
0.3339,0.9329,-0.6368,-0.3261
-0.1451,-0.3203,0.3660,0.1046
0.3885,0.3856,0.0154,0.0639
0.1789,-0.4936,1.7832,0.2379
0.1704,-0.1977,-0.2261,0.2065
-0.4778,-0.5255,2.7969,0.5034
-0.1691,-0.1503,0.2509,0.2618
-0.1426,0.2533,0.4093,0.1070
0.5276,0.0696,-0.1415,0.0995
-0.2406,0.1056,-0.3262,0.1716
0.1764,-0.1614,0.7211,0.2687
0.0109,0.1313,-0.1632,0.0038
-0.4333,-0.3081,0.1447,-0.1911
0.3126,0.0621,-0.3823,-0.1112
-0.1301,-0.1728,-0.1057,-0.2231
-0.3468,0.1683,0.5245,0.0998
-0.2024,-0.1548,-0.0947,-0.0886
-0.0815,0.2750,0.5952,0.0423
-0.0298,-0.5424,0.1640,0.3722
0.0353,-0.0051,-0.0733,-0.0388
-0.1525,0.0227,0.3029,0.1949
-0.0057,0.2776,-0.1767,0.0213
0.5948,-0.0772,-0.1677,-0.1756
0.2338,0.5100,-0.5880,-0.0980
0.6640,0.1892,0.0504,0.0489
-0.5746,-0.0964,0.2807,0.0579
-0.1170,0.1874,-0.2601,0.0123
0.2462,0.3229,-0.3022,0.0355
-0.0473,-0.2700,0.5511,0.2897
0.0626,0.1885,-0.1033,-0.0163
-0.0002,-0.5534,0.2512,0.1234
-0.1245,-0.0725,-0.1715,0.0150
-0.6030,-0.3654,1.0498,0.0333
0.4079,-0.0977,0.1352,-0.0675
0.4677,0.4368,-0.0165,0.0358
-0.1013,-0.2056,0.0681,0.3025
-0.5088,0.0675,-0.3171,0.0286
-0.3340,-0.3368,-0.2292,-0.2238
0.3599,-0.6029,-0.1178,-0.1753
-0.3728,0.0696,-0.3219,0.1336
0.0216,0.0698,-0.1669,0.0289
0.2540,0.0923,0.1396,-0.0152
0.1292,0.3717,-0.2221,0.1168
-0.1811,-0.1888,0.0990,0.2481
-0.5495,-0.8739,-0.0462,0.1666
-0.1143,-0.1571,-0.1373,0.0836
-0.3448,0.2880,-0.2051,0.0377
-0.2645,-0.4382,0.1188,0.3595
0.1466,-0.9629,-0.1922,0.1125
0.1282,0.1013,0.0113,0.0729
0.0782,0.0412,0.5701,0.2325
0.2448,0.2257,-0.4476,-0.2957
0.0710,-0.7611,-0.2205,0.1808
0.0338,0.2371,-0.0610,-0.1157
-0.3276,-0.5782,0.1596,0.3628
-0.7477,-0.5171,0.1650,0.3032
0.2561,-0.1323,-0.3884,-0.1417
-0.2608,-0.1045,-0.1784,0.0288
0.3782,0.1497,0.5506,-0.1108
0.2348,0.6107,-0.7660,-0.3691
-0.1775,0.3190,-0.0023,0.1666
0.0673,0.3633,-0.1766,-0.0088
-0.1743,0.0377,-0.3093,-0.0337
-0.1175,0.6362,-0.5027,-0.1562
0.6142,0.1945,-0.3849,-0.0080
-0.1685,-0.8157,-0.2322,0.0538
-0.4031,-0.7950,0.5980,0.3666
0.0885,-0.1474,0.4074,0.2668
-1.0866,-0.7485,0.2568,0.4405
0.2419,0.1341,-0.1850,0.0290
-0.1055,-0.0185,-0.5656,-0.1252
0.0159,-0.0312,0.0562,-0.1088
0.5084,0.0233,-0.2571,0.1828
0.3447,0.4550,-0.2890,-0.1159
-0.2326,0.3351,0.1023,-0.0267
0.2951,0.1719,0.0275,0.0249
0.1529,0.0641,-0.3958,-0.1922
0.5199,-0.8704,-0.0349,0.1357
-0.0979,0.0595,0.0763,0.0786
0.2045,-0.1817,0.1522,-0.0577
0.4668,0.7459,-0.9755,-0.4669
0.0670,0.5426,-0.8431,-0.3593
0.8136,0.5004,-0.6423,-0.4013
0.1945,0.4561,-0.4085,-0.1901
-0.7755,-1.0465,-0.2100,0.3954
-0.1292,-0.1290,0.3795,0.0537
-0.2722,-0.4599,-0.0425,-0.1129
0.2819,-0.2349,-0.2508,-0.2852
0.0751,-0.2993,-0.1925,-0.1411
0.2169,-0.2243,-0.6670,-0.4219
-0.0486,0.2765,-0.1935,-0.1323
0.1654,0.0258,-0.2588,0.0966
0.6214,0.3836,-0.0844,-0.1277
0.0569,0.7868,-0.4965,-0.3062
0.1578,-0.0481,-0.0827,-0.2877
-0.3250,-0.3114,0.1013,-0.0766
-0.4963,-0.8051,0.2565,0.3924
0.3194,-0.3503,0.0239,0.2554
0.6041,0.7992,-0.4878,-0.0695
-0.2424,-0.9569,-0.4228,0.0189
0.0468,0.1892,-0.2680,-0.1708
0.5148,0.4294,-0.1448,-0.2394
0.2205,0.3803,1.2488,0.0220
0.5963,0.8241,-0.6544,-0.4499
0.0644,0.3319,0.4195,-0.1238
0.4525,0.6022,-0.7014,-0.4358
0.2783,0.4913,-0.2509,-0.2900
0.2068,0.0569,-0.3374,-0.2005
0.2453,0.4510,-0.2815,-0.3232
0.0387,-0.1050,-0.2487,-0.2314
0.0186,0.4679,-0.3987,-0.2993
-0.1648,0.1144,0.3127,-0.0314
0.1572,0.3611,1.7536,0.0904
-0.3274,0.2334,-0.3167,-0.0682
0.0786,0.3303,-0.0903,-0.1475
-0.0940,-0.1486,-0.3285,-0.0164
0.1947,0.6500,-0.6706,-0.3945
-0.3528,0.7735,-0.7154,-0.1700
0.3072,0.4222,-0.5376,-0.1350
0.2900,0.4653,-0.6428,-0.1000
0.2426,0.6396,0.1569,-0.0912
0.5046,0.3664,-0.5323,-0.1736
-0.0687,0.1932,0.3091,0.0916
-0.2561,0.2253,1.0972,-0.0015
-0.1331,-0.4198,0.5195,-0.1050
-0.2211,-0.4479,0.1399,0.1277
0.0230,0.4354,-0.4269,-0.1529
0.7702,-0.1118,-0.3236,0.0106
0.5729,0.2684,-0.4405,-0.2485
0.3008,-0.2708,-0.1179,0.0309
-0.3831,-0.1955,0.3479,0.0424
0.2120,-0.1152,0.5504,0.0274
-0.3419,-0.1809,-0.3363,-0.0014
-0.1131,0.1364,-0.3102,0.2692
0.0180,0.0861,-0.5139,0.0568
0.0112,0.0581,0.3364,0.1237
-0.7002,-0.1431,0.5561,0.2752
0.6714,0.4953,-0.2503,-0.0661
0.1118,0.0522,-0.1542,-0.0090
0.5718,0.5183,0.1552,-0.0201
0.7075,0.0772,-0.2231,-0.3741
0.1733,0.7865,-0.3486,-0.2732
0.1875,0.4063,-0.0473,-0.0764
0.1204,0.6254,-0.5335,-0.3900
-0.2632,-0.3826,0.5642,0.2097
0.1518,-0.4733,-0.3556,-0.0310
0.2600,0.5068,-0.4899,-0.1610
0.2650,-0.2790,-0.1068,-0.1565
0.4264,0.5294,0.0749,-0.2019
-0.1357,-0.5183,-0.1637,-0.1164
-0.2130,-1.2976,-0.0347,0.1400
0.0813,0.0318,0.7220,0.2228
0.3148,0.2835,-0.1642,-0.1126
-0.4269,0.0487,0.0118,0.1194
0.3351,0.5331,-0.5951,-0.0381
-0.0918,-0.2680,-0.3168,0.0134
-0.4314,0.5712,-0.7193,-0.1496
0.1862,-0.0172,-0.5112,-0.3107
0.5481,0.1362,-0.4731,-0.1072
0.5178,0.2630,-0.1772,-0.2952
-0.1662,-0.6655,-0.2381,0.2744
-0.0168,0.4630,-0.5885,-0.2623
0.1604,0.3069,-0.1888,-0.0661
0.1995,-0.0308,-0.4760,-0.5086
0.0642,0.0498,-0.4371,-0.2089
0.2977,-0.1668,-0.4655,0.0345
0.4706,1.0075,-0.3895,-0.3035
-0.1885,0.3025,-0.0509,0.0768
0.0030,0.1147,2.1568,0.0638
0.1064,-0.6433,-0.0534,0.2991
0.1602,-0.6214,-0.4258,0.0220
0.2698,0.2239,-0.0358,0.1583
0.1413,0.4722,-0.3498,-0.1379
0.0316,-0.0594,-0.4449,0.0298
-0.1275,0.0401,-0.2857,-0.0872
-0.1556,-0.5647,0.1350,0.2005
0.0442,0.4003,0.5315,-0.0086
-0.3046,-0.1370,1.2623,0.1280
-0.1177,-0.5015,-0.0054,0.0018
0.0705,0.2722,-0.2282,-0.1330
0.1448,-0.5609,-0.3118,0.0748
0.5902,0.2325,-0.1642,-0.2103
0.4358,0.1688,-0.2294,0.0171
0.2468,0.1816,-0.3698,-0.1676
0.1059,0.4589,-0.5682,-0.3008
-0.0820,-0.4759,-0.0027,0.1274
0.0493,0.9162,-0.3692,-0.1319
-0.2160,0.2996,0.3080,-0.0207
-0.0965,0.5428,0.0687,-0.2028
-0.2811,-0.4330,0.5004,0.1965
-0.0083,0.0511,-0.7389,-0.1986
-0.1331,0.5310,1.3668,0.0446
0.3772,0.5190,-0.3466,-0.1211
-0.3328,-0.3722,2.7307,0.1575
-0.4676,-0.9252,-0.0093,0.2894
-0.1009,0.2224,-0.0640,0.1220
0.2905,0.4330,0.1866,0.0417
0.0410,-0.1910,-0.1595,-0.0156
-0.1324,-0.3811,0.0448,0.0542
-0.4552,-1.4177,0.0197,0.2780
-0.7340,-0.8123,0.9402,0.4664
-0.8115,-0.6928,-0.0665,0.1942
-0.3237,-0.1472,0.2328,0.0543
-0.1233,-0.1796,-0.3976,0.2277
-0.2385,-0.3730,0.9335,0.4349
-0.5506,1.1794,-0.1275,0.1708
0.4503,0.5957,0.7375,-0.2786
-0.0049,0.3596,-0.8094,-0.3999
0.3182,0.7144,-0.4470,-0.4973
-0.5087,0.0827,-0.5538,-0.1900
1.0110,0.7015,-0.1104,-0.2317
-0.0746,0.7127,-0.2773,-0.2102
0.0244,0.1881,0.0008,-0.3350
-0.6092,-0.5862,1.2852,0.1996
0.2901,0.5985,-0.9122,-0.5177
-0.3457,-0.4862,0.2990,0.3281
-0.4941,-0.1454,0.0308,-0.0394
0.5782,0.1361,-0.2912,0.1624
-0.3468,-0.5588,-0.1190,-0.0680
-0.5032,0.3023,-0.1056,-0.0971
-0.2178,-0.1746,-0.1242,0.0090
-0.0511,0.7061,-0.1278,-0.1242
0.1175,-0.0835,-0.3592,-0.0587
-0.1624,-0.6713,-0.3985,-0.0157
-0.4614,-0.2366,1.8355,0.0831
-0.2442,-0.0792,0.5317,-0.0148
0.0229,0.2234,-0.3224,0.0624
0.0736,-0.3221,0.5123,0.0551
0.3289,-0.0736,0.0831,-0.0980
-0.3939,-0.8939,-0.2703,0.0846
-0.1963,-0.5429,0.0942,0.2933
1.0604,0.4128,0.7629,-0.0358
0.5121,0.1793,0.1206,0.0589
-0.4181,-0.0721,-0.3739,0.0568
0.5148,-0.2965,0.2825,0.1423
-0.1696,-1.2735,1.1798,0.2498
0.0673,0.0266,-0.1694,0.1139
-0.3377,-0.2022,-0.3882,0.1422
-0.0304,-0.1175,-0.0554,-0.0025
-0.8138,-0.3011,0.8294,0.2534
-0.2855,-0.0507,0.2277,0.1032
-0.0779,-0.0180,0.2788,0.3898
-0.3151,-0.5237,-0.3442,-0.1472
0.0959,0.1828,-0.2439,0.0298
-0.1941,-0.0111,-0.1744,0.0972
0.1980,-0.3149,0.0873,0.3622
-0.4061,-0.1790,0.3199,0.1945
0.0979,0.5648,0.3966,-0.3133
0.1133,-0.2185,-0.2930,0.1309
0.2891,0.2731,-0.7993,-0.0312
0.2359,0.1746,-0.9406,-0.0586
0.0584,-0.6405,0.7365,0.1777
0.6131,0.0649,-0.6936,-0.4352
0.2043,0.3058,-0.0416,-0.0196
0.2602,0.5030,-0.7359,0.0803
0.0383,0.3894,-0.1652,0.0602
0.1169,0.0352,-0.4147,0.0082
-0.4978,-0.1364,-0.2699,0.1153
-0.5555,-0.0490,0.9285,0.1593
0.1815,-0.9365,-0.2302,0.2983
-0.1577,-0.0520,-0.2750,0.0105
-0.1746,-0.0784,-0.5762,-0.1838
0.5003,-0.6277,-0.1920,-0.0397
-0.1673,0.3469,-0.2268,-0.1365
0.1134,0.3791,0.3178,-0.1862
-0.1956,-0.9195,0.4192,0.1946
-0.5460,0.2253,-0.5021,0.0575
0.0308,0.1107,0.2706,-0.2690
-0.0219,-0.0285,0.0340,0.0966
0.0133,0.4722,0.1802,-0.2808
-0.1324,-0.9410,-0.2453,0.2042
0.6544,0.3338,-0.3129,-0.0576
-0.2104,0.0461,-0.4927,0.1033
0.3429,-0.0492,-0.6530,-0.1049
-0.1082,0.0586,-0.5410,-0.1050
0.3569,-0.1915,0.2275,-0.0776
0.1539,0.0393,-0.4085,0.0504
0.1736,-0.2127,-0.2199,0.0715
0.0490,0.0788,0.3788,-0.2626
-1.1652,-0.7551,0.1532,0.1515
-0.3124,-0.3650,-0.6905,0.0507
0.0538,0.1026,0.2597,0.1557
0.3332,0.2272,-0.2296,0.0407
-0.1317,0.1636,-0.1516,-0.1737
0.6942,-0.2340,-0.0456,0.1011
-0.1989,-0.1765,-0.4645,0.1377
-0.3401,-0.1119,0.5854,0.0855
0.2379,-0.0774,-0.3001,0.0373
-0.0224,-0.0213,1.1262,-0.0373
0.4628,0.2256,-0.5740,0.1058
0.0888,-0.1703,-0.2936,-0.2026
0.0104,0.0516,0.1792,-0.1903
-0.6323,0.4874,0.4285,0.4267
0.1844,-0.2148,-0.4715,0.0722
-0.2952,-0.3248,-0.0872,0.3551
0.0031,0.8869,-0.4012,-0.1015
-0.2302,0.1157,-0.0512,0.1781
-0.5842,-1.1710,-0.2347,0.1278
-0.0921,-0.8723,-0.0289,0.2028
-0.1124,0.7195,-0.3950,0.0473
0.7270,0.8019,-0.1919,-0.2777
-0.3122,-0.5764,0.4100,-0.0229
0.0492,-0.0896,-0.4099,0.3157
-0.6639,-0.0559,-0.2389,0.2445
-0.7993,-0.1701,0.3387,-0.1802
0.1448,0.8859,1.5914,0.0391
0.1922,-1.2658,-0.6746,-0.1654
0.1092,0.6377,0.7704,0.0448
-0.2739,0.0933,-0.5149,-0.0426
-0.2383,-0.3024,0.7823,0.2081
0.0086,0.4360,-0.5836,0.1150
0.2966,-0.1926,-0.7362,0.1011
-0.1563,-0.3916,0.4604,-0.1433
-0.1472,0.0110,0.0791,0.1140
-0.0488,-0.7069,0.1165,0.0421
-0.0310,0.0695,-0.4622,-0.1292
0.1117,0.0228,-0.1889,0.3739
-0.0649,0.4532,-0.7258,-0.0731
-0.1405,-0.1133,0.0110,-0.0031
-0.5144,-0.0259,-0.6639,-0.2737
-0.4175,-0.0094,0.2761,-0.1374
-0.2341,-0.1746,-0.2932,-0.3042
-0.1205,-0.2189,-0.3946,-0.0558
0.1172,0.3796,-0.3223,-0.1294
0.1865,-0.6960,-0.2862,0.0269
-0.0885,-0.7300,0.2566,0.2648
0.4590,-0.0498,-0.4370,0.0109
-0.2109,0.1905,-0.6523,-0.2200
0.0193,0.3310,0.1148,-0.0804
0.1927,-0.1566,-0.0059,0.0638
-0.2015,-0.4543,0.3577,0.0073
0.1679,-0.1805,0.0792,-0.0763
-0.3346,-0.0180,-0.0224,0.0684
0.0391,-0.1185,0.4023,0.4607
0.1478,0.3852,0.0415,-0.3045
-0.0524,-0.4993,-0.3016,-0.0292
0.0583,0.5059,-0.6543,0.1334
0.2498,0.6918,-0.8186,-0.5609
0.9291,0.4469,-0.4673,0.0077
0.1926,0.2775,-0.1451,-0.0078
0.4756,0.6447,-0.1472,-0.1851
0.2949,0.4071,-0.1470,-0.2665
-0.1221,-0.1332,0.0238,-0.3103
0.0520,-0.0182,-0.0754,-0.0301
-0.1888,1.0943,3.4732,-0.2323
-0.0836,-0.2537,0.0536,-0.1284
0.6141,0.0649,-0.1648,-0.1403
-0.1652,0.6458,0.1766,0.1206
-0.5445,-0.5716,-0.5345,0.2614
-0.4997,0.1257,-0.3367,-0.0379
-0.1759,0.4740,-0.4111,-0.3368
-0.1512,0.0183,-0.1295,-0.1847
-0.1325,-0.2101,0.0872,-0.0434
-0.1423,-0.4115,-0.4891,-0.0180
-0.1412,0.0186,-0.1852,0.1282
-0.5741,-0.1948,-0.0274,0.1992
0.3986,0.6235,-0.3323,0.0958
-0.4897,-0.0050,-0.0439,0.1634
0.5494,0.2871,-0.6089,-0.2000
-0.4596,-0.1318,-0.0001,0.2757
-0.4537,-1.3283,-0.1965,0.1186
-0.4804,-1.5496,-0.0780,0.3221
0.1082,0.2462,0.7300,0.6529
-0.1227,-0.7053,0.0695,0.1397
-0.2555,-0.4239,-0.2951,-0.0490
0.3267,-0.2372,0.6939,-0.0566
-0.6565,-0.0059,-0.2035,0.0970
0.0222,-0.3256,-0.4161,-0.1016
0.0821,-0.0454,0.1824,0.0296
0.1670,-0.4168,-0.0888,0.0683
0.3301,0.4354,0.0155,-0.1227
-0.1295,0.0381,0.6753,0.0806
0.0258,-0.4846,1.2752,0.2063
-0.7441,0.1086,0.9933,-0.0324
-0.2985,-0.0337,-0.3756,0.0328
0.2961,0.3769,-0.2120,-0.2421
0.0510,0.3194,-0.3469,-0.2368
-0.1421,-0.4517,0.5390,0.0719
0.0345,-0.6667,0.0310,0.3809
0.3182,0.1045,0.3109,0.2984
-0.1029,-0.2198,-0.3582,-0.0383
-0.4016,-0.5611,-0.0489,0.0859
-0.4048,-0.4476,-0.4850,-0.4633
-0.2430,0.0184,0.1592,0.0753
-0.0503,0.8187,0.5151,0.2884
0.2381,0.3363,0.1733,-0.0193
0.0692,0.4858,-0.2503,0.2829
0.4691,0.7795,-0.6340,-0.2699
0.1580,0.1133,-0.4782,-0.2901
-0.0225,-0.3303,-0.4395,0.1043
0.0570,0.2210,-0.2187,-0.0133
-0.8579,-0.7660,-0.3488,0.2431
-0.0848,-0.6641,-0.4134,0.3996
-0.1977,0.3091,-0.8052,0.1100
0.2018,0.0200,-1.1618,-0.0066
-0.2288,0.5623,-0.5760,-0.0643
0.1082,0.5481,-0.1292,0.0729
-0.0413,0.2336,-0.3469,0.0754
-0.0604,0.2452,0.1139,-0.2887
0.3579,0.5294,-0.3955,-0.4328
0.1494,0.1547,-0.2399,-0.3168
0.1800,-0.7847,-0.3140,-0.1303
0.2600,0.1617,0.3703,-0.3690
-0.3330,0.1470,0.5178,-0.1588
0.3561,0.3727,0.1488,-0.4854
-0.1824,-1.4364,-0.5626,0.0362
-0.0789,0.1794,-0.1374,-0.3471
-0.2202,-0.5608,-0.4749,-0.2171
-0.1017,0.4440,0.1387,-0.4420
0.6311,0.3061,0.5936,-0.3441
0.0594,0.1267,-0.3467,-0.3302
0.2635,-0.1892,0.0023,-0.2597
-0.4414,-0.1606,-0.6276,-0.2061
0.1499,-0.1125,-0.3361,-0.1710
0.0134,0.2729,0.1017,-0.2646
-0.3136,0.8224,0.3650,0.0035
-0.1808,-0.2279,1.0437,0.1109
-0.2459,-0.8341,0.5566,0.1373
0.2115,0.4916,-0.3473,-0.3429
-0.1303,-0.3459,-0.8075,-0.1734
0.1534,0.2433,-0.3854,-0.0452
0.6152,0.8098,-0.8989,-0.2876
-0.0288,-0.1698,-0.5897,0.1320
-0.0075,-0.8986,-0.2667,0.0777
-0.4328,0.1158,-0.4706,-0.0202
0.1805,0.4115,-0.3548,-0.3790
-0.0904,0.2142,-0.7857,-0.2504
0.2427,0.9133,-0.0418,0.0631
-0.3128,-0.3424,0.8416,0.2866
-0.4396,-0.0534,-0.4182,0.1592
0.2291,0.0912,-0.1874,0.0394
0.0989,0.4010,1.2905,-0.1117
0.0306,-0.6813,-0.5976,0.0314
0.1284,0.3803,-0.3202,-0.3398
0.0472,0.2222,-0.5809,-0.3298
0.4460,0.1884,0.1769,-0.2696
0.1416,-0.0119,-0.2597,-0.0170
-0.3474,-0.0167,-0.3785,0.3781
0.3614,0.4819,-0.8983,-0.2942
0.3218,0.2624,0.3013,-0.0408
0.3086,0.3774,0.1666,-0.0992
0.0769,0.2182,-0.1721,0.1308
0.4065,0.4928,-0.2861,-0.2453
0.5769,0.6585,-1.0872,-0.3739
-0.6211,-0.4657,-0.0024,0.1795
0.2308,0.3750,-0.9653,-0.1031
-0.2163,-0.9317,0.1960,0.3486
-0.3181,-0.2542,-0.3339,0.0538
-0.3140,-0.4373,-0.0635,0.2707
-0.7199,-0.1855,1.2878,0.0197
-0.4383,-0.1779,0.2905,0.1072
0.0788,-0.0435,-0.3039,0.0693
-0.1050,0.2337,-0.5983,-0.0693
0.1020,0.0982,0.4288,-0.1117
0.1807,-0.0212,0.6854,-0.0560
-0.2573,-0.1515,0.6094,-0.0609
-0.0249,-0.2362,-0.0531,-0.1959
0.1266,-0.2651,0.4982,-0.0936
-0.3151,-0.4236,-0.0911,0.1816
-0.2023,0.2431,2.7076,0.3200
-0.2192,-0.0101,-0.0910,0.2360
-0.7059,-0.5247,0.1744,0.0759
-0.3931,-0.1670,0.2248,0.0221
0.2347,0.1161,-0.1019,0.0888
-0.3225,-0.3496,-0.1270,0.1690
-0.6358,-0.1775,0.7263,0.2596
0.0709,0.1901,0.6533,0.1371
-0.4306,-0.7868,-0.7826,0.1235
-0.2235,-0.2913,-0.2944,-0.1013
-0.0215,-0.2205,-0.6838,0.1592
-0.1844,0.0435,-0.3501,0.2318
-0.3228,-0.1035,0.0785,0.0982
0.2665,-0.2413,0.2792,0.2484
-0.3945,-0.1287,0.7410,0.1822
-0.3180,-0.1084,0.5490,-0.0145
0.0920,0.1576,0.8303,0.3108
0.2583,0.0307,0.1074,0.0588
-0.1844,-0.3619,0.3360,0.1636
-0.2418,-0.0928,0.7604,0.1160
-0.2918,-0.2294,-0.1765,0.2156
-0.1910,-0.1158,0.4283,0.1999
0.1564,-0.2232,0.1744,0.0074
0.0154,1.4333,1.9022,0.0132
0.1697,-0.4494,-0.4503,0.1049
-0.0150,0.2547,-0.5291,0.2607
0.9956,0.5073,0.8742,0.1727
0.1103,0.4633,-0.6347,0.0514
0.1585,0.2723,-0.0776,0.0756
0.2067,0.1604,0.7234,-0.0999
0.0819,-0.0949,0.6470,0.2526
0.4865,0.2463,-0.6447,-0.1746
-0.1166,0.4798,-0.5394,0.1381
-0.1265,-0.2439,0.1997,-0.0668
0.5884,0.3386,1.0986,0.0759
0.2767,-0.6133,0.3849,0.1246
-0.0093,-0.0403,-0.0033,-0.1484
-0.9300,-0.2358,-0.1717,0.1141
-0.3314,0.3635,-0.2862,0.1538
-0.0495,0.3867,-0.1399,-0.0222
0.1023,0.1469,0.1157,0.0853
-0.4240,-0.1890,-0.2017,0.0209
-0.0967,-0.4939,0.2454,0.2143
0.5155,0.0189,-0.5263,0.0527
-0.2329,-0.4245,-0.6578,-0.0794
0.3115,0.1397,0.8962,0.1282
-0.0896,0.2544,0.7191,-0.0540
-0.1007,0.2589,0.1920,0.0623
-0.5731,-0.0590,0.1043,0.0741
-0.2446,-0.5364,0.6191,0.2922
0.1660,-0.2550,-0.5947,0.2573
-0.1502,-0.2018,-0.1959,0.2687
0.1456,0.7241,-0.3865,0.0560
-0.3626,-0.1547,-0.4526,-0.0487
0.1640,-0.3711,0.8433,-0.0037
0.4196,-0.1928,0.2654,0.1883
0.6050,0.4381,-0.2690,-0.0303
0.9270,-0.6734,-0.3991,0.3536
0.2356,0.3945,0.0315,-0.2665
0.0043,-0.2050,-0.2685,0.0691
-0.0290,-0.7534,0.4755,0.1611
0.1126,-0.2263,-0.2793,0.1491
-0.1657,0.1414,0.1795,0.2193
-0.0926,-0.6099,-0.1839,0.0837
0.1120,-0.0304,0.0037,0.2355
0.1925,-0.7181,0.2187,-0.0136
-0.0480,-0.2902,-0.7699,-0.1479
-0.6921,0.0468,-0.4265,0.0869
-0.2990,-0.9134,0.2440,0.0643
0.0897,-0.4514,-0.7183,-0.0206
-0.2323,-0.6957,0.2364,0.2963
-0.1109,-0.0012,-0.3587,-0.0073
-0.1961,0.1124,1.3711,-0.0806
0.0630,-0.3188,-0.0965,0.1279
-0.3776,-0.4829,0.1220,0.3918
-0.3859,-0.5848,-0.1159,0.1891
-0.4724,-0.6469,-0.4900,0.2694
0.0184,-0.0500,-0.3645,-0.0663
0.7883,-0.0748,0.0419,0.1365
-0.5350,-0.7283,-0.2340,0.3198
-0.3143,-0.0026,0.0784,0.1803
-0.0270,-0.1670,1.1759,0.0105
0.0439,0.1867,-0.5962,-0.0994
-0.0810,-0.0720,0.7472,0.0663
-0.0844,0.0459,-0.2786,0.1584
-0.1588,0.0208,-0.8705,-0.0395
0.1824,0.1560,-0.7271,-0.0457
0.1311,0.0322,-0.0450,0.1280
0.2299,-0.0174,-0.7329,-0.1160
0.0172,-0.2118,-0.3700,0.0670
-0.0650,-0.2544,1.2274,0.3067
-0.2220,-0.3756,-0.5892,-0.0797
-0.2539,0.2478,-0.4812,-0.0475
0.3338,0.4169,-0.5979,-0.0563
-0.1627,0.5464,-0.7012,-0.0604
-0.1048,0.4336,-0.1606,-0.3371
-0.0780,0.8833,0.0093,-0.5184
-0.1527,0.3912,-0.5041,-0.3583
-0.1964,0.6743,-0.1758,-0.3661
0.1435,0.7684,-0.1745,-0.6300
0.1223,0.4972,-0.5680,-0.3471
0.6597,1.6489,0.2878,-0.2230
0.1937,0.3113,0.7022,-0.0063
-0.0209,-0.6866,-0.3848,0.0846
-0.1287,0.1122,-0.3629,-0.2894
-0.1026,0.0993,-0.0788,-0.0274
0.0355,-0.0358,-0.6562,-0.1726
-0.4197,-0.5316,-0.4582,0.0289
0.3945,-0.1208,0.0131,0.1853
-0.1220,-0.0848,0.3876,-0.1132
-0.3052,-1.0635,0.0570,0.0876
0.1700,-0.2513,0.5618,0.2457
-0.2588,0.4846,1.2259,0.3299
-0.6336,-0.3291,-0.5375,0.0772
-0.0346,-0.3643,-0.0103,-0.2525
-0.3371,-0.1852,0.4344,0.0562
0.1580,-0.8300,-0.0105,0.1177
-0.0636,0.1772,-0.1801,0.1982
0.3482,0.0074,-0.6277,-0.1011
0.2296,0.4618,-0.6344,-0.2370
-0.7703,-0.1733,0.1002,-0.2547
-0.3145,0.1847,1.0597,0.0122
0.2084,0.3026,0.1655,-0.0611
0.3069,-0.1643,-0.0286,0.2698
-0.3588,-0.3606,-0.3138,0.1796
-0.0107,-0.1303,-0.6296,0.0239
0.6640,0.0372,1.0556,0.1141
-0.1263,0.2782,-0.0365,0.0638
0.4633,-0.5873,-0.2340,0.2052
-0.1453,-0.6311,-0.3134,0.1655
0.3276,-0.2465,-0.5632,0.0387
0.3067,0.3703,-0.2943,0.0911
-0.0205,-1.1080,-0.9975,-0.0635
-0.1294,0.1107,-0.4460,0.0474
0.2861,0.0975,-0.3152,-0.1882
-0.0251,-0.9870,0.0609,0.2078
0.1343,0.3481,-0.5120,-0.0230
-0.3077,0.3684,-0.0698,-0.2704
-0.2322,-0.3079,-0.6795,0.1614
0.1616,0.1591,-0.8167,-0.2568
-0.1820,0.2930,1.3294,0.1581
-0.0197,-0.1581,-0.0274,0.2048
-0.2752,-0.1060,-0.0695,0.1112
-0.3993,-0.5551,0.2490,0.0151
0.1772,0.2036,-0.3731,-0.1131
-0.5756,-0.0844,-0.0594,0.1394
0.1007,0.2808,-0.0171,0.0224
0.0678,0.3270,-0.4611,-0.1121
-0.3728,-0.8400,0.1565,0.1037
-0.4288,-0.3747,-0.4825,-0.1586
-0.4210,-0.3277,0.3156,0.0120
-0.0782,0.0643,-0.4065,-0.0098
0.1221,0.3388,-0.2375,-0.1017
-0.5688,0.2939,-0.1829,-0.0329
0.0369,-0.2044,-0.8247,-0.0978
0.1880,0.4703,-0.3896,-0.2042
-0.2827,0.3114,0.1791,-0.3369
-0.4096,0.2121,-0.2218,-0.3125
-0.3488,-0.1708,0.3967,-0.0984
-0.9245,-0.6016,-0.2160,0.1625
-0.0368,0.1315,0.8565,-0.1885
0.1058,-0.8871,-0.1164,0.1113
-0.0751,-0.0096,-0.5835,-0.3035
-0.0907,-0.1514,-0.1284,0.0378
-0.5963,0.2698,0.1061,-0.1961
-0.1253,-0.0737,-0.2099,-0.1987
-0.0075,-0.6348,-0.4102,0.1692
-0.4160,-0.0986,0.5563,0.1836
-0.0371,0.2811,0.7182,-0.2408
0.0937,-0.2176,-0.3794,-0.0363
-0.3021,0.0485,-0.7240,-0.4163
0.2220,0.0114,-0.7390,-0.5319
0.0593,0.1686,-0.7881,-0.3708
0.1658,0.2029,-1.0783,-0.4132
-0.4407,-0.5815,-0.2369,-0.0311
0.0873,0.3702,-0.8488,-0.0403
0.0387,0.0903,-0.8894,-0.2831
0.3469,0.2608,-0.0460,-0.3730
1.1014,-0.4494,0.0751,0.2025
-0.0571,0.4615,-0.5349,-0.1198
0.0671,-0.0154,-0.7243,-0.0856
0.3289,0.2239,-0.1400,0.0585
0.1398,0.3883,-0.0951,-0.1403
-0.0225,-0.2519,-0.0831,-0.0879
-0.2400,0.0734,0.0665,0.1670
0.0559,-0.3146,-0.3948,0.1098
0.0100,0.1922,-0.2003,-0.2221
-0.0990,0.4921,0.6284,-0.3161
0.0056,0.1287,-0.6180,-0.0857
0.1676,-0.9277,-0.3662,0.3029
-0.2826,-1.0132,0.0840,0.2658
-0.0546,-0.3791,-0.5940,0.1259
-0.1732,-1.2321,-0.0388,0.3907
-0.1385,-0.6730,0.6773,0.1898
-0.3034,0.0504,0.9815,-0.0027
0.0439,-0.0682,-0.4129,-0.0418
-0.6691,-0.4647,-0.4847,0.2781
0.0313,0.1971,-0.2985,-0.1706
0.2752,0.0970,-0.4096,-0.0352
0.3422,-0.1040,-0.7195,0.1082
0.0624,0.2423,-0.1710,-0.3393
-0.2328,-0.0294,-0.5525,-0.0304
0.1407,0.3055,0.1751,-0.2899
0.0513,0.0597,-0.2851,-0.1321
-0.1539,-0.1245,-0.2095,-0.1661
-0.0948,0.0656,-0.7350,-0.1442
0.1021,-0.3311,0.0467,0.0363
0.2121,-0.4199,-0.7569,0.0083
-0.1932,-0.5219,-0.4773,-0.0994
0.3846,-0.4205,0.8659,0.2765
-0.5136,-0.5346,-0.2663,-0.0309
-0.6030,-0.5429,-0.0662,0.1864
-0.4863,-0.8138,-0.3476,-0.0068
0.1419,-0.5133,0.4100,0.0679
-0.1763,0.0354,-0.2507,-0.2073
0.4322,-0.4072,0.1395,0.2913
-0.2417,0.1738,-0.2679,0.0092
0.0936,0.0049,0.8276,-0.1018
0.1944,-0.1440,-0.9353,-0.0205
0.8226,0.1717,-0.2921,-0.0386
0.2020,0.1637,2.2401,0.1417
-0.4220,0.2976,0.2097,0.1121
-0.0717,-0.2366,-0.2529,0.0433
-0.1759,-0.1958,-0.3267,0.0603
-0.3860,-0.2337,0.0415,-0.0257
-0.2198,-0.0814,0.6909,0.2714
-0.2639,0.6720,1.1353,-0.1402
0.0735,-0.2245,1.5116,0.1626
-0.1646,-0.2840,-0.1917,0.0334
-0.0492,-0.2960,1.0158,0.1493
-0.2924,-0.5409,0.2040,0.1908
-0.3188,-0.5207,0.1608,0.2763
-0.1220,-0.1571,-0.7043,0.0794
-0.0411,-0.3508,-0.3733,0.0043
0.0995,0.6757,0.1683,-0.0778
-0.5814,-0.6472,0.0740,0.3750
0.5509,0.1289,-0.5576,0.2477
-0.2066,-0.9099,-0.2822,-0.0692
0.3199,0.2911,-0.4914,-0.0792
0.4674,0.0483,-0.1751,0.1177
-0.4539,-0.2379,-0.1750,0.1846
0.7201,0.7024,-0.2197,-0.0979
-0.0685,0.1612,-0.1688,0.1928
0.7256,-0.1773,-0.2736,-0.2108
-0.3192,0.1348,0.4027,-0.1267
0.1360,-0.3624,0.1447,0.0065
0.1197,0.4415,-0.5107,-0.1068
-0.0123,-0.7223,1.2255,0.1857
0.1949,-0.2001,0.6894,0.0082
0.0495,-0.1587,0.2951,-0.1886
-0.0582,-0.2837,-0.0571,-0.1078
-0.2414,-0.5260,0.1429,0.0481
-0.0311,-0.4361,0.0928,0.3815
0.3284,-0.3520,-0.0689,0.0353
-0.2081,0.3280,-0.7360,-0.0653
0.1162,-0.7988,0.6092,0.0326
-0.3480,0.3613,-0.3170,0.1458
0.1351,-0.4836,0.3179,0.4829
-0.1059,1.2172,-0.9547,-0.2982
0.0026,0.2419,-0.1609,0.0291
0.0826,0.8785,-0.7322,-0.2679
0.7490,1.1778,0.0675,-0.3454
0.5952,1.0226,0.0358,-0.3054
-0.2215,0.0915,-0.3309,0.1429
-0.5812,0.0625,0.0708,0.1149
-0.1046,-0.0167,-0.8279,-0.0447
-0.2902,-0.5397,-0.5363,0.0797
0.3425,-0.2602,-0.1733,0.0368
0.1091,0.4550,0.7245,-0.2138
0.6819,0.4838,0.1905,-0.2908
0.4166,0.7769,-0.1393,-0.1718
0.1841,0.7122,-0.4529,-0.2706
0.3020,0.0889,0.0371,-0.1601
0.2062,0.5571,-0.0093,-0.0488
0.0193,0.3360,-0.5475,0.1595
0.1220,0.3369,-0.4955,-0.1096
-0.4298,0.4454,0.1660,-0.1059
-0.4995,0.1294,0.4163,0.0862
-0.2976,0.7370,0.3171,-0.2176
0.4535,-0.3217,2.5431,-0.0073
-0.3255,-0.2586,-0.5608,-0.0800
-0.1496,-1.1394,-0.8488,0.3579
0.0571,0.1351,0.0268,0.1936
-0.2163,0.1250,-0.1276,0.3401
-0.0967,0.0210,-0.3990,0.0951
-0.3165,-0.0226,0.0807,-0.0929
-0.2506,0.0451,-0.5734,0.0731
-0.2128,-0.0848,-0.4544,-0.1024
0.0527,0.5261,0.3978,0.1152
-0.3946,-0.5317,0.4883,0.3022
-0.4030,-0.2943,-0.6382,-0.1184
-0.1455,-0.0078,-0.2430,-0.0469
-0.0304,0.0700,-0.3347,-0.0118
0.6889,0.6676,-1.1550,-0.1703
0.2452,0.2088,0.7405,-0.1156
-0.3469,-0.1758,-0.2915,0.0514
-0.0977,0.0526,0.1408,0.3439
-0.4586,-0.6312,-0.6340,-0.0643
-0.2404,-0.2822,1.0864,0.2259
-0.3917,0.0664,-0.1961,0.0101
-0.6855,-0.4134,-0.4022,-0.0689
-0.1445,-0.5588,-0.2255,0.1214
0.0282,0.2452,-0.7224,0.0004
0.0682,-0.3881,0.2371,0.1579
-0.0736,-0.4240,0.1822,-0.0110
-0.3060,-0.8608,-0.4171,0.1764
0.2435,0.7033,0.0212,-0.0774
0.7110,0.8374,-0.6231,-0.3692
0.3896,0.5408,0.0393,-0.1483
0.1665,0.2092,0.2745,0.2103
0.8504,0.5957,-0.6371,-0.0800
-0.1610,0.8293,-0.5915,-0.2084
0.0963,-0.1755,0.0169,0.1924
0.3735,-0.2878,-0.3761,0.4238
-0.3454,-0.0721,-0.1274,0.1353
-0.6402,-0.7518,-0.2576,0.2540
0.0777,0.0608,0.5263,0.2898
-0.3228,0.1140,0.4121,0.1177
-0.4820,-0.4618,-0.3791,0.2567
0.2205,0.3223,-0.1015,0.1886
-0.3703,-0.0796,-0.0111,0.0222
0.3021,0.4919,-0.3072,0.1140
0.2420,0.8339,-0.9884,-0.1152
-0.0189,-0.0533,-0.1531,0.1694
0.3300,0.1913,-0.1303,-0.0326
-0.1153,-0.0963,0.7240,0.0202
-0.1468,-1.1546,-0.1539,0.2371
-0.0616,0.0261,-0.1889,0.0561
0.0427,0.1477,0.9145,0.1576
-0.0559,0.4558,-0.0975,-0.0534
-0.2131,-0.0315,-0.0144,-0.1535
0.3717,0.0652,-0.2323,-0.0948
0.3375,1.0400,-0.4405,-0.0704
0.0818,0.5431,0.7741,0.1257
0.0547,0.7127,0.8538,0.1131
-0.3809,-0.2798,-0.1633,0.2058
-0.0117,-0.3812,1.8172,0.0801
0.7968,0.4821,0.3503,-0.1680
0.1099,-0.2638,0.9127,-0.0612
0.6491,0.2806,1.3842,0.0481
-0.1057,0.3102,-0.3785,-0.2885
0.4471,-0.1147,-0.7405,0.0084
0.2572,-0.1623,-0.4306,-0.0228
0.0281,0.0578,-0.2946,-0.2587
-0.1476,0.1028,0.0510,-0.2920
-0.0436,0.3300,0.9362,-0.0636
-0.1458,0.2248,0.5755,-0.3241
-0.0049,-0.4263,-0.2455,-0.2078
0.0108,0.5574,-0.5245,-0.4890
0.8928,0.5062,0.1797,-0.2525
0.2339,-0.3747,-0.0630,-0.1310
1.1991,-0.8440,1.5942,0.1422
0.1050,0.0270,-0.0130,0.2177
-0.0050,0.3023,-0.3360,0.0574
0.0624,0.1626,0.0549,-0.1067
0.4809,-0.1070,-0.5104,-0.0233
-0.0328,-0.4349,-0.2981,0.1544
0.0365,-0.2524,-0.4579,-0.0631
-0.1431,0.4839,0.8811,0.0442
0.6187,0.1757,-0.0035,0.0159
-0.8262,-0.3036,-0.1071,0.2910
-0.3895,-0.7657,-0.4135,0.1512
-0.2320,-0.4410,0.5429,-0.0025
-0.6673,-0.8371,-0.3269,0.3738
-0.8973,-0.8299,-0.5295,0.2857
0.3292,-0.2363,-0.6620,-0.0758
-0.2815,-0.1231,-0.5303,-0.1022
-0.0348,-0.1086,-0.4084,-0.2042
0.0273,-0.8018,0.7761,0.1355
-0.4903,-0.0353,-0.3200,0.1514
-0.0101,-0.2410,-0.7835,0.1403
-0.0131,0.1483,-0.6043,-0.2672
0.6056,0.0983,1.3591,0.4508
0.1382,-0.0945,0.7696,-0.1010
0.1142,-0.1963,-0.7003,-0.0127
0.3935,-0.4078,1.2877,0.2579
0.1232,-0.7909,0.3293,0.0313
-0.2374,0.3012,0.0191,0.1458
-0.6147,-0.3206,-0.3252,-0.1810
-0.2732,-0.2257,-0.0807,-0.0966
-0.4376,-0.1333,-0.5809,0.1041
0.2096,-0.0480,1.2676,0.3590
0.3452,0.0705,-0.0238,-0.1923
-0.1996,0.0083,-0.4310,-0.1471
-0.1603,0.3958,0.4498,0.0170
-0.1301,0.0960,-0.2223,0.3027
0.3361,1.1727,1.2956,0.0305
0.2123,0.6062,-0.2945,-0.1618
0.2848,1.0314,-0.1906,-0.1601
0.0864,0.4097,-0.8528,-0.1036
-0.2239,-0.0587,0.0066,-0.0433
-0.0902,-0.2148,-0.5276,0.1261
-0.4528,-1.0424,0.1865,0.2025
0.2066,-0.4209,0.2098,0.1664
-0.1491,-0.3199,0.2135,-0.1009
-0.4057,-0.6074,-0.2197,-0.0847
-0.0737,-0.3748,-0.1168,-0.2339
-0.1915,-0.3388,0.2705,-0.1185
-0.3127,-1.1927,0.1181,0.0192
-0.7471,-0.8282,0.0426,-0.0720
-0.4805,-0.9107,-0.2251,-0.2353
-0.6165,-0.2006,-0.4128,-0.2522
0.1727,0.3025,-0.8094,-0.2770
0.1593,-0.7228,-0.2974,0.1293
-0.1307,-0.3554,0.6049,0.2580
0.2219,0.5458,-0.6526,-0.3358
-0.0241,0.0234,-0.5524,-0.0146
-0.2184,0.0103,-0.4740,-0.3183
0.0879,0.3348,0.6238,-0.3640
-0.1241,-0.5070,0.4102,0.0949
-0.2913,-0.2482,0.0510,0.3750
-0.3116,-0.5967,0.4258,0.1695
0.1196,0.1877,-0.3004,-0.0387
-0.1188,-0.2006,2.5666,-0.0243
-0.4735,-0.4935,-0.3379,-0.0051
-0.0639,0.0099,-0.4148,-0.0458
-0.0287,-0.0706,-0.0944,0.1660
-0.1581,0.0047,-0.2399,-0.0945
-0.0194,-0.8604,1.6322,0.2757
-0.3399,-0.0768,-0.3571,0.1182
0.2357,0.3868,0.2976,0.0397
0.6703,0.4039,-0.3463,-0.0031
0.1794,0.7442,-0.1604,0.1359
-0.0481,-0.2998,-0.6256,0.1396
0.0834,-0.2059,-0.0070,0.2434
-0.0212,0.0920,-0.2484,0.1615
0.5829,-0.2784,-0.1413,0.4570
0.3429,-0.3115,-0.1811,-0.0394
-0.1387,-0.2329,-0.5095,-0.1939
-0.0267,-0.0655,-0.1346,-0.3418
0.3893,0.3507,0.4843,-0.0671
0.5447,0.6992,-0.8166,-0.2278
-0.0302,-0.1773,0.4013,-0.2091
-0.0411,0.5481,-0.0659,-0.1423
-0.0807,0.6150,-0.4187,-0.1438
0.1434,0.1927,-0.1388,0.0216
-0.2782,0.4395,-0.0057,0.0036
-0.3140,-0.1032,-0.1700,0.3396
0.0739,-0.3707,-0.2844,0.4511
-0.7273,-0.5187,-0.1812,0.2825
0.1570,0.6208,-0.0883,-0.0738
-0.2574,-0.5085,0.1165,0.1529
0.1912,-0.5766,-0.1340,0.3177
0.0780,-0.1664,0.4657,0.1007
0.3022,0.2270,-0.4137,0.1341
-0.1096,0.3674,-0.8710,0.3327
0.3757,0.5147,0.0443,-0.5054
-0.2300,0.3005,0.1540,-0.0740
0.0973,-0.1609,-0.8437,0.0303
-0.3271,-0.1450,0.0881,-0.2136
0.2980,0.3412,0.5944,-0.1395
-0.2462,-0.2416,0.7100,0.1484
-0.1303,0.2434,-0.4545,-0.1098
-0.3622,0.2364,-0.0574,-0.0374
0.2396,0.8589,-0.4486,-0.0183
-0.2559,-0.8054,0.5410,-0.1225
-0.5541,-0.4148,0.5009,-0.4533
-0.5075,-0.2033,0.0594,-0.1290
-0.4812,-0.3032,-0.4929,-0.0866
0.3889,0.6173,-0.7979,-0.2676
-0.3381,-0.0024,-0.1453,-0.1020
0.1919,-0.4033,-0.4493,0.1055
0.4751,0.3418,-0.0094,0.0432
0.4184,-0.0275,-0.2719,-0.2843
0.0058,-0.2066,0.5299,-0.0847
-0.3724,-0.3697,-0.3494,-0.0236
0.3401,-0.3002,-0.3563,-0.2103
-0.2750,-0.7872,0.2722,0.1676
0.0861,0.8387,-0.4056,-0.1589
0.1595,-0.0013,-0.7847,-0.2854
0.4158,-0.4873,-0.6863,-0.1547
-0.0172,0.5335,-0.4487,-0.1681
-0.0783,0.3771,-0.7034,-0.1919
-0.2300,-0.7516,-0.3708,0.3817
-0.0953,-0.6174,0.3529,0.0696
-0.1971,-0.2929,-0.7428,-0.0419
-0.3131,0.0686,-0.3891,0.1184
-0.1451,-0.0720,-0.4703,0.0546
-0.0692,0.0054,-0.0269,-0.0271
-0.2911,0.1589,0.1968,-0.0026
-0.6096,-0.5679,2.0621,0.2319
-0.2371,-0.1118,-0.2987,-0.0924
-0.0658,-0.1456,0.0750,0.0542
0.4141,0.0644,-0.1037,-0.1766
0.3582,0.0048,-0.6942,-0.1002
-0.0969,0.1758,-0.3880,-0.0281
0.3353,-0.6637,-0.5118,0.1685
-0.2241,-0.0480,0.0369,-0.0355
-0.1835,0.3573,0.1040,0.1635
-0.1532,-0.5439,-0.1914,0.3177
0.7127,0.5325,-0.2772,-0.0822
0.2533,0.3343,-0.0325,-0.0274
0.5570,0.6088,-0.4303,0.0297
0.2877,0.1577,0.0132,-0.0393
0.0992,0.3754,-0.3901,0.0807
0.1408,0.5854,-0.4444,-0.3278
-0.1088,0.1996,-0.2604,-0.0483
0.4531,-0.1515,-0.6186,0.0831
0.1657,0.2525,-0.4906,0.0235
0.3177,0.3439,-0.2865,-0.0428
-0.3060,-0.1349,0.1795,0.2947
-0.3267,0.3983,0.4187,-0.1090
0.1283,0.5880,-0.6750,-0.1934
0.2769,0.3699,-0.2529,-0.2289
0.2767,0.6526,-0.7605,-0.3176
-0.0039,0.3269,-0.6363,-0.1980
-0.0265,0.0373,-0.3718,-0.0048
-0.5779,0.2729,-0.0225,-0.1958
-0.5099,0.0814,0.1386,0.2099
0.2430,0.2082,-0.6437,-0.2310
0.1668,0.0760,-0.4085,0.1781
-0.2787,0.0515,-0.3192,-0.1631
0.2759,0.3514,-0.5599,0.0577
0.1896,0.4451,0.6560,-0.0550
-0.3614,-0.7393,0.7212,0.1996
-0.1513,-0.1770,-0.1371,-0.0366
-0.0011,-0.3894,1.2423,0.2356
-0.3750,-0.4878,-0.0337,0.1052
0.3711,0.0430,0.3295,0.0466
0.2316,0.3405,1.1283,0.0091
-0.3432,0.2485,-0.3848,-0.0497
0.7967,0.4537,0.3509,0.0940
-0.2415,0.0404,1.2768,0.0149
0.0307,0.5408,-0.6285,-0.1973
0.6023,-0.3238,0.3677,-0.1546
0.0100,-0.2132,-0.0223,-0.0591
0.2332,0.9925,-0.4662,-0.2849
0.3869,0.5604,-0.3263,-0.1018
-0.1881,-0.2305,-0.3613,0.1126
0.2982,0.0422,-0.0236,-0.0435
0.1989,0.6722,-0.2078,-0.2411
0.7633,-0.0230,0.1974,-0.0634
0.0453,0.0130,-0.3627,-0.2569
-0.2130,0.5690,0.1362,-0.0964
0.1323,-0.9488,-0.4222,-0.1384
0.5599,0.4829,0.7397,-0.1747
0.2076,0.3582,-0.2883,0.0031
0.5225,0.0960,0.4378,-0.2240
0.0057,0.7530,-0.5257,-0.3957
0.3383,0.9485,-0.5103,-0.2324
0.4262,0.2310,1.0151,-0.2973
0.2623,-0.2752,0.6979,-0.1514
0.7735,0.4496,-0.2699,-0.4548
0.8187,0.7250,-0.2295,-0.0874
0.1835,-0.2190,0.8167,0.0976
0.4825,0.3162,-0.2549,-0.0209
0.0403,0.4830,-0.0068,-0.2989
-0.4085,-0.5965,0.5044,0.2198
0.0591,0.2508,-0.3624,0.0894
0.2464,0.7787,0.8939,0.0537
-0.2083,-0.2327,-0.0947,0.2311
-0.0069,-0.2659,-0.2298,0.0448
-0.0661,0.1569,1.1902,0.0718
0.5969,0.2943,1.8125,0.3365
-0.1878,-0.2815,0.1242,0.1716
0.3994,0.2242,0.1973,0.1266
0.4726,-0.3215,0.8244,0.0983
-0.2745,-0.3121,0.1147,0.3103
-0.0373,0.0365,0.8741,0.2089
0.3158,-0.3094,1.5023,0.1660
-0.0524,-0.4954,0.6946,0.1874
-0.3200,-0.3942,0.1249,0.2603
0.3183,0.2152,-0.2851,0.0930
-0.4539,-0.0936,0.5442,0.2913
-0.4933,-0.7121,-0.1313,0.4260
-0.2087,-0.3552,0.4849,-0.0808
-0.0964,0.0213,0.1903,0.1946
0.7955,0.9299,0.6582,-0.2006
0.1181,-0.4646,-0.2897,0.4023
0.2952,0.0796,-0.7133,0.0011
-0.6245,0.5356,-0.0302,-0.2516
0.0291,-0.1490,-0.0628,-0.0760
-0.1163,0.3388,0.0526,0.2567
0.1682,-0.0156,-0.2308,-0.2014
0.1442,0.7514,-0.0569,0.0648
-0.1765,0.2375,-0.3782,0.0690
-0.0701,-0.0397,0.0844,-0.1475
-0.2397,-0.0613,0.0230,-0.1350
-0.3805,-0.2386,-0.2970,0.2680
0.2962,0.5992,2.1997,0.0810
-0.4095,-0.1811,-0.0139,0.0722
-0.3307,0.0216,0.2979,-0.0006
0.1703,-0.4101,-0.2980,-0.1481
-0.4109,-0.2667,-0.5474,-0.1988
-0.0209,0.2726,0.1934,-0.1180
-0.1535,-0.2358,0.1178,-0.2837
0.1092,0.3038,1.8664,0.0424
0.8950,0.2962,-0.5109,-0.2548
-0.3083,-0.4978,0.0159,-0.2039
-0.2993,-0.1073,-0.0339,0.0992
-0.0515,0.8552,0.0108,0.2676
-0.2489,-0.6471,-0.3088,-0.2370
0.0286,-0.4358,-0.1382,0.0725
-0.4896,-0.6381,-0.6499,0.0745
0.0342,-0.4107,0.1636,-0.3583
-0.1113,-0.3058,0.2563,0.0847
0.3491,0.2411,-0.0891,-0.4065
0.1701,-0.2982,-0.3966,-0.1246
-0.0587,0.1343,-0.3796,-0.1028
0.2533,-0.2162,-0.0218,0.2482
0.0563,0.1530,-0.3168,-0.1683
-0.3224,0.1292,-0.6647,-0.0643
0.3046,-0.1359,-0.1480,0.2284
0.5852,0.3510,1.0334,-0.0366
-0.1656,0.2381,-0.2670,0.1290
-0.2407,-0.5847,0.5206,0.1296
-0.0384,0.2763,-0.2984,-0.0970
-0.0412,0.4968,0.0489,0.3036
0.3707,0.0064,0.0728,0.0024
0.3871,0.2166,1.4868,-0.1310
-0.0010,-0.0025,-0.5437,-0.2230
-0.4313,-0.0042,-0.3662,0.1484
0.7149,0.6191,-0.7292,-0.3019
0.3954,0.7157,-0.4740,-0.3825
0.0478,0.1649,-0.4610,-0.1970
-0.0755,0.0882,-0.4900,-0.1219
0.5297,-0.2836,-0.4892,0.0947
-0.0817,-0.0510,-0.0999,0.0199
-0.2658,-0.0111,-0.1260,0.1616
-0.1193,0.3583,0.1910,0.1301
0.0741,-0.0589,-0.2282,0.0438
-0.1780,-0.4426,2.1034,0.0441
0.0449,-0.1288,0.7166,0.0613
-0.2472,0.0357,-0.1069,-0.0482
0.0863,0.0718,-0.2155,-0.0866
-0.2441,0.2262,-0.0494,0.0531
-0.0095,0.0679,-0.3065,0.0523
0.2612,0.6978,-0.6912,-0.3260
1.1491,0.2526,0.3707,-0.1112
0.2297,0.0602,-0.0652,-0.1738
0.2181,0.2693,0.4762,-0.3500
0.1512,-0.0793,-0.2810,0.2790
-0.5403,0.0053,-0.3869,-0.0620
-0.1123,0.5536,0.3613,-0.2649
-0.0202,0.2112,-0.2228,-0.2078
-0.2586,-0.6547,0.1196,0.2034
-0.0131,0.2428,-0.0528,-0.0918
-0.1193,0.1224,-0.5899,-0.1299
-0.5225,-0.9639,0.1557,0.5100
0.6653,0.1757,0.4422,-0.2716
0.6465,-0.1473,-0.0874,0.1188
0.2772,0.4743,-0.0579,0.0475
-0.3627,-0.3378,-0.0488,0.3594
-0.2752,-0.4432,1.0147,0.3155
-0.2526,-0.1197,-0.3540,0.3768
-0.2588,-0.2956,-0.3304,0.1257
-0.1576,0.0248,-0.1408,0.1459
-0.3702,-0.0904,-0.3775,0.0671
0.2661,0.3820,-0.7314,-0.1880
0.0917,0.5785,-0.6700,0.0079
-0.3061,-0.1444,-0.3518,-0.0721
1.3919,0.3927,1.4784,-0.0764
0.3374,1.1981,0.0933,-0.2896
-0.3537,-0.1759,-0.5700,0.0907
0.6110,0.0846,2.8114,-0.0665
-0.5074,-0.4073,0.1942,0.3599
-0.3029,-0.3816,0.2331,0.1435
-0.3197,0.3810,-0.0912,0.0406
-0.1681,-0.3616,-0.1474,-0.1894
-0.2506,-0.5694,-0.4479,-0.0213
0.0797,-0.4864,0.4990,-0.2115
0.8411,0.6057,1.3728,0.0967
-0.2385,-0.1971,0.3892,0.3233
-0.1547,0.5056,-0.0937,0.4366
0.0756,0.8611,0.1928,-0.1079
-0.1646,-0.7821,-0.0272,0.1646
0.1035,1.5740,-0.3798,0.0068
0.2209,0.0884,-0.5318,-0.1409
-0.1328,0.0711,0.1549,-0.2207
0.7265,0.8327,0.9323,-0.2667
0.7750,0.4446,0.3555,-0.1517
-0.3802,0.2819,-0.2486,-0.0746
0.6268,0.7189,0.7384,-0.2651
-0.1761,-0.3514,0.1486,0.0622
-0.1571,-0.0692,-0.2907,0.0273
0.1207,-0.1044,0.8037,0.2397
0.5819,-0.0555,-0.4008,0.0582
0.3620,-0.0960,0.2590,-0.2763
-0.2486,-0.2759,0.3778,-0.0356
-0.2653,-0.1744,0.7363,-0.0600
0.2597,0.3840,0.2460,-0.2648
0.4893,0.5067,1.7653,0.0092
0.4436,-0.1779,-0.5731,-0.1219
0.3207,0.0240,-0.2136,-0.1731
0.3813,0.3677,-0.4074,-0.1634
0.2314,0.0984,-0.4371,-0.2632
-0.1387,-0.4275,-0.3764,-0.0682
-0.2478,0.2026,-0.1341,0.0410
0.0131,0.2632,0.6845,-0.0155
0.2613,0.7227,0.0419,-0.2850
0.0250,0.2593,0.4342,-0.0158
-0.1829,-0.0967,1.3575,0.0419
0.0839,0.3712,-0.8828,-0.1310
-0.3994,-0.2080,-0.0758,0.0318
-0.1709,-0.5986,0.1137,0.3787
0.1279,0.3268,0.3616,0.1451
0.0920,0.2363,-0.6658,-0.0571
0.0991,-0.0468,-0.5027,0.0991
-0.0793,-0.5343,1.4984,0.2520
0.5857,0.6746,0.6182,-0.2645
-0.0258,0.4217,-0.4327,-0.0919
0.1373,0.8400,1.2977,0.0307
0.1162,0.1199,0.1066,-0.1177
0.1473,0.6423,-0.1472,0.0606
0.0067,-0.2277,-0.6026,-0.1042
-0.0447,0.5550,-0.4598,-0.1022
-0.2445,0.3016,1.2731,-0.0555
0.0722,0.5846,0.0491,-0.1769
0.3221,0.3609,-0.2972,0.2547
0.3584,0.6245,0.5945,-0.0465
0.1185,-0.1122,0.1825,0.2306
-0.2861,-0.5360,0.2249,0.0685
-0.2139,0.5488,-0.5038,-0.1177
-0.0348,0.1104,-0.0439,-0.0027
-0.0283,0.0086,-0.0161,0.0120
0.0389,0.3118,0.7441,0.0198
-0.0356,-0.0205,-0.1149,0.1181
-0.1359,0.2195,-0.1905,-0.0009
0.2027,0.2932,1.4481,0.0181
-0.1647,-0.0924,-0.2575,-0.0088
-0.0882,-0.3122,0.2371,0.2788
-0.0110,0.4782,-0.3060,-0.0504
0.2490,0.6970,-0.7359,-0.0490
-0.4444,0.1940,-0.3601,0.0598
-0.4118,-0.0303,-0.1776,0.2157
-0.4812,0.0824,-0.6849,0.4306
-0.1235,-0.1590,0.1721,0.1478
-0.5683,-0.9276,-0.1054,0.2546
0.6432,-0.6110,0.1543,-0.0771
-0.2348,-0.0992,0.5944,0.1297
0.0566,0.3284,-0.0744,-0.0502
0.0689,0.9629,1.9207,-0.1855
0.3603,0.9288,-0.6357,0.2469
-0.0263,-0.1463,0.2612,-0.2253
0.1961,0.2407,-0.2890,-0.0612
0.3035,0.7196,0.1020,-0.0594
-0.1111,0.5309,-0.3919,0.0450
-0.4755,-0.4210,0.0305,0.1082
-0.1628,-0.0637,1.1015,-0.0038
-0.1058,0.2835,-0.1999,-0.0558
0.2676,0.2787,0.8073,-0.0920
-0.0517,-0.0628,-0.2017,-0.2884
-0.2738,-0.6113,0.0577,-0.0282
-0.0290,0.3247,-0.5376,0.0022
-0.2207,-0.1869,0.4863,0.0722
0.5122,0.3757,0.6224,-0.1951
-0.3006,-0.3615,-0.0641,0.1372
0.2835,0.4329,-0.1092,0.0432
0.2431,-0.0468,-0.2582,0.1420
0.5590,0.3628,0.3894,-0.1334
-0.0701,0.6703,-0.3939,0.0733
0.2651,0.3730,-0.1941,0.1058
-0.5793,-0.3873,0.9226,0.5076
0.3270,-0.1570,-0.6161,0.1867
0.3955,0.9337,1.5319,-0.2446
-0.3076,0.4007,0.3428,-0.0344
0.2594,0.5190,-0.4684,-0.1202
0.7559,0.8183,0.4581,-0.0516
0.1646,-0.0034,-0.1771,0.0972
0.1683,0.8654,-0.6004,-0.6517
-0.0370,0.3635,-0.2350,0.0785
0.7636,0.8554,0.8426,-0.0484
0.6630,0.3587,-0.3134,0.0193
0.3447,0.5730,-0.5072,-0.1262
-0.1685,-0.3099,0.3938,0.0847
0.6405,0.3226,1.3647,-0.1881
-0.0136,0.4398,0.0457,0.0697
0.2680,0.2838,1.0573,-0.0444
0.2282,0.5906,1.9245,-0.0196
-0.9539,-0.2542,-0.1707,0.2204
-0.4140,-0.4255,-0.0145,0.2015
-0.2823,-0.0074,-0.4413,0.2472
-0.2751,-0.2169,0.7897,0.3103
0.4374,-0.0470,-0.3255,0.1352
0.4481,1.0727,-0.1165,-0.4352
0.5376,0.5115,0.3293,-0.2180
-0.1142,-0.5693,-0.0438,0.3439
-0.0885,-0.6044,1.0952,0.1878
-0.2865,-0.4714,-0.5187,0.4436
0.0375,-0.5955,-0.0325,0.3455
-0.1628,-0.2340,0.7079,0.2645
-0.1669,-0.5467,-0.3872,0.2936
-0.1742,-0.8809,1.5266,0.3406
-0.0720,-0.9208,-0.5678,0.3221
-0.4210,-0.5077,0.4168,0.2722
-0.0196,-0.0753,0.8499,0.4414
-0.5655,-0.8084,0.4288,0.4038
0.1627,0.6096,0.1831,0.0688
0.1059,0.1950,-0.4398,-0.1885
0.2628,-0.2018,0.2432,-0.1327
-0.3779,-0.7918,0.3385,0.3645
-0.7440,-0.1222,-0.0293,-0.2323
-0.4960,-1.1541,0.0213,0.0769
-0.6858,-0.4962,-0.1779,-0.1324
0.4099,0.4222,1.2226,0.1002
0.2578,0.4808,-0.3008,-0.3083
-0.2528,-0.1321,-0.1865,-0.0374
-0.3650,-0.3880,0.1801,0.0072
-0.0075,0.1209,-0.1267,-0.2508
0.7535,0.4927,-0.4220,-0.3824
0.5996,0.0105,-0.6831,-0.1226
0.1006,-0.0900,-0.0673,0.0274
0.0339,0.1425,0.0482,-0.3671
0.3463,0.2138,-0.4018,0.0314
0.7683,0.1829,-0.8194,-0.1770
-0.0762,-0.1130,-0.1422,0.1193
-0.0089,-0.2376,-0.0721,0.1210
-0.3458,-0.1665,0.0018,0.2326
-0.4896,-0.7756,0.6860,0.0974
-0.6189,-0.2336,0.0075,0.3254
0.0260,0.1814,-0.0803,0.0413
-0.5525,0.0954,0.3700,0.3383
-0.3737,0.1289,-0.3239,-0.3372
-0.1138,-0.2353,-0.5142,0.1611
-0.2327,0.2198,0.0663,-0.2365
0.0227,-0.0722,-0.4865,-0.0256
0.1238,-0.0700,0.9484,0.1150
0.2780,-0.9564,-0.3206,0.2539
0.7353,1.0387,-0.8591,0.1350
-0.0320,0.1856,0.9617,-0.2653
0.2489,-0.3583,-0.1926,0.2955
0.0010,-0.3136,1.3555,0.1719
-0.0744,0.4137,-0.2613,-0.1885
-0.1054,0.9011,1.2984,0.1497
0.0993,0.5421,0.0057,0.0752
0.4653,0.7784,-0.8387,0.0474
0.3663,0.2969,0.4793,0.0011
0.3111,0.3783,-0.5482,-0.0147
0.0788,-0.0101,-0.6466,-0.1350
0.2804,0.2973,1.1585,0.2693
0.2699,-0.2071,-0.4878,0.2176
0.0304,0.2746,-0.1388,0.0008
-0.2585,0.2524,0.4968,0.0858
0.3998,-0.0994,0.8153,-0.1515
-0.1694,-0.1136,0.5097,0.0350
0.5354,0.1338,-0.5062,0.1979
-0.1210,0.0766,0.5775,-0.2238
-0.2159,0.1750,-0.3143,-0.1503
0.4162,-0.2410,0.0403,0.1108
-0.0851,-0.0037,-0.2259,0.1033
1.0780,0.5795,-0.0407,0.0665
0.0903,0.0094,0.2076,-0.0451
-0.1959,-0.1856,1.2773,-0.0374
0.0824,0.4676,1.0577,0.1708
0.5398,-0.0340,-0.5101,-0.1204
0.2982,0.3505,-0.5072,-0.1006
0.1895,0.1980,-0.3268,-0.1123
0.0039,1.0571,0.1561,0.1770
0.2948,-0.5453,-0.4280,-0.0588
0.0533,0.0159,-0.1088,-0.0972
0.9047,0.3838,-0.4834,-0.3907
-0.2656,0.2767,0.2646,0.0051
0.4202,0.2999,1.5772,-0.0807
-0.5167,-0.1545,-0.5919,0.0007
0.1363,0.2740,1.1351,-0.1654
-0.1389,0.8503,-0.6088,0.1787
-0.2551,-0.1948,-0.2541,0.0822
0.2440,0.2782,0.1584,-0.0626
0.0126,0.4389,-0.4632,-0.3977
-0.2007,-0.6248,0.1377,0.3258
-0.3477,0.4154,-0.0733,0.2048
0.2845,0.2051,-0.4531,0.1379
-0.0590,-0.3918,-0.5446,0.0915
-0.3731,0.4812,1.8103,-0.0808
-0.0423,0.2674,-0.7056,-0.3850
0.3868,0.3176,-0.5747,-0.2069
-0.1903,0.4009,0.1101,-0.0330
-0.4780,-0.3140,-0.4292,0.0162
-0.1647,-0.0821,-0.1413,0.0907
-0.1913,-0.2237,-0.5119,-0.0052
0.8113,0.3856,0.2374,0.1211
-0.0902,0.5153,0.1713,-0.1919
-0.1115,0.5533,-0.3885,-0.1429
0.0765,0.3600,0.0017,-0.0328
-0.3932,-0.0235,-0.3315,-0.3045
-0.1862,-0.0055,-0.4899,-0.1533
-0.0368,0.1079,-0.2785,0.1155
-0.3653,0.1585,0.2095,-0.0516
-0.2040,-0.4097,-0.0929,-0.0932
-0.7425,-1.0358,-0.3999,0.2668
-0.2964,0.1749,-0.0235,0.1372
-0.5366,0.0156,-0.1087,0.3656
0.0305,0.5734,0.0294,0.3050
0.0917,0.5769,-0.4259,0.2013
-0.3990,0.1600,-0.0969,0.1282
-0.0216,-0.3832,-0.2055,0.0162
-0.4400,0.2132,-0.1405,0.2908
0.2178,-0.1974,-0.1065,-0.0359
-0.4500,-0.4366,0.2108,0.2620
-0.2620,-0.0056,-0.0955,0.0707
-0.3085,-0.3906,-0.2350,0.4537
-0.2720,0.3661,0.5447,-0.0124
-0.0883,0.2804,-0.1182,-0.1697
0.4772,-0.3201,-0.2296,-0.1246
-0.5141,-0.7231,0.0586,-0.0733
-0.0399,0.2575,-0.5745,0.0243
0.5396,0.3227,-0.4835,-0.3093
0.5551,0.4602,0.9171,-0.1365
0.2026,0.1865,-0.0811,-0.3340
-0.1742,-1.3906,-0.5484,0.0717
0.4338,0.2595,-0.4424,0.1983
0.3353,1.1518,1.8129,0.3130
-0.3759,-0.6564,0.5884,-0.0985
0.1410,-0.2497,-0.6238,-0.4862
0.0639,-0.1272,-0.0272,0.2389
0.2965,0.0962,-0.4862,-0.1891
0.6687,-0.3966,0.8343,-0.0103
-0.1163,0.2509,0.0417,-0.0657
-0.0101,-0.1630,-0.3541,-0.0492
0.4688,0.5957,-0.8782,-0.2989
0.1635,0.0116,-0.0573,0.2796
0.0381,-0.1212,0.6130,-0.4186
-0.0633,-0.3847,0.3515,0.0323
-0.2167,0.7280,2.1476,0.0893
0.0652,-0.6429,0.1668,0.3794
-0.0565,-0.3886,0.3108,-0.1544
-0.2038,-0.4236,-0.0594,-0.0651
-0.1949,-0.1427,0.0948,-0.1387
-0.2193,-0.0196,0.9181,0.0953
-0.1344,0.2993,0.0571,-0.3884
0.5258,-0.2598,2.4138,0.0367
-0.1312,0.1310,0.0545,-0.0265
0.0379,-0.1633,1.5730,-0.2157
-0.1184,-0.4116,-0.1191,-0.0202
-0.0582,-0.0813,-0.4880,-0.1177
0.0765,-0.4432,-0.5708,-0.0069
0.0259,0.4474,-0.6298,-0.2768
-0.0958,-0.3500,-0.2008,0.0771
-0.5251,-0.2727,0.3818,-0.0376
0.8898,0.2354,-0.3752,0.1562
0.2340,0.2551,0.5493,-0.3272
0.5060,-0.4426,-0.0913,0.0300
0.1637,0.9220,1.2227,-0.0614
0.0603,0.4214,-0.5664,-0.2315
-0.5131,-0.5724,0.1520,-0.1996
-0.3496,-0.0299,-0.0132,-0.0247
0.1706,0.2554,-0.6162,0.1395
-0.0378,-0.4177,-0.3355,-0.0178
-0.1394,-0.2552,0.0694,-0.2041
-0.0294,-0.1748,-0.1410,0.1229
1.3513,-0.0013,-0.0992,0.0628
0.1632,0.2138,-0.8575,-0.1020
0.1661,-0.2255,0.2042,-0.1706
0.1864,0.2557,-0.0823,-0.2644
0.6185,-0.0673,-0.2144,0.1464
-0.3418,-0.1427,0.1743,-0.0266
0.2933,-0.0269,-0.1810,-0.1827
-0.3233,-0.7643,0.0765,0.1014
0.2733,-0.2566,-0.5855,-0.4686
-0.2599,-0.3174,-0.1994,-0.0832
0.3063,0.5163,-0.4638,-0.3572
-0.5387,-0.2934,-0.3096,0.1296
1.1778,0.5666,-0.1461,-0.2728
0.2661,0.2842,0.5678,-0.0064
-0.3551,-0.1651,-0.2818,0.2078
0.3143,0.6334,-0.2733,-0.0616
0.0765,0.2999,0.1231,0.3399
-0.5911,-1.3137,-0.0097,0.3438
-0.1268,0.2775,-0.0872,0.0943
-0.1583,-0.3883,-0.4510,-0.1432
-0.1331,-1.1367,0.0745,0.2618
-0.4283,-0.5015,0.4906,-0.1490
-0.3173,-0.1769,0.3184,-0.0320
-0.4618,-0.2734,0.2320,0.0730
-0.2673,0.6894,-0.4470,0.0659
-0.4389,0.3192,0.9441,0.2180
-0.5892,-0.2111,-0.5310,0.2570
-0.3295,-0.7914,-0.0042,0.0668
-0.0514,-0.1988,1.4696,-0.0426
-0.3933,-0.3220,-0.0406,0.0149
0.0804,0.4168,-0.1459,0.3176
0.3838,-1.1321,-0.5198,0.2241
-0.2671,-0.0179,0.1887,-0.0733
-0.0284,0.6279,-0.1798,0.0846
-0.1176,0.2368,-0.4333,-0.2393
0.0578,0.1024,-0.5245,-0.2498
-0.2852,0.2396,-0.1248,-0.1255
0.0457,0.3343,0.6142,-0.0342
0.0081,-0.0792,-0.5988,0.1168
-0.1127,-0.5199,-0.3725,0.0315
-0.1727,-0.6115,-0.2077,0.1003
0.0660,0.5679,-0.1151,-0.4513
0.2212,0.5372,0.8173,-0.0586
-0.0706,-0.0196,-0.1352,0.3111
-0.3733,-0.3752,0.5408,-0.1913
-0.4349,0.0893,-0.5104,0.1200
-0.1180,-0.0063,-0.3050,0.2581
0.0171,-0.4091,-0.4455,0.0274
0.2922,0.0036,-0.4827,0.3445
-0.3937,-0.2289,-0.3542,0.4594
-0.2229,-0.2141,0.0993,-0.0689
-0.3210,-0.4803,-0.3131,0.0793
-0.4508,-0.0026,-0.2051,-0.3332
-0.0846,0.5376,-0.1757,-0.0302
-0.0902,-0.4888,-0.3130,-0.0264
0.4598,0.2029,1.0146,0.1017
0.2821,0.5546,-0.1179,0.0762
-0.1188,-0.1178,-0.4385,-0.1805
0.2098,-0.2335,-0.1024,0.3252
0.0885,0.1264,0.6508,-0.0697
