100
0.341243 0.986078
-3.342561 2.329444
6.502951 -3.152152
-4.201451 3.322482
1.631916 -0.220042
6.804944 -3.219533
-4.161786 2.817775
0.776006 -5.041509
-3.886968 4.217401
5.459858 -4.001966
0.650199 -5.052869
2.235257 -3.797264
3.424157 -2.193527
-4.977698 4.207623
4.382681 -4.488529
-4.474658 4.859076
3.560929 -5.796095
-5.462047 6.222407
-1.177172 -0.158570
-2.788136 4.056407
6.817419 -4.366422
6.233155 -4.134953
1.364225 -2.816371
4.503757 -5.382977
-5.901866 2.781956
0.373742 1.375077
-4.132051 5.991235
5.366280 -2.142541
-4.211195 5.932671
5.828161 -4.650938
7.045083 -4.004927
-4.340671 5.401390
-5.892016 6.094175
-2.321693 1.350956
3.281858 -5.373361
5.537178 -4.766678
-5.247798 2.980474
-5.408912 2.149227
-4.148635 3.586023
-4.870679 3.312587
0.739949 -5.089854
-5.348381 2.307302
-0.179723 0.221282
3.649545 -3.686000
-0.506568 2.911279
0.668655 -1.408583
-0.803931 3.303036
-1.952826 3.761961
-0.763538 3.287641
-1.222598 -0.171674
-3.484725 0.422271
1.859345 -3.170042
-2.083523 3.467700
4.574500 -4.054094
4.474199 -3.278507
-0.823758 -0.457890
-4.654824 6.325950
2.872137 -2.150664
0.290547 -1.149081
-2.467606 4.082083
5.863519 -2.274106
6.358373 -4.806554
-5.068720 5.735904
-5.926930 5.877773
0.840878 -3.511989
3.289131 -4.417092
-3.172171 2.767114
3.919911 -5.938093
-0.796973 1.060120
-2.752365 0.531156
0.635530 0.364375
2.921368 -2.434764
2.684904 -4.837295
-0.488731 1.069736
-5.481057 6.367038
2.222634 -2.382824
-2.220840 2.259565
6.534518 -3.791076
-3.677843 1.478006
1.779096 -0.665389
-4.914464 5.729110
-0.328868 1.469771
-2.923708 4.777243
3.249038 -5.409523
3.323804 -3.367640
-1.805758 1.782780
-5.746234 4.731867
-4.606152 1.330233
5.727965 -3.231092
-5.745172 5.263163
-2.105372 1.944369
-5.194047 5.265432
4.045483 -1.800479
4.407493 -4.529511
6.582597 -4.414882
-0.597231 -0.698407
6.233382 -5.227135
-4.567330 3.207794
0.455484 -3.275656
1.034969 -0.686404
