0.4823,0.1388
0.8943,0.4375
0.0190,-0.1793
-0.3766,-0.4389
-0.1501,-0.0066
0.4147,0.5509
-0.0672,0.0974
-0.1771,0.0474
0.1468,-0.6969
-0.5232,-0.2958
0.1073,0.1301
0.3113,0.0611
-0.0646,-0.4000
-0.3353,-0.2324
0.3766,-0.3028
-0.5892,-0.4031
-0.1714,-0.6479
-0.6724,-0.0903
-0.6357,-1.0150
0.5457,0.5352
0.2965,0.9742
-0.7293,-0.9156
-0.6942,-0.4936
-0.6870,-0.2255
-0.5843,-0.3028
-0.1952,-0.5899
-0.5473,-0.7230
-0.2707,-0.8200
-0.3284,-0.6507
-0.2500,-0.0449
-0.1408,0.2304
-0.3500,-0.4660
-0.1331,0.4678
0.7337,0.4155
0.0860,-0.2422
-0.1320,0.1744
0.3598,-0.2049
-0.3714,-0.1802
0.9241,0.4600
0.0555,0.3053
0.3568,-0.4223
0.1404,-0.2760
-0.4515,-0.2977
0.2940,-0.0799
0.6432,-0.0137
0.3375,0.1861
-0.0383,-0.1488
0.5430,0.3729
-0.5025,-0.3137
0.0667,0.4470
0.1235,0.2138
-0.2576,-0.0089
0.1264,0.2124
-0.4770,-0.0355
-0.3036,0.2694
0.2223,-0.1173
0.2354,-0.0689
0.4058,-0.0768
-0.3714,0.0785
-0.2703,-0.1081
0.1310,0.2027
0.4863,-0.0732
-0.3755,-0.3331
0.3203,0.1022
0.3373,0.0788
-0.1034,-0.2774
-0.1622,0.1025
-0.0374,-0.0769
-0.1391,-0.1967
-0.1406,-0.0850
0.1686,1.0720
0.8290,0.1733
-0.0935,0.2110
-0.0715,0.3543
0.6054,0.2700
0.0996,-0.1648
-0.2122,0.0495
-0.6630,-0.3577
0.3280,0.1925
0.1260,0.6354
-0.3533,0.2570
0.5200,0.2863
0.3958,-0.3372
-0.6487,-0.6465
-0.3772,-0.7095
-0.5049,-0.6100
-0.4183,-0.1264
-0.4068,-0.1781
-0.3906,0.1192
-0.4456,-0.0495
-0.0632,-0.0843
0.6847,-0.0613
-0.5617,-0.0882
-0.2605,-0.0798
0.8103,0.4048
-0.3992,0.2276
0.0664,0.4988
0.6478,0.1591
0.0721,0.1656
0.1642,-0.1096
-0.0748,0.0735
0.4932,0.0929
-0.4108,-0.2229
-0.1062,0.2373
-0.0963,-0.1713
-0.3907,-0.1231
-0.4713,-0.1246
-0.3628,-0.0728
-0.2145,0.0465
-0.2181,-0.2573
0.4156,0.3273
0.9669,0.6482
0.6648,0.4408
0.5161,0.6258
0.8054,0.7087
-0.3560,0.3460
0.6231,0.5785
0.4830,0.4005
0.4259,0.5074
0.7346,1.0442
-0.0923,0.2191
0.0476,0.8416
1.1353,0.0321
0.0946,0.7692
0.4613,0.4512
0.0894,0.0449
0.0845,0.0674
0.0168,-0.2461
-0.0902,0.1165
-0.1722,0.0099
-0.1241,-0.0547
-0.4276,-0.3423
-0.0604,-0.1172
0.0884,-0.2752
-0.4712,-0.6090
-0.0650,-0.0762
0.4215,0.0529
-0.1225,0.1581
0.6960,0.1450
-0.3677,-0.2254
-0.1320,-0.7003
-0.4215,-0.3922
-0.1801,-0.2833
0.1880,-0.2042
-0.3456,-0.0097
-0.0768,0.1037
-0.4015,-0.1880
-0.1212,0.3514
0.1377,0.3750
0.0307,0.4494
0.4938,-0.1259
-0.1431,-0.3563
-0.4562,-0.3784
-0.5020,0.1971
-0.0960,-1.0255
-0.0473,0.3230
-0.4121,0.1792
-0.4994,0.6561
-0.2335,-0.4095
-0.8412,-0.6288
-0.3940,-0.1272
-0.5663,-0.2770
0.8128,0.0921
0.4325,-0.3095
0.2111,-0.5553
-0.7473,-0.2713
0.7098,-0.1619
0.3038,0.3300
-0.3225,-0.0137
-0.4238,-0.1233
-0.0882,0.8038
-0.1852,1.0083
0.1997,0.0528
-0.1501,0.3118
-0.4646,-0.0393
0.5999,-0.1678
-0.4294,-0.1532
-0.5329,-0.6875
-0.7053,-0.3080
-0.3314,0.4768
-0.6093,0.3582
-0.2794,0.5774
0.2712,-0.0996
-0.4541,-0.6320
0.3253,0.2769
0.4104,0.2191
0.0337,0.4568
0.0179,-0.0701
0.2427,0.3303
0.1877,0.0791
0.0855,-0.0914
-0.1304,0.6418
-0.0173,-0.0748
0.2415,-0.0956
-0.1558,0.0245
-0.2746,0.4017
0.5723,-0.3073
-0.1577,-0.9152
-0.5370,-0.4380
-0.5741,-0.8624
-0.2421,-0.1217
0.0087,-0.7027
0.4232,-0.0209
-0.5775,-0.1830
0.8417,0.0758
0.8181,0.0436
-0.6623,-0.5253
1.1776,0.5401
-0.1685,0.6676
-0.5849,-0.5432
-0.3239,0.3189
-0.0884,0.0306
0.7149,-0.1649
0.0033,0.6161
-0.2555,-0.4982
0.0743,-0.0621
0.1264,1.0939
0.6558,-0.2334
0.1903,0.0069
-0.2757,0.1240
0.5008,0.0209
-0.3967,-0.1909
-0.4184,0.1269
0.5002,-0.0308
1.0744,-0.2923
0.0580,0.3138
0.5093,0.3591
-0.0099,0.2220
-0.0940,0.2747
-0.5085,-0.1776
-0.4430,-0.6292
-0.0537,-0.0727
-0.1297,-0.4318
-0.3243,0.0805
-0.0474,0.7709
0.9311,0.4190
0.1079,0.6361
-0.2017,-0.0065
-0.2952,-0.0224
0.3765,-0.0474
-0.3797,-0.4726
0.3162,0.0441
0.8559,0.0683
-0.0410,0.1645
-0.1864,0.4932
-0.5291,0.0957
-0.0786,0.5605
-0.0454,-0.2194
-0.2497,-0.0030
-0.1220,0.0086
-0.1054,0.4345
0.0257,0.5410
-0.1357,0.0182
-0.1638,0.1320
0.3628,0.1817
-0.6192,-0.1067
-0.3218,0.4921
0.0088,0.8482
0.1244,0.4601
-0.3153,-0.0328
0.1449,0.4991
0.1999,0.0145
-0.0975,0.3836
0.2452,0.1420
0.1050,0.1954
-0.3639,0.4726
-0.4738,-0.2764
-0.0693,0.1688
0.3532,0.0977
0.8544,0.4331
-0.4481,-0.1121
0.3766,0.0044
-0.0220,0.1729
-0.5036,-0.2560
-0.6109,-0.4575
-0.6306,-0.2739
-0.5841,-0.6252
0.5941,0.2780
-0.4824,-0.1689
0.2370,0.2127
-0.4609,-0.2807
0.4000,0.3192
0.3443,0.0937
1.0182,0.0646
0.2754,0.3348
0.8380,0.3702
0.3267,-0.1834
-0.2663,-0.0692
-0.0415,-0.2054
-0.7870,-0.7661
-0.3844,0.1202
0.5060,-0.4115
0.1155,-0.0289
0.0800,0.0616
0.5746,0.2632
0.2882,0.4842
0.6705,0.2832
0.2602,0.7796
-0.2821,0.0976
0.1374,0.4020
-0.4503,-0.0091
-0.1479,-0.0931
0.4765,-0.1897
-0.0641,-0.2526
0.2500,-0.3066
0.1959,-0.2176
0.1109,0.1054
0.6300,0.1407
-0.3161,-0.0502
-0.4466,-0.2480
-0.4231,-0.7548
0.0276,0.0964
0.2209,0.0450
0.2462,0.1735
-0.1810,0.1125
0.0867,0.4241
0.2171,0.4915
-0.1739,-0.4540
-0.2786,0.1702
-0.1027,0.5950
-0.3560,-0.1788
-0.5934,0.1271
0.2509,0.5013
-0.5630,0.0662
-0.3538,-0.2426
-0.0979,0.4392
-0.0245,0.0532
-0.0751,-0.0927
-0.3864,0.1947
-0.5667,-0.3635
-0.0602,-0.1792
0.0913,-0.2024
0.0656,0.1741
0.4565,0.6185
0.1443,0.2178
-0.0795,-0.3305
0.5495,-0.0623
-0.8130,-0.1840
1.4052,-0.0689
0.1578,-0.1969
0.1730,0.1039
0.1907,0.1877
0.6803,-0.0303
-0.4723,-0.2398
-0.0533,0.2576
0.1179,0.0431
0.0090,-0.2544
0.0704,0.1308
0.6188,-0.0848
-0.2468,-0.1450
0.0443,0.0872
-0.4105,-0.5428
-0.1144,-1.0040
-0.1831,-0.3843
-0.5699,-0.8002
-0.7223,-0.6107
-0.3281,0.0076
0.5531,0.2671
0.1748,-0.2310
-0.1456,-0.5947
0.0320,0.1478
0.4202,-0.2552
0.2426,0.0922
0.3751,0.5493
0.3365,0.0423
-0.1870,-0.0605
0.3024,-0.0444
0.2547,0.5529
0.2894,0.5668
0.0387,0.0711
0.1623,0.2023
-0.1845,-0.0203
-0.1186,0.1640
0.5151,0.0193
1.1798,-0.0276
0.4058,-0.2077
-0.6705,-0.1482
-0.4406,-0.3884
-0.4184,-0.5173
-0.1431,0.3364
1.2537,-0.0265
0.1888,0.0684
-0.0443,0.5682
0.6541,-0.7422
-0.5057,-0.2779
0.1622,-0.2509
-0.2106,-0.5440
-0.2435,0.3839
0.4411,0.1015
1.0332,-0.2656
0.2340,0.2415
-0.0305,-0.3358
0.5070,-0.1537
-0.6469,-0.0652
-0.6526,-0.3300
0.0351,-0.3280
0.0161,-0.1360
0.1338,0.1300
-0.1630,-0.1028
-0.8374,-0.5892
-0.1831,0.0504
-0.7615,-0.1805
-0.1338,-0.3948
0.0003,0.1613
0.0886,0.0091
-0.2889,-0.4170
0.5882,0.2316
0.8796,0.0618
-0.4535,-0.3588
-0.1009,-0.2617
0.5351,-0.1254
-0.1606,0.0931
-0.2280,-0.1250
0.0776,0.4288
-0.0669,0.3532
-0.1026,0.0275
-0.3302,-0.7074
-0.2179,-0.4460
-0.5491,-0.3659
0.1812,-0.1941
-0.2571,-0.3360
0.0108,0.6348
-0.1702,-0.3150
-0.0393,0.0382
-0.5991,-0.3011
-0.0321,-0.2887
0.0691,-0.0761
0.1386,0.5878
1.1645,0.6855
0.6234,0.2134
0.0387,0.4456
0.3197,0.1236
0.5755,0.2272
-0.4578,0.1604
0.2114,0.6289
-0.0895,-0.0939
-0.1880,-0.4174
-0.1697,0.1199
-0.3482,-0.3353
-0.2953,0.2387
0.1766,-0.2349
-0.2073,0.1460
0.4990,-0.3102
-0.2491,-0.6708
0.2798,0.0962
-0.2007,0.0083
1.1605,0.0759
0.1142,-0.0693
-0.1346,-0.1483
0.5641,0.2081
0.3683,-0.2604
-0.0255,-0.0556
0.2101,0.3719
0.0099,1.0110
-0.0448,-0.2661
-0.5694,-0.1879
0.0554,0.4393
0.4900,0.3544
-0.8128,-0.9469
0.2223,0.0098
0.4547,0.7032
-0.7522,-0.7918
0.7654,-0.0233
-0.1328,-0.1963
0.1836,-0.2658
-0.1892,-0.1215
0.0555,0.5690
0.4068,0.9434
0.6537,0.6786
0.0061,0.2698
-0.6017,-0.1194
-0.1632,-0.2706
-0.4709,0.0007
0.3520,-0.3652
0.2666,0.7286
-0.1067,0.0142
-0.4817,0.0514
-0.3952,-0.5860
-0.4521,-0.8152
-0.4903,-0.4869
-0.4286,-0.8504
0.4429,-0.2447
-0.3086,-0.1408
0.4225,0.2936
-0.2029,0.2458
-0.0302,-0.0058
-0.2106,-0.0200
-0.3925,-0.5041
-0.5783,-0.0530
-0.6609,-0.0400
0.2487,-0.0060
-0.1940,0.4233
-0.2137,-0.2317
-0.1919,0.3401
-0.2200,-0.3528
1.1102,0.0815
0.0731,-0.1011
0.1498,-0.0888
-0.3316,-0.0213
-0.5729,-0.5473
-0.0599,-0.3570
0.4336,0.0047
-0.5848,-0.3333
0.7544,0.5362
-0.4988,-0.0634
-0.2643,0.1324
-0.2029,-0.2240
-0.6204,-0.8169
-0.3351,-0.1667
0.1667,0.3618
-0.1160,-0.1448
-0.2066,-0.7583
0.1615,0.8001
-0.6562,0.0732
-0.4916,-0.6748
0.4453,-0.0286
0.2486,0.6238
0.1042,0.1999
-0.4267,-0.1458
-0.0481,0.2112
0.0707,0.0691
-0.0012,0.2784
0.5010,0.1227
-0.5165,-0.2092
-0.6161,-0.1400
0.4016,0.3041
0.2944,-0.1136
0.3490,0.1602
0.1092,0.5894
0.2995,0.2379
0.3430,0.4524
-0.1905,-0.4730
-0.0358,0.0816
0.1223,0.2089
0.5050,0.2937
0.3441,0.0276
-0.1815,0.4419
-0.1099,-0.0109
-0.1224,-0.5441
0.0672,-0.1817
-0.7367,-0.3264
0.6695,-0.0165
-0.4486,0.1868
-0.1719,0.1605
0.1933,0.5447
-0.4607,0.0355
0.0774,-0.1898
-0.1123,0.0795
-0.1128,-0.3607
-0.2200,0.1621
0.2963,0.4843
-0.0594,1.0368
-0.1418,0.3346
-0.4381,0.4846
0.1018,-0.0818
0.3980,0.3135
1.5339,0.5473
0.4258,0.5348
0.7706,0.1641
-0.5257,-0.1321
0.1997,0.0685
0.2965,0.6777
0.4987,0.0382
0.1742,0.2774
0.0091,0.3613
0.0886,0.1614
-0.0445,-0.0439
0.8148,0.3244
0.0641,0.4006
0.8219,0.1527
0.5299,0.6714
0.4875,0.5122
0.4111,0.0795
-0.3215,0.1698
-0.2908,0.1601
0.3202,-0.0279
-0.5187,-0.0497
0.3909,0.1705
0.5037,0.3831
-0.2320,-1.1460
-0.0721,0.2482
0.7353,-0.1727
-0.1973,0.1140
0.3298,0.1842
0.2258,0.2185
0.1010,-0.1925
-0.4748,-0.9358
0.0633,-0.0984
0.4245,0.6791
0.5796,0.3367
0.9030,0.4832
-0.1385,0.2728
-0.0662,-0.0806
0.6065,0.6909
-0.1491,-0.7185
-0.0421,-0.3338
0.1988,0.3158
0.7721,0.3828
0.2070,-0.3250
0.1971,0.6921
0.0417,0.6128
-0.0192,-0.2558
-0.3675,0.0073
0.1114,0.3328
-0.7679,-0.5742
-0.2529,0.0749
0.2960,0.0366
-0.2164,-0.0934
0.3075,-0.2279
-0.0311,0.1328
-0.3215,-0.2014
0.0329,-0.1077
0.0850,0.3340
-0.0505,-0.1489
0.3004,0.0934
-0.6303,-0.6997
0.1448,-0.0020
-0.1522,0.0083
0.0483,0.3087
-0.2379,-0.1853
0.4423,0.1614
-0.3472,-0.5548
-0.4519,-0.6673
0.1037,0.2600
-0.5724,-0.4644
-0.7087,-0.2777
-0.4624,0.3351
-0.5260,-0.2614
-0.7921,-0.1735
0.2675,-0.1895
-0.1080,-0.0356
-0.3988,-0.3143
-0.0854,0.6657
0.1054,0.1755
-0.6637,-0.1877
-0.3328,-0.0637
-0.2727,-0.1066
-0.7160,0.0435
-0.5325,-0.2022
0.2809,0.2932
0.2977,0.5097
-0.1830,0.1052
0.1603,-0.0241
0.0646,-0.1823
-0.0506,0.4282
-0.4545,0.2095
0.3113,-0.0371
0.0812,0.0352
0.9972,-0.0007
-0.5294,0.1822
-0.1615,0.2298
-0.0642,-0.1049
0.6437,-0.1403
-0.2795,0.0664
0.1354,0.3835
-0.0445,-0.1381
0.0353,0.0112
-0.3585,0.3352
-0.5085,-0.2837
0.5631,-0.4574
-0.3363,0.0800
0.1991,-0.1727
-0.9533,-0.6906
0.5522,-0.2588
-0.4374,-0.2807
0.3726,0.1919
-0.1618,0.1848
-0.8116,-0.3542
0.0317,0.1159
-0.3268,-0.5590
0.5198,-0.0102
0.2155,-0.0448
0.5916,0.2374
0.3324,-0.4090
-0.2455,0.1990
-0.0063,0.1358
0.2739,-0.1643
-0.3495,-0.3885
0.6922,0.2400
0.5468,0.0246
-0.2879,-0.5545
-0.2467,-0.1234
0.1259,-0.3212
-0.2346,-0.1548
-0.2459,-0.5954
0.0715,-0.5701
0.0316,-0.2647
-0.1063,-0.1813
-0.1535,-0.0780
-0.2985,-0.3541
-0.7028,-0.6646
-0.4023,-0.7510
-0.5662,-0.8030
-0.3631,-0.5381
0.2067,-0.3609
0.7713,0.2599
-0.4326,-0.4815
0.0231,-0.2649
-0.7433,-0.2989
-0.1045,-0.6331
0.8000,0.0964
-0.3651,-0.3281
-0.7675,-0.0846
-0.3049,-0.3944
-0.6145,-0.2909
-0.7203,-0.6634
-0.4186,-0.7444
-0.2184,-0.2746
0.5058,1.0476
0.8472,0.6440
-0.0769,-0.2039
0.5312,1.2593
-0.2896,0.5116
0.0649,0.0829
-0.6273,0.2641
-0.5607,0.5632
-0.6220,0.4708
0.2928,-0.4279
0.1037,0.2875
-0.1956,-0.1827
-0.1221,0.0495
0.8870,0.2860
0.1903,-0.1824
0.1034,-0.0385
-0.0119,0.0662
0.1789,0.0345
-0.1480,-0.2572
-0.1505,-0.2342
-0.3997,0.1453
0.4229,-0.5964
-0.2924,-0.2122
-0.4776,-0.5987
-0.3007,0.0814
0.1724,-0.0216
-0.4640,-0.7918
-0.0923,0.1466
0.0900,0.5726
-0.2197,-0.1074
0.0017,-0.1184
-0.1518,0.0353
-0.5923,0.0312
-0.0472,-0.0257
-0.2317,0.4692
-0.3340,0.1071
-0.1265,-0.4636
0.1275,-0.6249
0.4007,-0.8928
0.8375,0.1122
0.8816,-0.2096
-0.3485,0.0928
-0.0251,-0.1184
-0.5192,-0.2970
0.3959,-0.1840
0.0700,-0.1566
-0.1120,0.1015
-0.1392,-0.2924
-0.0540,-0.5055
-0.0799,0.2679
-0.1973,0.3947
-0.2196,0.1809
-0.2874,-0.3046
0.2254,-0.4573
-0.1160,0.4911
-0.0236,-0.2919
-0.5723,-0.0389
-0.4392,-0.0347
0.1182,-0.0434
0.0281,0.1363
-0.1030,0.4588
-0.5971,-0.5383
1.0031,0.3707
-0.1434,0.0690
-0.3495,-0.1452
0.3214,0.1115
0.2135,0.1406
-0.7605,-0.1473
0.3767,0.4900
0.5711,0.6099
0.1156,0.1396
-0.6019,-0.4079
-0.6295,-0.3303
0.3292,-0.2640
0.1216,-0.9549
0.4493,-0.2065
-0.2825,0.4583
0.1948,0.1653
0.2773,0.2608
-0.0053,0.1688
-0.3610,0.2116
1.1734,0.3656
-0.6602,-0.2120
-0.1643,-0.2758
-0.1893,-0.2139
0.0708,-0.0278
0.2454,-0.0324
0.0915,-0.3586
-0.1609,-0.0556
0.0401,-0.1001
-0.5180,0.3860
-0.0874,-0.0684
0.3157,-0.1327
0.5493,-0.0372
-0.0883,0.1526
-0.4266,-0.2073
-0.0529,-0.1155
-0.1059,0.0952
0.5994,-0.2249
-0.4234,-0.5801
0.2240,0.2166
0.1989,-0.6232
-0.1898,-0.2596
0.3376,0.4649
-0.1209,-0.6141
0.0939,-0.3094
0.6823,0.1091
0.9261,0.2841
0.9836,0.6390
0.5574,0.3074
0.0067,-0.0568
1.0572,-0.0914
0.1276,0.1562
0.5663,-0.3043
-0.0808,-0.1938
0.7813,-0.0210
-0.0726,-0.1120
0.3192,0.0017
-0.3498,-0.1632
-0.0081,-0.2589
0.2355,0.0806
-0.3006,-0.1443
-0.1566,-0.1995
0.1058,-0.4270
-0.0066,0.0925
1.0233,-0.2331
0.2245,0.2392
0.8769,-0.2039
-0.3369,-0.1160
-0.4111,-0.2422
-0.4905,-0.3244
-0.3777,0.0700
0.2401,-0.1176
-0.0664,-0.0992
-0.1209,-0.2179
0.3132,0.0670
-0.2339,-0.3779
-0.0358,-0.2184
-0.5030,-0.2462
0.7818,-0.2087
-0.0523,-0.3278
-0.3244,-0.4136
0.3791,-0.1167
-0.4758,-0.3243
0.2751,0.2336
-0.0873,-0.1938
0.2144,0.3116
0.0262,-0.1850
-0.5773,-0.4376
0.5899,0.4153
-0.1122,-0.3055
-0.1277,-0.1387
0.2737,0.5210
0.3440,-0.5234
0.3813,-0.0442
-0.2848,-0.2377
-0.1625,-0.0739
-0.1321,0.7127
0.1147,-0.0595
-0.3600,-0.3757
0.0299,-0.7376
-0.0361,-0.3614
-0.4971,0.4115
0.1465,-0.1893
-0.5076,-0.1922
-0.0652,-0.5767
-0.8814,0.2728
0.0740,-0.4043
0.6891,0.2413
0.8528,0.2358
-0.2719,-0.0983
0.9581,0.0133
0.1997,0.2670
0.5372,-0.3793
0.2120,0.0776
-0.3548,0.3378
-0.9574,-0.3603
-0.1853,-0.2558
0.2508,0.5315
0.6635,0.1186
0.8863,0.7063
-0.0004,0.4784
-0.3356,0.5113
0.0089,0.1624
0.2922,0.2512
0.6141,0.4142
0.0969,0.3197
0.7731,0.3606
0.1787,0.3174
-0.6890,-0.0580
-0.0969,0.2652
-0.0136,-0.2490
-0.4205,-0.1007
0.1574,0.1367
0.1491,0.4731
-0.1798,0.6104
0.0739,0.3447
-0.5721,0.0047
-0.8858,0.0195
0.2122,0.2111
-0.2305,-0.1732
-0.0330,0.4110
0.4722,0.8863
0.2224,0.2968
0.2777,-0.1887
-0.9866,-1.8906
-0.5859,-0.7788
-0.0964,-0.0642
0.2018,0.1498
0.4717,0.6941
-0.3238,0.6943
0.0506,0.5705
-0.7730,0.0693
-0.8191,-0.3172
0.5198,0.8411
-1.1873,-0.7353
-0.1942,-0.0044
-0.3074,-0.7082
0.3752,0.1552
-0.9543,-0.4517
-1.1327,-0.4712
0.1154,-0.0348
-0.5987,0.0215
-0.1956,-0.1426
-0.2724,0.1284
0.1101,0.0847
-0.5925,-0.5203
0.1395,0.1605
-0.3580,0.1941
-0.1353,0.5596
-0.5024,0.0271
-0.4772,-0.0314
0.0109,-0.1296
-0.0396,0.2241
-0.2176,0.0288
-0.1880,0.1837
-0.2743,0.0538
0.1179,0.3925
-0.1101,0.1836
0.0489,0.2463
0.3011,0.4645
0.7123,0.4646
0.5837,-0.0491
0.4695,-0.0690
0.4750,0.1753
1.2515,0.0433
0.1560,0.0658
0.2635,0.4554
-0.0540,0.3859
-0.1240,-0.0017
-0.2858,0.6600
-0.4169,0.1261
0.2929,0.3543
-0.3909,0.5652
-0.1732,0.5774
-0.0354,0.5955
-0.5984,0.2079
0.3672,0.0963
-0.8011,-0.2580
0.2496,-0.1245
-0.7447,-0.5405
-0.3746,-0.1839
-0.5892,-0.3544
0.1512,0.3818
-0.5188,-0.1148
-0.5769,-0.2258
-0.1948,0.5481
-0.0980,0.3864
-0.1400,-0.0874
0.1736,-0.4283
-0.2636,0.0264
-0.1397,0.1371
0.1815,-0.1011
0.1304,-0.2873
-0.0604,-0.4133
-0.0650,-0.0424
-0.3732,-0.3874
0.2431,0.0147
0.2861,-0.6214
-0.4330,-0.3384
0.3289,0.4330
0.4324,-0.1674
-0.0946,0.2648
-0.5804,-0.1494
0.3657,-0.1276
-0.1648,0.0249
0.0399,0.2851
-0.6968,-0.5423
-0.1131,-0.0200
0.1971,0.1035
-0.2875,-0.3966
-0.5170,-0.3923
-0.0908,-0.1447
-0.4916,0.0308
0.6890,0.1761
-0.2566,-0.2641
-0.0698,0.0121
0.7580,-0.1738
-0.6347,-0.3015
0.1220,0.3612
-0.2208,-0.3033
-0.5197,-0.9659
0.7574,-0.1362
0.2598,0.2272
0.0624,0.0313
0.4536,0.3885
0.1414,-0.1837
-0.2307,-0.5775
-0.0885,-0.2882
0.0201,-0.0469
-1.0621,-0.7312
-0.8882,-0.5485
-0.1348,-0.1694
-0.5186,-0.4030
0.6697,0.4527
-0.2259,-0.1206
0.9788,0.2481
0.0065,-0.0803
-0.1014,-0.5915
0.1448,0.0820
0.0523,-0.1620
-0.1023,0.5469
-0.9463,-0.6329
-0.8272,-0.5863
-0.1893,0.0108
-0.6846,-0.4435
0.1357,0.4222
-0.6051,-0.1480
0.7159,0.1168
0.5127,-0.3175
0.0476,-0.3672
-0.2379,0.0382
-0.2410,-0.0619
0.0267,0.4381
0.5683,0.1149
0.3402,0.4126
-0.7181,0.1525
0.1346,0.4494
0.3571,0.4254
-0.4728,-0.0487
-0.2236,0.1010
0.1115,-0.0518
-0.2948,-0.4251
-0.0939,0.0507
-0.0936,-0.1884
-0.1677,0.0546
-0.0098,0.2357
-0.0251,-0.0792
0.0835,-0.1116
-0.3373,0.0708
-0.1874,-0.2704
0.2709,0.0936
-0.6853,-0.1228
-0.0547,0.2590
-0.1718,0.2372
-0.2977,0.1007
-0.1075,0.1300
0.1401,0.0340
0.0033,-0.2478
0.7248,-0.4887
0.2882,0.1567
0.4740,-0.0370
0.1482,-0.0936
-0.1691,-0.1359
-0.1343,-0.2005
-0.0874,0.5974
0.3798,-0.2046
-0.4642,-0.7187
-0.5726,-0.4419
0.9514,0.0669
-0.0988,-0.5641
-0.1837,-0.9134
0.5230,0.7199
-0.2016,0.1166
0.4582,0.1788
0.6663,0.4320
0.0929,0.1238
0.4110,0.1915
0.7781,0.4181
-0.0855,0.1113
0.0967,-0.0723
1.0412,0.7822
0.4057,0.2903
0.4302,0.0023
-0.1798,0.1706
-0.1886,-0.1482
-0.0930,-0.3721
-0.7415,-0.0077
-0.3942,-0.0425
-0.4606,0.1026
-0.0693,0.4704
-0.1777,0.5004
-0.2598,0.1440
-0.3569,-0.1861
-0.4089,-0.4369
-0.1405,-0.2210
0.0195,-0.2614
0.0475,-0.3968
-0.1062,-0.2638
-0.1663,0.0173
0.6136,0.1951
-0.5209,-0.1098
-0.3481,-0.3031
0.0731,0.3086
0.1133,0.5043
0.1408,0.3643
0.1562,0.4087
0.4536,0.6184
0.1754,0.3271
0.0012,0.7495
0.8089,0.2360
0.6173,0.5585
-0.8197,-0.6171
1.0339,-0.0662
0.9356,0.6161
0.5997,0.1694
0.1935,-0.0935
0.1690,0.4510
-0.0586,0.1230
-0.1607,0.1981
-0.8876,-0.9422
0.0220,0.2363
-0.0692,0.2272
-0.7073,-0.8104
0.2423,0.5361
-0.1685,-0.0847
0.0565,0.0153
-0.3597,-0.0916
-0.4846,0.1031
-0.2971,-0.3023
0.2409,0.3105
-0.6501,-1.1097
-0.7036,-0.4972
-0.6944,0.0275
-0.5039,0.1623
-0.1606,0.1235
0.1543,0.2114
0.0906,-0.1937
-0.2958,-0.3289
0.7586,0.3227
0.0568,-0.0508
0.5085,0.1396
-0.1902,0.2877
0.0520,0.0710
-0.3530,0.0465
-0.4763,0.2287
-0.0024,0.0352
0.2993,0.0840
-0.4184,0.1636
0.2133,0.3894
-0.1877,0.2208
0.5382,-0.0472
0.6513,0.3909
0.2258,-0.5589
-0.4953,-0.2353
0.1209,0.0664
-0.2509,-0.5533
0.0591,-0.1909
-0.3768,0.0411
-0.3991,-0.1353
0.1231,-0.3607
0.3530,0.1991
-0.1642,-0.0859
0.3859,-0.0979
1.2080,0.4626
0.6794,0.2351
0.4016,0.3950
0.3242,-0.1367
0.0155,0.5160
0.0247,0.2124
0.4148,0.0200
0.5073,0.4411
0.3306,-0.0613
-0.3149,-0.4271
-0.0841,-0.1561
-0.0611,0.0938
-0.0157,-0.4165
0.0930,0.4063
-0.2461,0.1519
0.0920,0.4013
-0.0275,-0.0512
0.3938,-0.0233
0.0619,-0.2239
-0.3635,0.2621
-0.3638,0.2322
-0.0955,-0.2723
-0.2850,-0.3297
0.4546,0.0543
0.3621,0.2499
0.1492,0.5710
-0.3811,-0.2039
-0.4165,-0.2197
0.0170,-0.4441
-0.3302,0.3559
-0.0989,-0.1717
0.5976,0.0613
-0.0872,0.6225
0.3055,0.0805
0.2732,-0.0057
-0.1491,0.3260
-0.0589,-0.3777
-0.4069,-0.4807
0.2088,0.5423
-0.2217,-0.2250
-0.2890,-0.4216
0.2938,0.2791
-0.3490,-0.8308
-0.1909,-0.0005
0.2017,0.2070
0.0091,0.3848
-0.0324,-0.0587
0.5412,0.3763
-0.6444,-0.5066
-0.0536,-0.9600
0.0041,0.2182
-0.0642,-0.2178
-0.0796,0.4285
0.1029,0.2146
-0.1131,0.5894
0.4933,-0.3378
0.9680,0.6526
0.2637,-0.0267
0.1902,-0.2698
0.5424,-0.1445
-0.0466,-0.6315
0.9313,0.0152
-0.0852,-0.0598
0.1235,-0.0875
0.1109,0.4253
-0.1762,-0.7319
0.0188,-0.1941
-0.0233,-0.0883
-0.4680,-0.2202
-0.5568,-0.1017
0.4967,0.7409
-0.4269,0.6050
1.2637,0.6467
-0.0582,0.3331
0.6871,1.1894
0.2140,0.4983
0.3942,0.2498
-0.3612,0.1161
0.2668,0.5286
-0.0890,-0.0151
-0.1337,0.2277
0.1357,0.1223
0.0283,0.3943
1.0658,0.5577
0.9947,0.3217
-0.5310,-0.5160
-0.6022,-0.6696
0.4607,-0.0877
0.0857,0.0800
0.1612,-0.2255
-0.1083,-0.1114
-0.2296,0.1458
-0.3661,-0.3168
0.4339,0.6849
-0.5198,-0.2533
-0.2185,-0.0772
1.0125,0.4642
0.7814,0.0875
0.1211,-0.3922
-0.6591,-1.6257
0.5667,0.0115
-0.3651,-0.4247
-0.0675,0.2843
0.0229,0.2696
0.3543,-0.1123
0.3530,0.1626
-0.4143,-0.3477
0.3928,-0.4476
0.0057,0.0355
-0.5123,-0.5784
-0.1293,0.2698
0.0213,0.2062
-0.6671,-0.4448
0.3150,0.4593
0.9409,0.2612
-0.2063,0.1709
0.2471,0.4378
0.0814,0.2988
0.2424,0.5151
0.3912,0.2864
0.6925,0.5278
-0.0032,0.5323
-1.0066,-0.1418
-0.7275,0.1876
-0.2156,0.3099
-0.4597,-0.2909
0.1015,0.2228
-0.2331,-0.0791
0.0528,-0.0646
-0.8904,-0.2032
-0.9604,0.4378
0.8077,0.3758
0.9378,-0.1011
-0.0443,0.7929
0.2934,0.6984
0.4922,0.0673
0.4068,0.3731
-0.6180,-0.4990
-0.3927,-0.4011
0.1950,0.3761
0.0934,0.1324
0.2421,0.1759
0.2788,0.2942
0.7598,0.4357
0.3619,0.2105
0.8184,0.3805
0.1948,-0.1942
0.8095,0.4268
-0.1038,1.0121
0.4290,0.3433
-0.0556,0.0844
0.4665,-0.0191
-0.4451,0.4182
0.3676,0.1069
0.0147,-0.1421
0.0398,-0.4659
0.3103,0.7503
-0.2399,0.5490
-0.0833,0.0175
0.0076,0.4966
-0.0295,0.4593
-0.1021,-0.2381
0.0999,-0.0334
-0.2480,-0.0835
0.1576,0.3386
0.7414,0.1240
-0.0376,0.3372
-0.5661,-0.2671
0.0740,0.3732
-0.3209,-0.6277
-0.0084,0.3497
-0.8929,-0.8397
0.4680,0.0459
0.5230,0.7573
0.6465,0.3997
0.4530,0.2988
0.0886,-0.0579
-0.0885,0.4206
-0.4018,0.6536
0.3969,0.4191
0.0952,0.1526
-1.0010,-0.7596
0.3229,-0.0842
-0.3521,-0.6396
-0.0477,-0.0109
0.1240,-0.0373
-0.5257,-0.5808
0.8048,0.1219
-0.0427,-0.6781
1.0162,-0.0878
-0.0988,-0.2881
0.1734,-0.2524
0.0811,-0.4647
-0.0470,0.3787
-0.3387,-0.0517
-0.1353,-0.2237
-0.3329,-0.4333
0.0808,-0.0792
0.2953,0.5811
0.3049,0.1562
-0.3064,-0.0219
1.0227,0.7371
-0.1160,-0.0442
-0.1081,0.6647
-0.1698,-0.2187
0.2821,0.2006
0.4238,0.0781
0.6122,-0.0181
-0.4020,-0.7965
0.2140,-0.8633
-0.0003,-0.1421
0.0698,0.0038
0.7055,-0.0260
-0.4289,-0.4160
-0.4503,-0.2379
-0.5569,0.4197
0.0684,-0.3694
0.0687,0.1559
0.0358,0.2982
0.2380,-0.3478
-0.1782,-0.1722
-0.1696,-0.0303
0.5989,-0.1681
-0.1565,-0.7568
-0.0768,-0.2864
-0.4847,-0.2012
-0.2313,-0.1522
-0.0078,-0.1685
0.0622,-0.2576
-0.4922,0.2236
-0.5660,-0.7418
0.0641,-0.0856
-0.3990,0.0038
0.0588,-0.0425
-0.1538,-0.3198
0.0564,0.0598
-0.1097,-0.5831
-0.8086,-0.7214
0.7863,0.1207
0.6524,0.3585
-0.4700,-0.2435
-0.2726,-0.4250
0.0344,0.0659
-0.5176,0.1996
-0.2740,0.1714
0.2954,-0.0484
0.5901,0.0018
-0.2344,0.0226
-0.2055,-0.0617
-0.7446,-0.3476
-0.1756,0.2467
0.1324,-0.0819
-0.4456,-0.5950
0.0982,-0.1375
-0.1428,0.2287
-0.0213,-0.5208
-0.2005,0.2994
-0.1601,-0.1616
-0.6077,-0.0060
0.7456,-0.1714
0.4017,0.2559
-0.1360,-0.3236
1.1155,0.3893
-0.0243,-0.2723
0.6553,0.3552
0.0528,-0.1904
0.0601,-0.0298
0.5370,-0.0166
-0.0987,-0.0475
0.2023,0.5769
-0.3213,-0.2234
0.3756,0.1909
-0.1958,-0.0326
0.6603,-0.8226
-0.3681,0.5603
0.3860,0.0858
0.9910,0.1152
0.0820,-0.0761
0.6133,0.5322
-0.4400,-0.0478
-0.0739,-0.1451
-0.4142,-0.2273
0.3389,0.1246
-0.1552,0.3474
0.1381,0.2623
0.0726,-0.4000
-0.3113,0.3475
0.5004,-0.2633
0.5154,0.2931
0.1220,0.0873
-0.2506,-0.4114
0.1915,0.8166
-0.4868,-0.1573
-0.0232,-0.2200
-0.1900,-0.3942
-0.1066,-0.2515
-0.4068,0.1506
-0.1595,0.0408
-0.3227,0.7429
0.9946,0.0862
0.8104,-0.2079
-0.4637,-0.9565
-0.0269,0.0459
0.0476,-0.1097
0.1331,-0.0467
-0.4305,0.1289
-0.0140,-0.4658
0.3770,-0.2026
-0.3490,0.0931
0.3465,0.1314
-0.1007,0.3469
0.3964,-0.0187
0.2636,-0.2258
0.3368,0.5360
0.3023,-0.1018
-0.4897,0.0607
0.0724,0.4486
0.4415,0.0305
-0.6738,-0.2219
-0.4137,-0.0280
0.0634,-0.2999
0.0584,0.6754
-0.5551,-0.3590
-0.1502,-0.1853
0.4331,0.1311
0.0025,0.0063
-0.3281,-0.3418
0.0594,0.6114
0.3518,0.1841
0.1929,-0.0396
0.6865,-0.1819
0.1390,-0.2330
0.0195,0.0741
-0.3921,-0.2873
0.1442,-0.5571
0.0816,0.3479
-0.1328,-0.0521
-0.0556,0.1178
-0.8992,-0.3312
-0.1323,-0.4878
-0.3766,-0.2860
-0.2261,-0.0029
-0.5775,-0.2885
-0.1480,0.0703
-0.5713,-0.0360
0.0312,0.3087
-0.5886,-0.4372
-0.3289,0.0841
0.1915,0.0815
-0.6625,-0.4037
-0.0674,-0.2285
-0.1956,-0.2072
-0.3208,0.1481
-0.7016,-0.4039
0.2024,-0.1204
-0.5281,-0.1618
-0.3840,-0.4604
-0.1932,-0.5534
0.0276,0.1538
0.3209,0.4768
0.0604,0.7900
1.0302,0.3817
-0.3475,-0.0290
0.1978,0.1998
0.2241,0.7324
-0.3358,-0.0006
-0.5916,0.5942
-0.2574,-0.3914
0.6647,-0.0969
0.5330,0.7205
-0.6664,0.2272
0.0962,0.0737
-0.4421,0.8374
-0.7116,0.0396
-0.2734,-0.1649
0.5318,0.2797
0.7478,-0.3423
0.0006,-0.3553
-0.0530,0.3472
-0.1398,-0.1781
0.0669,0.4948
0.1777,-0.3116
-0.3288,0.5030
0.1812,0.0540
0.2942,-0.6955
-0.3101,-0.2032
-0.5027,-0.2925
-0.0476,0.7734
0.7875,-0.4996
0.1663,-0.2204
0.0274,0.1303
-0.5827,-0.4226
-0.5540,0.1258
0.8695,0.0098
-0.4963,-0.4224
-0.7956,-0.3949
0.3705,-0.0735
-0.3930,0.1364
-0.2436,-0.1385
-0.1633,-0.4688
1.3359,0.0315
-0.5038,-0.2799
-0.0903,-0.0389
-0.5841,-0.1421
-0.1590,0.0973
-0.6216,-0.2730
0.3493,-0.0909
-0.3272,0.1809
0.1961,-0.0071
-0.3089,-0.4617
0.0022,0.4605
0.2180,0.4520
0.3412,0.4598
0.0457,0.3252
0.2425,0.1512
0.8079,-0.2011
-0.3109,-0.1729
0.1945,0.3462
-0.2221,0.0832
0.2415,0.1640
0.5734,0.4414
-0.0197,0.6434
0.0867,0.1114
0.2969,-0.4028
-0.1220,-0.1089
-0.1675,0.5142
-0.2165,-0.5068
-0.0524,0.2284
0.1851,0.2208
-0.2458,0.1498
0.8189,0.4560
0.4901,0.5654
0.2534,0.0428
0.2539,-0.0334
-0.2122,-0.0211
-0.0650,0.0629
0.7282,0.4541
0.1081,0.0346
-0.2548,0.0210
0.2616,0.1255
0.8864,-0.1291
0.4046,0.1734
-0.1553,-0.3555
-0.3029,0.3113
