-0.2136,0.2271
-0.1942,0.4707
-0.1140,0.2630
-0.0145,0.1574
0.0273,0.0521
-0.0291,-0.0027
-0.1029,0.1381
-0.1339,-0.1163
-0.4043,-0.0402
-0.5495,-0.1512
-0.1032,-0.2098
-0.0761,0.0631
0.3040,0.3868
-0.6056,1.2198
0.1250,-0.3914
-0.0361,0.2361
-0.5018,-0.0083
0.0392,0.1404
0.0786,0.1258
0.2556,0.0826
0.0896,-0.0153
0.2209,0.1560
0.4639,-0.5271
-0.9926,0.3354
-0.3150,0.1045
0.3642,0.3778
0.1679,-0.7085
-0.0676,0.1737
0.1761,-0.3258
-0.2065,-0.0240
0.2704,-0.0278
0.1932,-0.1462
0.1885,0.0789
0.5368,-0.1447
-0.3457,-0.2389
0.5379,-0.4731
0.5020,-0.4942
-0.2774,-0.1933
0.1938,0.7016
0.5071,0.0521
0.2534,-0.1494
0.2623,0.0920
0.4799,-0.2988
0.2915,-0.0705
0.1785,0.1495
0.3770,-0.1176
-0.2818,-0.8088
0.1291,-0.1357
-0.3652,-0.9158
0.3383,0.0153
-0.2462,-0.3297
-0.2365,-0.3471
0.4438,0.0171
-0.3645,-0.3672
-0.4056,-0.3266
0.1422,0.1776
0.0719,-0.3557
0.1346,-0.4296
-0.5022,-0.7279
-0.2509,-0.6105
0.2987,0.1252
0.1208,0.3767
-0.5408,-0.6426
-0.3262,-0.4728
0.2490,0.0898
-0.4625,-0.3460
0.0488,-0.0016
0.1889,0.0765
0.3614,-0.2091
0.2829,0.0558
0.1712,0.1718
0.0723,0.5380
-0.3698,-0.3114
0.1471,1.0432
0.3665,0.0088
-0.0943,0.2265
0.2485,0.0355
-0.0412,0.2034
0.0707,0.6987
-1.0090,0.4106
-0.0398,-0.0660
0.1418,0.2728
-0.2768,-0.3176
-0.1572,-0.2328
0.0739,-0.2232
-0.2601,-0.8078
-0.1399,-0.2073
-0.5645,-0.1199
-0.0007,-0.2150
-0.1939,-0.4150
-0.1501,-0.4251
0.1418,0.1449
-0.1455,-0.6637
-0.1369,0.0063
-0.1451,0.3978
0.0685,-0.1813
-0.1908,-0.1746
-0.2420,0.3176
-0.7838,0.6206
-0.1541,0.9529
0.1698,0.6099
-0.0467,0.0116
-0.1138,0.0596
-0.0745,-0.2020
0.1589,-0.1865
0.0863,-0.0956
-0.2820,-0.3408
-0.1547,-0.6308
-0.2122,-0.1313
0.2724,-0.1945
-0.0776,-0.3125
-0.1302,0.8232
-0.2204,0.3461
0.4472,0.3426
0.4338,0.6105
-0.2807,0.1428
0.0961,-1.0815
0.2921,-0.0424
-0.0173,0.7003
0.2107,0.5053
-0.6878,0.8112
-0.3657,0.6065
0.4673,0.1225
-0.1535,0.6337
0.1238,0.3319
0.0604,-0.1322
0.2936,-0.1640
-0.0546,-0.1892
0.5689,0.3997
0.4339,0.5230
-0.1608,0.7617
0.2177,0.3661
0.2949,-0.2798
0.4579,-0.3035
0.3626,-0.2962
-0.0472,-0.0899
0.3492,-0.3434
0.2244,0.0978
0.5475,-0.0327
0.1133,-0.1985
0.2035,0.1901
-0.3097,-0.1246
-0.0930,0.1598
0.0579,0.0491
0.5595,-0.0175
0.2437,0.4513
0.3122,0.0881
0.1431,0.2274
-0.2890,0.9843
-0.5600,0.1502
-0.4878,-0.1712
-0.0362,-0.1925
-1.0126,0.1609
0.4947,-0.6493
0.1058,0.2299
0.4270,-0.7227
0.2373,0.1963
0.2850,0.0870
-0.0539,-0.2323
0.3034,-0.0784
-0.0521,-0.5790
-0.4338,-0.1251
-0.9762,0.1383
-0.0125,0.8280
0.1472,-0.1127
-0.1052,-0.0618
0.0550,-0.3030
-0.0654,0.6480
0.1975,-0.2328
-0.0396,-0.0661
0.2345,-0.2040
0.4229,0.1235
0.0999,0.3879
0.1378,0.3548
0.0605,-0.5523
-0.4792,0.0850
0.1674,-0.2904
0.2286,-0.4783
-0.1770,-0.3450
0.4045,-0.8186
0.1757,-0.3662
-0.0650,-0.3194
-0.5835,0.3633
0.3626,-0.3432
-0.1355,0.2741
0.1304,0.6903
-0.1689,0.1669
-0.2636,-0.2740
-0.0726,0.1262
-0.4124,0.2639
-0.6705,0.1757
-0.1298,-0.4701
0.0039,0.6700
0.1478,0.1188
-0.3476,-0.2686
-0.6289,0.1162
0.0418,-0.2426
0.6669,0.0623
0.2182,0.0115
0.5450,-0.9991
0.0038,-0.1343
-0.4711,0.0696
-0.2862,0.5000
0.4152,-0.1380
-0.1288,0.2846
-0.2029,0.3378
0.4123,-0.1519
-0.3057,0.1307
0.0399,-0.3736
-0.0900,0.1410
0.2653,-0.6042
-0.4888,-0.3228
-0.8557,0.0709
-0.2075,0.2767
-0.1049,-0.5895
0.2328,-0.2952
0.3114,0.2646
-0.1534,0.1320
0.3575,-0.1816
0.1970,0.1723
0.5508,0.6030
-0.1949,-0.2744
-0.2419,0.1004
-0.4541,0.0763
-0.1925,0.3671
-0.3814,0.4403
0.1007,0.4427
-0.1493,-0.1893
0.0612,-0.1472
-0.2268,-0.3492
0.3208,0.1722
-0.6452,0.2674
0.3550,0.1001
0.3541,-0.1607
-0.2381,-0.1188
-0.0143,0.0154
-0.1264,0.1169
0.3833,-0.0630
0.2623,-0.0013
0.6999,-0.4789
-0.1122,0.0523
-0.6253,0.3541
-0.1173,0.2923
-0.3454,0.4095
-0.2581,-0.0430
0.1917,-0.4032
-0.1270,-0.3116
-0.2470,-0.1771
-0.0331,0.2918
-0.1726,-0.1923
0.2515,-0.4308
0.0514,0.0646
-0.1889,-0.5314
-0.3599,0.8623
0.0295,0.4466
0.2451,-1.0297
-0.2521,0.3343
-0.0433,0.7139
-0.2188,0.0795
0.0511,-0.3587
0.0422,-0.2970
-0.3516,0.5206
-0.2385,-0.5366
-0.2342,0.0304
-0.3893,0.2184
-0.1178,0.1022
-0.4044,0.0083
0.2744,-0.0112
-0.0658,-0.0743
-0.2065,0.4863
0.0671,-0.6530
0.3052,0.0042
0.0834,-0.0591
0.7510,-0.7802
0.8482,-0.9719
0.2041,-0.7715
0.5118,-0.9084
0.0744,0.0194
0.2167,0.0798
-0.0417,0.6556
-0.0599,-0.3710
-0.0766,0.5005
0.0685,0.1848
-0.0622,0.3508
-0.1492,0.1641
0.1685,-0.1059
0.0301,-0.2781
-0.2766,0.6323
0.2326,-0.1087
-0.1182,-0.5812
0.0383,-0.4970
-0.1057,0.0642
0.0181,-0.0552
-0.1065,-0.1134
0.1534,0.0593
0.0636,0.0259
0.3838,0.7765
0.2828,-0.3556
0.5685,-0.8834
-0.0348,0.4728
0.1970,-0.9162
-0.1659,0.3160
-0.1567,-0.0392
-0.0621,0.4065
0.5996,-0.0278
0.1354,-0.1659
0.1291,-0.1824
0.1133,0.3392
-0.4237,-0.3244
0.2426,-0.6515
0.0253,-0.0778
0.1536,-0.0473
0.0686,-0.5673
0.3414,-0.1681
0.3281,-0.6380
-0.2801,-0.0782
-0.0026,0.2554
-0.4560,-0.0085
0.1632,-0.2115
-0.2812,0.1168
0.4070,-0.5046
-0.0379,0.1610
0.1212,0.6862
0.4515,0.0674
0.3559,0.0662
-0.3493,0.7069
0.2996,1.3088
-0.2212,0.4999
0.6437,-0.1948
0.1532,-0.7621
-0.1621,-0.2275
0.2086,-0.2035
-0.9654,0.3856
0.3430,-0.0534
-0.2492,0.0687
-0.0863,-0.1030
0.6215,-0.3551
0.2138,0.3242
0.2358,-0.0535
-0.0304,0.2825
0.1505,0.6022
0.2658,0.1817
-0.4229,0.1711
0.5404,-0.4392
-0.1358,0.3881
0.0694,0.3985
-0.4835,0.0231
0.2323,0.0939
-0.1912,-0.0097
0.6152,0.2558
-0.1293,0.6242
0.0103,-0.5020
0.4062,0.3166
0.3111,0.0898
0.1091,-0.0230
-0.0268,-0.2984
-0.7914,0.3538
0.0052,0.1014
-0.4256,-0.3680
-0.3590,0.2531
-0.5069,0.2353
-0.4838,0.0251
0.2468,-0.0246
0.1034,0.4258
-0.2547,0.1010
0.4546,-0.3301
0.2265,0.1321
0.2364,-0.0722
0.1679,-0.1502
0.2739,-0.0367
-0.5283,0.2659
0.4392,-0.3580
-0.3214,0.3525
-0.1994,0.1829
0.1163,0.5702
0.8225,0.1595
0.6118,-0.4365
-0.1540,-0.1802
0.4001,-0.4850
-0.1475,-0.1482
0.4575,0.9511
-0.0014,-0.3481
-0.0609,0.4762
-0.5038,0.7281
-0.1653,0.0235
-0.2393,0.0754
-0.4070,-0.0417
-0.7125,0.1878
-0.0598,-0.3759
0.1378,0.1106
0.0923,0.3924
0.1661,-0.1128
-0.5600,-0.1920
0.3227,-0.2470
-0.3141,-0.4828
0.0528,-0.4690
-0.3029,0.1823
0.1715,-0.1539
0.0776,0.4097
0.0810,-0.1278
0.1679,0.5604
-0.1385,0.0064
0.2236,0.0413
0.3525,0.2165
0.2204,-0.1540
-0.1591,0.2673
-0.0882,0.6654
0.2148,0.5432
-0.3902,0.4271
-0.2458,-0.1523
-0.4046,0.1362
0.4284,0.0282
-0.1415,0.1182
0.0513,0.1630
0.0188,0.6168
-0.1897,0.1956
-0.1196,0.6642
0.1745,0.2114
-0.2019,0.3237
-0.3563,0.6389
0.3147,0.4832
-0.1102,0.1475
-0.4193,-0.3376
0.0156,-0.3049
0.0723,0.0109
0.1632,-0.0959
-0.1405,0.2966
0.1713,-0.3522
0.4966,0.0743
-0.2833,-0.2075
0.0660,-0.7703
-0.6914,0.5593
0.0192,-0.2970
-0.4037,0.7442
0.1489,0.4103
-0.0396,-0.2644
-0.1454,-0.3433
0.1024,0.1897
0.4291,0.4634
-0.1532,0.1333
0.3516,0.1926
0.0068,-0.0430
0.2716,-0.1322
-0.2848,-0.1932
-0.0347,-0.4491
-0.0891,-0.3223
0.1292,0.2300
0.2866,-0.0415
-0.3573,-0.1319
0.1901,0.3786
-0.1821,-0.3152
-0.1357,-0.3000
0.3184,1.4777
-0.0081,-0.0257
-0.4968,-0.5816
0.0007,-0.2671
0.6086,-0.0988
0.3073,0.1944
-0.8279,-0.0422
0.3859,0.4258
0.5351,-0.0267
-0.5194,-0.1129
0.8837,0.0264
0.3141,-0.2877
0.6635,0.7250
0.3920,-0.1461
-0.1231,0.4805
-0.0343,-0.0005
0.0964,0.0613
0.2617,0.0378
0.0323,0.1029
-0.1487,0.0820
-0.4261,-0.3207
-0.6312,0.1924
0.3719,-0.0818
0.0356,-0.2264
-0.0886,-0.6790
-0.0232,-0.3209
0.0323,-0.2429
0.0976,-0.1831
0.4631,-0.7035
0.0124,0.3051
-0.1857,0.3758
-0.2076,0.7093
0.2063,-0.4872
0.6751,-0.0316
0.0470,-0.2253
-0.2055,-0.1423
0.0832,-0.7446
-0.0177,-0.4332
-0.1422,-0.1872
0.3364,0.5751
-0.7423,0.0335
-0.0781,0.2563
0.0013,-0.2470
0.2628,1.0844
-0.0344,-0.0537
0.1233,-0.2365
0.4137,0.5320
-0.3153,-0.5101
-0.0434,0.3145
0.5974,0.0979
0.1367,-0.0940
0.2624,0.3706
-0.1174,-0.3647
-0.6857,-0.2281
0.0031,-0.8681
0.0083,-0.1007
-0.2040,-0.0213
-0.0988,-0.7756
-0.2762,-0.0994
-0.2683,-0.1558
0.1333,-0.5011
0.5151,0.4877
0.1635,-0.0163
0.4668,0.7109
-0.2021,-0.5695
-0.2590,-0.4271
-0.7342,-0.5928
0.0573,0.2008
-0.5119,-0.4054
-0.2315,-0.4051
-0.5052,-0.0828
0.1627,-0.4892
-0.4375,-0.6997
0.2701,0.1073
-0.4005,-0.0283
0.5185,0.1320
-0.2824,-0.0426
-0.4137,0.1702
-0.4394,0.0328
-0.0868,-0.6453
-0.1490,0.1769
0.2494,0.0322
-0.0087,0.0098
-0.2881,0.1969
0.0008,0.4296
0.2779,-0.1981
0.0986,-0.2675
-0.2650,0.4255
0.3023,0.0442
0.0440,-0.1528
-0.0982,-0.1167
0.5177,0.9401
0.1989,0.2610
0.3497,-0.1391
-0.1117,0.2353
0.3849,0.2005
0.1452,-0.3552
-0.2592,-0.1742
-0.1284,0.7497
0.0343,1.1320
0.0122,0.4190
-0.5886,0.6094
0.0501,0.6257
0.1333,0.1083
-0.3281,0.5133
0.0977,0.0310
-0.1484,0.5672
-0.1742,-0.2529
-0.0183,-0.1475
0.4440,-0.0152
-0.7105,0.9080
0.0310,-0.3595
-0.2541,0.1753
-0.2044,0.0458
0.2315,-0.1285
0.6554,-0.3463
-0.0447,0.4208
-0.1233,0.1176
-0.1913,0.3479
0.1300,0.0025
0.4041,0.1078
-0.1157,-0.2257
0.1794,-0.7221
0.4261,-0.3592
-0.0661,0.4756
0.3387,-0.0479
0.5430,-1.0926
0.1091,-0.2923
-0.4623,-0.6765
0.2792,0.0660
0.1593,-0.4843
-0.0127,-0.3667
-0.0230,-0.2486
0.2406,0.6574
0.3440,-0.2410
0.2931,0.5196
0.1837,0.3006
-0.4264,0.4040
0.3940,-0.2122
0.1186,-0.4817
0.4083,-0.2488
0.2354,0.1294
0.1039,-0.6208
0.3173,-0.0675
0.2998,-0.2547
0.2282,0.3264
-0.0118,0.2374
0.5509,0.0239
0.4042,0.3217
0.2261,0.0018
0.2728,0.2159
0.1810,0.2765
0.0723,-0.3655
-0.3717,-0.0484
0.1985,0.1539
-0.1967,0.2175
-0.0584,-0.0150
-0.0275,-0.4230
0.0430,-0.3304
0.1488,0.3412
-0.1367,0.6100
-0.2833,0.0671
-0.1736,0.5282
-0.4596,-0.6442
0.1082,-0.8738
0.4250,-0.1441
-0.0760,0.1721
0.4017,-0.1016
-0.4444,-0.0716
0.1078,0.3933
-0.1825,-0.0631
0.0829,0.0769
0.2231,0.3062
-0.1054,-0.5019
-0.2479,-0.4543
0.0082,-0.2751
0.1719,-0.3648
0.2808,-0.4388
0.1874,-0.1942
0.1120,0.0729
0.5534,-0.4626
-0.3646,-0.4735
0.1560,-0.0548
-0.1217,-0.1446
-0.3520,0.5241
0.0484,-0.4364
0.2231,-0.3434
0.0647,-0.0922
-0.1180,-0.1313
0.0637,-0.3837
-0.1141,0.3205
-0.0323,0.8017
-0.5193,0.4937
0.0758,0.0579
0.3016,-0.3416
0.5163,-0.3811
-0.0838,0.2049
0.2512,-0.2313
-0.1893,-0.0167
-0.1339,-0.1495
0.4663,-0.1561
-0.3720,0.0885
0.2404,0.0478
0.3575,-0.2201
0.2877,-0.5263
-0.1808,0.2590
-0.6271,-0.0592
0.3063,0.5045
-0.0205,-0.3629
-0.1380,0.0820
0.1828,-0.2928
0.4324,0.0588
0.1922,-0.5229
0.1501,0.2039
-0.2053,-0.1276
0.1739,0.0486
0.3015,0.0140
0.0372,-0.3772
-0.1499,-0.1242
-0.3492,0.1989
0.8205,0.1494
-0.3181,-0.1252
-0.0072,-0.1574
-0.0578,-0.1100
0.1629,-0.1078
-0.2956,-0.1955
0.2057,0.1962
-0.5187,0.2356
-0.1349,-0.3120
0.3053,-0.1990
0.1009,-0.2773
0.0242,-0.2608
-0.1647,0.6926
0.1139,-0.0627
0.1729,0.0977
-0.1079,0.0764
-0.0286,-0.2900
0.2111,0.0837
-0.1230,-0.1417
-0.7581,-0.5676
-0.7654,-0.8592
0.1767,-0.3551
0.0135,-0.2738
-0.1316,0.1904
-0.3135,-0.3014
-0.7640,-0.2586
-0.2595,-0.0511
-0.2304,0.5085
-0.3957,0.2037
-0.1837,-0.0061
-0.2304,-0.1525
-0.6769,0.1570
0.0619,0.3075
-0.7713,0.5084
-0.7609,-0.4144
-0.4040,0.2524
-0.1517,0.1260
0.1420,0.7561
0.2529,-0.0780
-0.1346,1.2820
0.3088,0.1607
0.2586,0.5442
0.2774,0.3331
0.4106,0.2904
0.1755,0.5160
0.0215,0.6148
0.4762,0.3750
-0.4413,-0.4000
0.0969,-0.4147
-0.3865,0.6797
0.2133,0.0755
-0.0886,0.5655
-0.5150,0.2327
0.1821,-0.3857
0.4850,-0.0065
-0.0779,-0.2663
0.1397,-0.5122
0.2151,-0.2790
0.2285,0.1679
-0.1381,-0.3744
-0.1530,0.2188
-0.0122,0.2176
-0.2722,-0.4058
0.4343,-0.3574
0.2657,0.8316
0.2931,-0.1747
0.0630,0.1393
0.0594,0.1003
-0.0133,-0.1368
0.2321,0.4262
0.0541,0.5950
0.1371,-0.2081
-0.7132,-0.0883
-0.5685,0.2224
-0.4400,-0.1701
0.1533,0.5786
-0.3807,0.3875
0.5162,0.1353
0.1164,-0.1244
-0.5537,-0.3165
0.3529,-0.0537
0.4300,0.2306
0.0110,-0.0029
-0.2025,0.1559
-0.0464,-0.3070
-0.1239,0.5402
-0.4674,0.3954
-0.2285,-0.0049
0.1292,-0.1845
0.2551,-0.0310
0.2281,-0.3813
0.6956,-0.1312
-0.1035,-0.9892
-0.0131,-0.4650
0.3042,-0.0954
0.0294,0.2409
0.3915,0.2511
0.2078,0.3021
0.5467,0.6789
0.3765,-0.0041
0.7496,0.1067
0.8363,0.3834
0.1962,0.0883
-0.4425,-0.0503
0.2300,0.2669
-0.2837,0.7265
0.0290,-0.0129
-0.1660,-0.4682
-0.1805,-0.3455
0.3993,-0.2106
0.8256,0.0144
-0.2156,0.1965
0.1990,-0.1192
0.3399,0.0952
0.2963,-0.1065
0.5492,-0.0289
-0.0223,-0.3340
0.7167,0.3520
-0.1528,-0.3857
0.2841,0.1504
0.1651,-0.0108
-0.0802,-0.2002
-0.1601,0.3761
0.3519,0.5140
-0.1024,0.8168
0.1470,0.1752
0.2109,0.2158
0.3327,0.0444
0.2682,0.1244
0.3747,0.1592
-0.1415,0.2926
0.0673,-0.3258
0.0006,-0.0790
-0.3519,0.3835
-0.4128,0.1785
-0.0649,0.1598
-0.2620,0.1004
-0.0291,-0.1239
-0.1605,-0.4490
-0.3379,0.2188
-0.7337,1.2084
-0.0967,-0.2241
0.4368,0.8890
0.4223,0.2854
0.5284,0.4471
-0.5253,-0.3433
0.3066,0.1111
0.0658,0.1911
-0.1285,-0.2276
0.0588,0.2561
-0.1039,0.1887
-0.1174,0.2209
-0.1094,-0.0429
-0.2489,1.2477
0.0284,0.1167
-0.2219,0.2921
-0.3424,0.0207
-0.0220,0.1311
0.1660,-0.1660
-0.1758,0.1878
0.0400,0.0897
0.5403,0.5566
0.6251,0.1571
0.5434,0.5710
-0.0472,-0.5952
0.0170,-0.3684
0.1313,-0.2820
0.0166,-0.4552
0.0539,0.7231
0.0688,0.2455
0.7023,0.2956
-0.5040,0.0329
-0.1466,-0.0934
0.0600,0.0682
-0.3378,0.4703
0.1041,0.1830
0.0320,0.0161
0.0609,-0.1888
0.4113,0.0728
-0.2684,-0.4429
0.3790,-0.1106
0.0118,0.1379
0.3004,0.7144
-0.5035,-0.7216
-0.3337,0.0538
0.5789,0.0039
0.1899,-0.3698
0.1484,-0.1108
0.1572,0.3234
0.2862,0.1007
-0.1932,1.0029
-0.3787,-0.4465
-0.2366,-0.5885
-0.0904,0.3087
-0.1091,-0.2410
-0.2930,-0.7840
-0.2468,-0.1823
-0.3921,-0.2736
0.1422,0.2365
0.2531,-0.1258
-0.0866,-0.6858
0.3318,-0.3443
0.0231,-0.2277
0.3520,-0.3002
0.6557,0.5323
0.4958,0.1529
0.4670,0.2702
-0.2871,0.4238
0.2572,0.0883
-0.1189,0.3153
-0.0889,0.9498
-0.0418,0.3999
-0.1512,-0.4618
0.3217,0.0907
-0.0042,0.4929
-0.0160,0.7373
0.4279,0.1101
0.3584,0.7747
-0.1594,0.2022
0.1434,-0.2609
-0.0279,0.0660
-0.1576,0.1466
0.1478,0.0438
-0.3724,-0.2607
-0.5066,0.1490
0.2027,-0.1035
-0.4635,0.3058
-0.0682,0.4928
0.1052,-0.3937
-0.5591,-0.2773
-0.1311,0.2456
-0.1716,-0.1460
0.5770,0.0769
-0.4086,-0.2494
-0.8456,-0.8076
-0.1901,-0.4027
0.3357,-0.2512
0.4895,0.0379
0.3889,0.5419
0.1074,-0.1367
0.3968,0.2455
-0.6232,-0.7772
-0.1038,-0.4877
-0.2363,-0.0027
-0.2141,-0.0998
-0.1144,-0.4253
0.3439,-0.1928
0.1372,0.2043
-0.2640,-0.6060
-1.0049,-0.9202
0.2866,0.2630
0.2831,-0.1234
0.3350,0.2056
0.0129,-0.2640
0.2636,0.4646
-0.0965,-0.4626
-0.4539,-0.2604
-0.5070,-0.2562
-0.2820,-0.6919
-0.3662,-0.5895
0.0095,0.1978
-0.2785,-0.3389
-0.5446,-0.2569
-0.0547,-0.2744
-0.3064,-0.4506
-0.0753,0.3442
-0.0122,-0.3222
-0.1805,-0.4803
-0.1421,-0.1042
0.0066,0.0284
-0.1521,-0.1142
0.1892,0.3929
0.1768,0.2837
0.0536,0.3927
0.2511,0.3944
-0.0313,-0.0187
-0.0674,0.2449
0.1357,-0.2014
0.4591,0.2889
0.0758,0.0768
-0.5434,-0.5071
0.5317,-0.1542
-0.1936,0.3906
-0.2947,-0.0468
0.2421,-0.1810
-0.0382,1.0766
-0.0764,-0.0046
-0.5243,-0.0533
0.0335,0.0945
-0.6984,0.2189
-0.2147,-0.0781
0.1515,-0.0919
-0.0666,0.2793
0.2601,-0.1807
0.2226,0.1725
-0.7634,0.4391
-0.3205,-0.6207
0.0457,0.1520
-0.0330,-0.0876
0.4487,-0.2925
-0.1311,-0.2563
-0.6527,0.1905
-0.1401,0.0236
-0.0818,-0.1013
-0.2621,-0.3412
-0.5846,-0.5319
-0.2089,-0.1389
-0.4969,0.0589
-0.4648,0.5804
0.3922,-0.3862
-0.2793,-0.5011
0.0349,0.2503
-0.4360,-0.7596
-0.1943,0.4361
0.2830,-0.0690
0.0248,-0.3276
-0.2627,-0.3171
-0.0042,0.2744
0.1060,-0.2002
0.2206,-0.3645
0.4723,-0.1214
0.2958,0.2415
-0.1750,0.1537
-0.1980,-0.4848
0.0558,-0.6283
-0.2722,-0.3487
-0.5114,-0.3497
-0.4389,-0.6713
0.2828,-0.2533
0.1962,-0.2274
-0.1076,-0.0304
0.3274,0.0541
0.8157,-0.2952
0.2188,0.0151
0.0591,0.0734
-0.1869,0.7378
-0.0420,0.0251
-0.1038,-0.5210
-0.4878,0.4622
-0.7746,-0.4000
-0.2750,0.0530
-0.2262,0.6079
-0.7046,-0.2500
-0.9489,0.1070
-0.1440,-0.4096
-0.2997,-0.3974
0.6279,0.3252
-0.3145,0.3595
-0.0461,0.1426
-0.1131,-0.0618
-0.3056,0.4746
0.2592,0.0497
0.4014,0.4129
0.1128,-0.2385
-0.2583,0.2524
0.3415,-0.1299
0.1721,-0.0822
-0.2064,0.4657
-0.0892,-0.5153
0.0463,-0.6070
0.0804,0.3228
0.1914,-0.0515
-0.3880,0.2279
-0.0380,-0.1253
0.4909,-0.1803
0.3978,-0.0254
0.1241,-0.1161
-0.1566,-0.5019
0.1327,-0.0029
-0.2471,0.2148
-0.0714,0.6241
0.1348,0.3203
0.0200,-0.3148
0.4533,0.0096
0.3947,0.7997
0.3962,-0.2212
0.2630,-0.0036
-0.0078,0.4827
-0.0248,-0.1666
-0.1641,0.3538
0.1797,0.2163
0.0470,-0.0618
0.1509,0.1947
-0.1406,-0.4745
0.1445,0.3245
-0.6041,-0.5397
0.1860,-0.2729
-0.0727,-0.1907
-0.0743,-0.3505
0.3834,0.3672
0.1562,-0.0127
0.8398,0.7305
-0.3002,-0.0821
-0.2086,-0.2072
-0.2957,0.3351
0.6686,0.4720
-0.2094,0.2615
0.4112,0.4460
0.4361,0.1664
0.1457,-0.0444
-0.0356,-0.4105
0.0112,0.3001
-0.1298,-0.0624
-0.2003,0.9640
-0.1384,-0.3226
0.2474,0.0856
0.2459,-0.0718
0.2013,0.1254
0.0876,0.1133
0.0189,-0.5915
0.0301,-0.3278
0.5452,0.3355
-0.3520,0.3206
0.1246,0.0362
0.0776,0.1255
0.1028,-0.3730
0.1930,-0.0864
-0.1500,-0.4822
0.3760,0.2028
-0.2447,0.5899
0.3892,-0.0445
-0.2970,-0.0798
-0.1000,0.5441
-0.6466,-0.3940
-0.2828,0.2155
-0.0009,-0.5817
0.0660,0.1856
-0.0621,-0.0084
0.0545,0.3400
0.0759,-0.0866
-0.5299,-0.2641
-0.3183,-0.3506
-0.0638,0.0932
-0.0638,-0.1311
0.4750,0.3044
0.4906,0.1389
0.1187,0.7831
0.3705,0.1102
0.2197,-0.0589
-0.1064,0.3742
0.1375,0.1743
0.3568,-0.4173
-0.0066,0.3391
0.5892,-0.0420
-0.2233,-0.3957
0.2151,0.4692
0.4391,-0.0325
0.2734,0.2259
0.4950,-0.5203
0.3571,0.0162
0.0118,0.3462
-0.0871,0.2855
-0.3805,-0.1111
0.3953,0.1011
-0.1290,0.4800
0.1083,-0.4310
-0.3328,-0.4972
-0.1455,0.2224
-0.2331,0.0790
-0.8768,0.0427
-0.6584,0.2156
0.0103,-0.0339
0.0972,-0.0783
0.3463,-0.2789
-0.0372,-0.6110
-0.1338,0.1432
0.3378,0.0678
0.3971,-0.7163
-0.4302,0.0615
-0.5898,-0.1599
0.6498,-0.2136
0.2958,-0.3045
-0.7365,0.1014
-0.1306,0.6845
0.3723,-0.1636
0.2167,0.5933
0.0487,-0.2028
0.0583,0.6816
-0.1662,0.3260
0.0537,0.0382
0.1118,0.0553
0.2905,-0.0441
0.2772,-0.3859
-0.0257,0.2484
0.4610,0.0743
-0.3971,0.5161
0.2035,-1.1124
-0.1351,-0.0833
-0.0497,-0.0793
0.4062,-0.4835
0.4260,-0.4995
-0.1364,-0.1923
-0.0436,0.4144
-0.1056,-0.3414
-0.4630,0.2653
-0.2765,0.1609
0.0369,-0.3672
0.0812,0.5521
-0.1934,-0.4523
-0.2145,-0.0547
-0.0577,0.6230
-0.1359,-0.0332
-0.4895,-0.5323
0.3299,-0.2852
-0.3016,-0.1303
0.0902,-0.2380
-0.3608,-0.2105
-0.0795,-0.1563
-0.4485,-0.3453
-0.1106,0.1868
-0.0914,-0.3651
-0.1726,-0.4101
0.0857,0.1073
0.0978,0.0470
0.0028,0.1795
-0.1163,-0.0813
0.5277,-0.0147
-0.0567,0.1481
0.1318,0.7813
-0.1779,-0.4002
-0.2442,0.0088
-0.0174,0.1422
0.1485,-0.4078
0.0747,-0.0398
-0.3857,0.5365
-0.2742,0.3274
0.1867,-0.0500
-0.1024,-0.7382
0.3332,0.0550
-0.2686,-0.7999
-0.0585,-0.4500
0.1705,-0.2551
-0.5120,0.4937
-0.6456,-0.3584
0.5749,-0.1599
-0.1302,0.2286
-1.0283,0.3961
-0.3303,-0.2304
0.3450,-0.2424
-0.2231,-0.3182
0.1914,0.1390
0.0999,0.2587
-0.6416,0.0130
0.1151,0.3593
0.2118,0.5009
-0.1663,-0.7632
-0.2267,-0.2833
0.1590,0.0593
-0.0197,-0.0712
-0.8739,0.6820
0.3135,0.1479
0.1694,-0.1108
0.1374,-0.3201
0.2137,0.0252
0.0796,-0.4590
0.0722,-0.1255
0.4102,0.8039
0.3107,0.2909
0.2277,0.6966
-0.1777,0.5763
0.0457,0.3046
0.1756,0.9019
-0.1779,0.3205
-0.1297,0.1046
-0.0018,0.4608
0.0309,0.4920
0.0994,0.2662
0.3828,-0.0033
-0.2185,-0.3112
0.1452,-0.5149
-0.2971,-0.0831
0.2392,-0.1054
0.1448,0.8681
0.0454,0.2454
0.5269,-0.4535
-0.2513,-0.1331
-0.1079,-0.0440
0.4705,-0.3797
0.2944,0.2578
-0.2590,0.0430
-0.0692,-0.2990
-0.0050,-0.3155
-0.7978,0.1126
0.7987,0.0891
0.2971,0.0099
0.5555,-0.8861
-0.4666,-0.2389
-0.5703,-0.3299
-0.2456,-0.3377
-0.0714,0.1059
-0.2858,0.0252
0.1459,-0.3167
-0.0211,0.1344
0.4631,0.2130
-0.0930,-0.2640
0.2991,0.5481
0.5523,-0.0931
0.5149,-0.0686
-0.1238,-0.0675
-0.4954,-0.1054
0.0539,0.2436
-0.1227,-0.0467
0.1955,0.2705
-0.1938,-0.4893
-0.0662,-0.0641
-0.3975,-0.1766
-0.1683,0.5683
-0.2150,0.1051
0.2954,-0.0899
-0.4915,0.1675
0.1826,0.0081
0.4085,0.4154
-0.4566,-0.6620
0.0903,-0.3290
0.0351,-0.1944
0.0977,-0.1584
0.2756,0.0162
-0.3215,-0.4083
0.2747,-0.3307
-0.6102,-0.3825
-0.1028,0.3400
0.0655,0.0574
-0.1156,-0.4149
-0.5085,-0.4657
0.0072,-0.5159
0.2657,-0.8784
-0.1463,-0.1143
0.1241,-0.3854
0.5704,0.3066
-0.2642,-0.5352
-0.3192,-0.4930
0.0033,-0.2883
0.3635,-0.0721
0.1879,-0.4404
0.5113,0.4251
0.1278,-0.0851
0.4625,0.4468
0.0532,-0.3276
-0.3139,-0.3860
0.3730,0.0512
0.3541,0.1555
-0.2780,0.3648
-0.1414,-0.2265
0.1968,-0.0223
0.2597,-0.1805
0.1576,0.2127
0.0569,-0.1965
0.5473,0.3058
-0.0022,0.2775
0.4162,0.6003
0.3418,-0.0338
0.3091,0.5270
0.4140,0.2167
0.4035,0.1496
-0.5339,-0.0859
-0.0870,-0.1445
0.2956,0.4560
-0.1823,0.7784
0.3006,-0.0270
0.3672,0.6581
-0.1567,-0.1390
0.2204,0.1683
0.1392,-0.3688
-0.0061,0.6088
0.0134,0.2541
0.4135,0.3205
0.4183,0.1153
-0.3987,-0.0714
0.3291,0.4944
-0.1750,-0.2701
-0.3475,-0.1229
-0.5862,-0.5417
-0.6129,0.9692
0.2334,0.3814
0.3915,-0.2121
0.1859,0.0724
0.2725,0.4646
0.2464,0.5764
-0.0168,0.3405
0.1529,0.0340
-0.0400,0.0247
-0.5137,-0.9380
-0.4087,-0.5761
0.2800,0.2392
0.1287,-0.2464
-0.1005,0.1535
-0.3291,-0.4768
0.4123,0.2382
-0.5797,-0.7989
0.4519,-0.1377
-0.0772,-0.3828
0.1692,-0.5147
0.2214,-0.1400
0.0796,-0.1477
-0.2396,-0.1834
0.0623,-0.6233
-0.7038,-0.5233
-0.0743,-0.0620
0.5706,0.5172
-0.0707,-0.8106
0.2964,0.1878
0.4230,-0.3467
-0.0238,-0.4460
-0.0903,0.6821
-0.0633,-0.1623
0.3531,-0.5465
0.2691,0.4877
0.3106,0.3043
-0.4976,-0.5660
0.1651,-0.1083
-0.2707,-0.4132
-0.1173,-0.1373
0.4617,-0.0258
-0.6210,0.1911
-0.6611,-0.1981
-0.0159,0.0449
-0.2102,-0.3507
0.2275,0.2390
0.3268,-0.3803
0.5355,0.4676
-0.3979,0.5463
-0.8680,0.1133
-0.3238,0.1075
-0.9282,-0.4607
-0.3858,0.5673
-0.4962,0.0763
-0.5359,0.4889
-0.5367,0.9802
-0.5921,0.2982
-0.2160,0.5510
-0.5739,-0.6879
0.0374,-0.2045
-0.1354,0.1401
0.1397,-0.0610
-0.8208,-0.6181
-0.3553,-0.2838
-0.5150,-0.4351
-0.7072,-0.4589
0.2103,0.8712
0.2355,0.2431
-0.2206,-0.0028
-0.2382,-0.1195
-0.0899,-0.0655
0.2108,0.3617
0.2351,0.4367
0.4445,0.4070
0.1352,-0.1233
0.2278,-0.2177
0.0223,-0.0151
-0.4661,0.3215
-0.0255,-0.0594
-0.1544,0.2791
-0.7964,-0.4408
-0.7084,-0.2542
-0.0822,-0.0292
-0.3691,-0.1019
0.5130,0.3134
-0.0331,0.1095
-0.2133,-0.1728
-0.0858,0.1989
0.3321,0.3171
0.3140,-0.2979
0.1509,0.4405
-0.3228,0.0005
-0.3117,0.5694
-0.1728,0.4938
0.0499,0.1470
0.4312,0.6647
-0.0208,-0.3594
0.3700,0.5166
0.1195,0.0092
0.7947,-0.0445
0.1976,0.1766
-0.1123,-0.0038
0.0522,-0.0912
0.6653,0.3707
-0.2529,0.8897
0.4080,0.0167
0.0470,0.6365
0.4062,-0.0840
-0.2198,0.0759
0.1039,-0.2910
0.2948,-0.2258
0.4542,0.1630
0.4651,-0.3902
0.1162,-0.3802
-0.2410,-0.1767
-0.1190,-0.2985
0.3473,-0.0093
0.4188,-0.1141
0.0798,0.8263
0.2770,-0.3646
-0.0307,-0.2665
0.0189,0.0247
-0.2573,0.0457
0.0680,-0.1640
-0.1340,-0.0766
-0.0489,0.2713
0.0019,-0.1775
0.2708,0.2320
-0.0874,0.0663
-0.0180,0.5983
0.1218,0.4370
-0.3330,-0.3795
0.3260,0.7185
-0.0017,1.2132
0.4327,0.2435
0.4111,-0.4153
0.1886,0.4576
-0.0463,-0.1884
0.1475,0.0571
-0.3312,0.2116
0.1118,0.9976
-0.1823,0.0868
0.3248,0.0501
0.0925,0.1973
0.2777,-0.1107
-0.1346,0.0525
-0.1610,0.1707
-0.0546,0.4986
-0.1577,0.3350
0.0795,0.7799
0.1087,0.5969
-0.0356,0.0596
-0.0809,-0.0852
0.4181,0.0184
0.0813,-0.3033
0.2308,-0.1118
-0.4628,-0.4995
-0.1076,-0.0646
-0.2166,0.5653
-0.1305,0.1514
-0.3732,-0.0652
-0.4408,0.1020
0.1655,0.2399
0.2514,-0.0348
0.4642,0.3935
-0.0174,-0.2470
-0.3880,-0.3918
0.5816,0.1055
0.1290,-0.1602
0.1916,-0.3287
-0.2928,-0.0770
-0.2756,-0.3894
0.2571,-0.1346
0.3051,0.1003
-0.2174,0.0651
0.0526,0.2377
-0.0056,-0.5689
0.0926,-0.0894
-0.2417,-0.1694
0.1945,-0.5308
-0.5500,-0.2272
-0.0563,-0.7935
0.0615,-0.5355
-0.2400,-0.4988
-0.3495,-0.3268
-0.2073,-0.9386
0.0988,-0.0440
0.0917,-0.4210
-0.4802,0.3138
0.0972,-0.2183
0.0781,-0.5759
-0.1265,-0.0404
0.2197,0.5613
0.0218,-0.0952
-0.1832,-0.3257
-0.6073,-0.3893
-0.3532,0.2616
0.0367,-0.4801
-0.3180,-0.4602
0.0706,-0.1138
-0.4901,-0.2313
-0.0674,-0.2799
-0.2899,-0.4393
0.0447,-0.4385
0.8513,-0.5091
0.1227,-0.4346
-0.1392,-0.3691
-0.3435,-0.0916
0.1803,-0.4752
-0.9067,0.5298
-0.2963,-0.0479
-0.4555,0.0572
0.0019,-0.4099
-0.3104,-0.4421
-0.0237,-0.4892
-0.0618,0.5029
-0.0465,0.6074
-0.3838,-0.5167
0.0498,0.0865
-0.2204,-0.4743
0.0609,-0.0045
-0.2040,0.2937
-0.1768,-0.2233
0.0702,-0.6568
-0.0829,0.0282
-0.0199,0.2435
-0.1693,-0.3955
0.5722,-0.1060
0.0783,0.7006
-0.4111,-0.7007
0.2513,-0.0250
-0.2880,-0.5679
-0.1539,-0.1366
-0.4661,-0.4116
-0.1454,-0.5267
-0.1263,-0.1536
0.5150,-0.0523
-0.0398,-0.5425
-0.0205,0.6208
-0.0249,-0.1615
0.2019,0.5592
-0.4171,-0.2868
0.1803,0.7095
0.2964,0.0592
-0.1662,-0.3788
-0.1305,0.2018
-0.5796,0.6222
0.2247,0.6163
0.1234,0.0946
0.0690,0.1906
0.1184,0.1793
0.3434,0.4526
-0.2089,-0.1255
0.4457,-0.1788
0.3907,-0.4017
0.1211,-0.2166
0.0505,0.0199
-0.2184,-0.4946
0.2967,0.0693
-0.3255,0.1012
-0.0523,1.2617
-0.0999,-0.1573
-0.0434,0.8180
-0.3817,0.2045
0.0180,-0.0761
-0.0287,-0.1990
-0.2079,-0.0832
0.3155,0.5062
0.5807,0.0756
-0.1050,0.5476
0.1733,0.0444
-0.4930,0.2129
