100
-27.475310 -1.852169
-111.182201 -163.363688
28.954400 329.976145
-104.393341 -211.098519
-11.982485 55.834180
25.018431 364.440350
-134.044343 -199.024103
-84.043490 180.161660
-41.632331 -231.238270
75.130184 282.028896
-106.235870 159.247605
26.290324 140.741412
10.169377 207.867990
-111.832182 -281.681843
76.363342 244.210380
-38.872650 -273.762401
184.922216 226.205208
-25.427566 -364.836563
-108.236493 19.427310
-36.149322 -190.409412
92.572761 378.839184
91.738403 340.819824
53.286631 96.381632
148.346388 255.610858
26.848865 -277.292655
4.537955 -51.771358
-38.206396 -308.949752
-5.884175 278.619167
-70.438617 -304.986936
139.277197 298.276111
61.931605 364.040647
-4.114998 -309.538596
-85.201035 -397.178063
-114.118397 -80.114815
153.311502 206.672721
103.479017 302.004616
-73.441677 -256.380739
31.044641 -235.129100
-73.853757 -215.502795
-102.152674 -244.703003
-77.679191 150.885979
-0.078382 -245.633039
15.020337 -17.664793
56.288201 206.251323
-25.774146 -84.127235
55.234725 40.529986
-41.646636 -118.907643
-18.635460 -156.513130
-16.188303 -111.918787
-105.997299 -6.362348
-160.549245 -84.387901
62.465735 130.518623
11.455340 -147.753397
116.223188 227.646966
86.556520 210.964035
-73.161582 23.910530
-42.974419 -338.584023
-18.878904 183.252840
51.168230 10.673406
-2.930610 -185.693791
-6.932504 312.845575
123.058519 331.195898
-103.994082 -361.050382
-6.690203 -392.862633
105.899774 111.603636
115.675008 177.195161
-71.636625 -166.156817
187.649537 258.792730
-68.925487 -51.681976
59.376596 -135.103533
7.485319 17.515505
14.684155 175.503351
161.183173 159.673735
-62.697567 -17.670933
-62.493799 -369.366702
-17.231036 144.441106
23.036055 -108.176963
63.726866 324.105476
-140.828157 -124.562169
-40.574942 81.095730
-78.726600 -337.622760
-37.294292 -37.691757
42.688207 -182.537717
181.184972 192.355944
68.341031 172.775946
-77.468164 -93.464738
9.776130 -342.708035
-169.195966 -156.784883
36.639992 288.754221
-45.088879 -400.059194
-91.706633 -125.469561
-112.691380 -323.507612
-11.370666 235.826008
109.375964 258.418023
125.839353 366.061893
-81.092053 59.371823
159.803383 333.806885
-134.769292 -239.138294
107.049646 81.572981
24.712618 63.026316
