0.5577,0.0662
0.7751,0.1614
-0.2759,-0.4053
-0.4235,-0.2727
0.0053,0.0751
0.5067,0.5602
-0.2420,-0.3382
0.2587,0.2304
0.6427,-0.6716
-0.4913,-0.3420
0.2011,-0.2240
0.3602,-0.0832
-0.4067,-0.2726
-0.3910,-0.5819
0.0175,-0.1344
-0.3197,-0.0903
0.0455,-0.6852
-0.4814,0.1536
-0.8651,-0.8493
0.8930,0.4560
0.2031,0.5609
-0.2948,-0.4972
-0.6611,-0.5148
-0.7071,-0.2188
-0.5562,-0.0841
-0.9502,-0.5830
-0.5626,-0.3817
-0.8243,-0.9772
-0.7400,-0.6916
-0.3849,-0.1034
0.1329,0.6139
-0.1004,-0.2918
-0.2150,0.4683
0.9816,0.4218
0.1579,-0.3369
0.0895,0.1145
-0.1742,-0.2138
-0.4175,-0.2366
0.9032,-0.0450
0.3747,0.5321
0.7689,0.0314
0.4202,-0.2037
-0.3988,-0.2118
0.3300,-0.0631
0.6442,-0.0321
0.5336,0.4545
0.1766,-0.1774
0.3495,0.6013
-0.2799,-0.0540
0.0839,0.4422
0.4108,0.4074
-0.0566,0.0959
0.1920,0.3517
-0.7149,-0.2172
-0.6631,0.0206
0.2715,-0.1163
-0.0063,-0.0628
0.4077,-0.0317
-0.7225,0.0207
-0.1024,-0.0024
0.6523,0.4642
0.0069,-0.5577
-0.1812,-0.2146
0.5338,-0.1786
0.1596,-0.0701
-0.0348,-0.0485
0.2263,0.4023
0.4548,0.4357
0.0123,0.1650
0.0364,0.1498
-0.1212,0.9613
0.7771,0.4455
0.0459,0.1697
-0.5078,-0.1011
0.5459,0.2279
0.1402,-0.3207
-0.1007,-0.0294
-0.3832,-0.0255
0.7239,0.0971
0.2821,0.3277
-0.2672,0.2943
0.3821,-0.0127
0.4747,-0.1936
-1.1353,0.0025
-0.8688,-1.0303
-1.0067,-0.9291
-0.0667,0.1436
-0.3115,0.0995
-0.4153,0.1826
-0.3643,-0.0444
-0.4399,-0.1874
0.6616,-0.1137
-0.7359,-0.1894
-0.2386,-0.2813
0.7090,0.2990
-0.2206,0.3761
0.3737,0.5977
0.9114,0.2974
-0.4104,-0.2557
-0.0445,-0.1475
-0.4013,-0.0742
0.4415,-0.0071
-0.2288,-0.2500
-0.1394,-0.2882
-0.2924,-0.1625
-0.2209,-0.1180
-0.5089,-0.3257
-0.7631,-0.0227
0.0371,-0.0899
-0.7778,-0.4863
0.4903,0.7995
0.4344,0.3131
0.5558,0.4508
0.6406,0.3978
0.9192,0.7120
-0.4726,0.2516
0.0198,0.3343
0.4493,0.4269
0.0003,0.0571
0.5840,0.9412
-0.1674,0.3968
-0.2341,0.8746
0.9625,0.6105
-0.4664,0.2917
0.2588,0.3419
-0.0208,0.0016
0.0650,0.0579
0.1479,-0.1917
0.1347,0.2314
-0.2064,0.2656
0.0363,0.0402
-0.0382,-0.0892
0.1838,-0.0129
0.7337,0.2472
-1.0747,-0.8111
0.2560,-0.2017
0.6842,-0.0835
-0.3243,-0.0862
1.0132,0.0486
-0.2210,-0.2570
-0.1132,-0.8099
-0.1903,-0.2548
-0.1805,-0.4290
0.1964,-0.4605
0.4117,0.4120
-0.1489,0.3629
-0.2492,-0.0649
0.0355,0.4267
0.4411,0.6082
-0.0373,0.6241
0.0875,-0.3933
-0.1084,-0.2852
-0.2473,-0.2242
-0.2395,0.3714
0.3295,-0.9990
-0.0644,0.2504
-1.0645,0.2292
-0.2690,0.7751
-0.0160,-0.0989
-0.3956,-0.6558
-0.1537,0.1184
-0.5203,-0.0277
0.9341,0.2730
0.6635,-0.1010
-0.2042,-0.3681
-0.5925,-0.3245
0.8872,0.1008
0.5066,0.3741
-0.5048,-0.3234
0.1639,0.4296
-0.0879,0.5976
-0.2104,0.4612
0.3933,0.3126
0.0697,0.3116
0.0869,0.3532
0.4272,-0.2478
-0.4229,0.0098
-0.1142,-0.6650
-0.7683,-0.5359
-0.7781,0.1469
-0.7742,0.1733
-0.2707,0.5800
0.3311,0.0362
-0.3137,-0.3103
0.1336,-0.0144
0.4273,0.5994
0.5876,0.0310
-0.3449,-0.3425
0.4302,0.6031
0.6144,0.4522
-0.2885,-0.1570
0.3331,0.5023
0.1011,-0.1409
0.1604,-0.0603
-0.0938,0.1758
-0.1599,0.1747
0.0346,-0.4315
0.0112,-0.5266
-1.1572,-1.1682
-0.7835,-1.1597
-0.1126,0.0152
0.0092,-0.5039
0.2725,-0.1916
-0.8280,-0.8454
0.9426,0.3436
0.7650,0.0237
-0.1482,-0.5905
1.1847,0.4640
-0.0502,0.5798
-0.5818,-0.3679
-0.7156,-0.1786
0.0997,0.1551
0.6330,-0.3878
-0.0967,0.2235
-0.2631,-0.3157
0.2981,0.3489
0.1228,0.9358
0.5224,0.0891
0.0774,0.0883
-0.4837,0.0583
0.2737,0.2098
-0.4778,-0.7089
-0.4958,0.2566
0.6405,0.0556
1.4447,0.1577
0.0914,0.7319
0.6092,0.4330
-0.0044,0.2638
0.0890,0.4733
-0.5924,-0.6750
-0.4711,-0.7463
-0.0564,0.1197
0.0090,-0.3244
-0.3774,0.0791
0.1138,0.6856
0.6264,0.5202
-0.1169,0.6521
-0.4176,-0.3142
-0.4625,-0.3244
-0.0794,-0.4146
-0.2878,-0.0687
0.3070,0.3118
0.7324,0.2755
0.0237,0.5369
-0.2603,0.1770
-1.0863,-0.2851
-0.4582,0.1198
-0.0636,-0.0011
-0.3723,-0.1048
0.3484,0.0647
-0.6038,-0.2456
-0.1289,0.1779
-0.0233,0.1106
-0.0849,0.2771
0.2966,0.4691
-1.0240,-0.5607
-0.1505,0.2020
0.2098,1.0315
0.4914,0.3704
0.0686,0.5131
-0.1959,0.1821
0.2783,-0.1543
0.0576,0.5001
0.2772,0.1551
0.3556,0.3253
-0.7512,0.1350
-0.6205,-0.2113
-0.1068,0.0100
0.1811,0.0254
1.0160,0.5127
-0.4446,-0.0466
0.0419,0.0206
-0.3053,0.0741
-0.7733,-0.4403
-1.2592,-0.9130
-0.5993,-0.3938
-0.7762,-1.0214
0.2076,0.1506
-0.7121,-0.7300
1.1597,0.4488
-0.4792,-0.1219
0.2903,0.5032
0.5166,0.5002
0.7001,-0.3159
0.1394,0.2018
1.0648,0.5549
0.1746,-0.0631
0.4167,-0.0916
0.0950,-0.1446
-0.6415,-0.6624
-0.5255,0.2484
0.5329,-0.2626
0.2944,-0.1971
0.2994,0.2862
0.5003,0.4675
0.3534,0.7768
0.5109,0.4269
0.0698,0.5620
-0.4328,-0.1431
0.2075,0.4227
-0.5319,-0.2647
-0.1735,0.0635
0.5645,-0.1158
-0.1534,-0.4681
0.0826,-0.4303
-0.0154,-0.1549
-0.3370,-0.1685
0.3364,0.1013
0.0948,-0.0293
-0.7999,-0.6408
-0.2420,-0.4587
-0.2048,0.0114
0.0028,-0.3637
-0.2042,-0.0631
-0.4876,-0.1980
-0.2019,0.4007
0.6359,0.6801
-0.3228,-0.3980
-0.1006,0.4648
-0.4964,0.5006
-0.8059,-0.4589
-0.9037,-0.2233
0.5813,0.5733
-0.2277,0.1644
-0.4365,-0.3069
0.1552,0.5427
0.1089,0.6159
-0.2310,-0.3149
-0.1118,0.4608
-0.5691,-0.7678
-0.0395,-0.1022
0.1381,-0.0551
0.1939,0.4766
0.5760,0.9483
0.6066,0.6214
0.0110,-0.0751
-0.0697,-0.7265
-0.4148,-0.1263
1.5980,-0.0142
0.0212,0.0219
0.2108,0.4490
0.1267,0.1738
0.5001,-0.1231
-0.4904,-0.1144
0.1828,0.4028
0.3185,0.0740
0.1785,0.0754
-0.1785,0.0478
1.0470,0.2557
-0.1039,-0.7579
0.1892,0.4255
-0.5675,-0.4126
-0.5369,-0.9954
-0.0260,-0.5408
-0.5279,-0.8969
-1.0318,-0.5202
-0.5452,0.2061
0.5638,0.1255
0.1366,-0.0173
0.0298,-0.6753
0.0014,-0.4977
0.5211,-0.0106
-0.3646,-0.3754
-0.0863,0.2492
-0.0884,0.1117
-0.2323,-0.2112
-0.1122,-0.4328
-0.0195,0.2271
-0.0462,0.3575
-0.1830,0.2962
0.1724,0.3404
-0.6538,-0.5208
0.0451,0.5013
0.6225,-0.1163
1.3298,0.1022
0.1330,-0.3759
-0.8174,-0.6682
-0.3880,-0.1658
-0.5697,-0.7900
-0.4166,0.1713
1.2690,-0.1051
0.5502,0.2666
0.6272,0.7238
0.4733,-0.7048
-0.3530,-0.1620
0.1602,-0.3433
-0.0604,-0.3320
-0.4099,0.3210
0.2534,0.0093
0.7158,-0.1526
0.0450,0.2841
0.2586,-0.2066
0.3559,-0.1460
-0.3885,-0.1828
-0.5862,-0.1826
0.2469,-0.2171
0.2238,-0.0479
-0.0375,0.2129
-0.0058,-0.2999
-0.6749,-0.6554
0.1760,0.0655
-0.6571,-0.0150
-0.0330,-0.1225
0.4743,0.3552
0.0588,0.1439
0.0051,-0.0999
0.4927,-0.1060
0.7720,-0.3927
-0.4396,-0.2438
-0.1327,-0.3040
0.4317,0.0374
-0.2503,0.0913
-0.2479,-0.2778
-0.0663,0.1287
-0.1857,0.2951
-0.0412,0.1015
-0.3251,-0.6772
-0.2220,-0.3064
-0.2180,0.0496
0.4249,-0.0175
-0.4959,-0.4532
0.0654,0.5441
0.3587,0.0385
-0.0048,0.1895
-0.6716,-0.4306
0.3719,-0.2240
-0.2588,-0.0409
-0.2477,0.5936
1.2950,0.8511
0.6925,0.0526
0.1327,0.7639
0.2109,-0.1088
0.3367,0.3468
-0.4560,0.1627
-0.0617,0.6674
-0.3202,0.1444
-0.3562,-0.7241
0.0186,0.2132
-0.6196,-0.4212
0.0278,-0.0176
0.0951,-0.3358
0.2048,0.3810
0.2611,-0.5617
-0.1644,-0.4381
0.8319,0.5044
0.0913,0.0635
1.3653,-0.0601
0.0097,-0.3312
-0.3702,-0.0969
0.4659,0.1829
0.1924,-0.2323
-1.1159,-0.1409
0.0615,-0.0415
0.3699,1.3448
-0.5232,-0.0259
-0.6169,0.0527
-0.0286,0.5417
0.9141,0.2456
-0.8129,-0.8715
0.1409,-0.5531
0.1450,0.7903
-1.0468,-0.8173
0.4904,0.1372
-0.3898,-0.3754
0.5381,-0.3193
-0.6638,-0.1376
-0.0051,0.2667
0.1639,0.6483
0.4453,0.2826
-0.1148,0.0191
-0.4961,-0.1329
-0.2139,-0.1478
-0.3534,-0.0333
0.7873,-0.2967
-0.4263,0.2838
0.1662,-0.0821
-0.5629,-0.0050
-0.6202,-0.4407
-0.6107,-0.6952
-0.6736,-0.5211
-0.8286,-0.5518
-0.2643,-0.4478
-0.6724,-0.0480
0.3564,0.1155
-0.0767,0.1259
0.3011,0.1752
-0.0245,-0.0742
-0.1396,-0.3608
-0.4372,0.1672
-0.4344,-0.1454
0.3325,0.2500
0.0666,0.6340
-0.4642,-0.1075
-0.1441,0.2119
-0.1939,-0.4933
1.3245,0.1086
0.1542,-0.0971
0.3799,0.0233
0.1250,-0.0758
-0.3552,-0.2859
-0.2870,-0.5380
0.6719,0.1118
-0.4038,-0.3398
1.3980,0.4784
0.2491,0.1606
-0.7871,-0.2799
-0.6237,-0.4501
-0.5130,-0.9023
-0.5402,-0.0277
0.2995,0.4664
0.1057,0.0137
-0.3874,-0.8327
-0.4541,0.5503
-0.4775,0.1436
-0.9725,-0.9603
0.1472,-0.2443
0.0925,0.7998
-0.1825,0.4570
-0.4383,-0.1853
0.4827,0.3270
0.1674,0.1461
-0.0588,0.0222
0.7155,-0.1904
-0.5761,-0.3584
-0.1476,0.2396
0.2990,0.3107
0.0654,0.0535
1.0469,0.3857
-0.0085,0.7685
0.6568,0.4915
-0.4669,0.0946
-0.5060,-0.4711
0.1409,0.1643
0.1883,-0.0414
0.5136,0.4871
0.6248,0.3400
0.1820,0.6826
-0.0213,0.0019
-0.4683,-0.7076
-0.1089,-0.2798
-0.5132,-0.3176
1.3260,0.6386
-0.3999,0.0907
-0.4776,-0.0196
0.0038,0.6505
-0.3138,0.2039
0.2165,-0.0628
0.2543,-0.0720
-0.7769,-0.5677
-0.1947,0.2468
0.4932,0.6061
0.1466,1.0741
-0.0922,0.4668
-0.5811,0.3459
0.1649,-0.1015
0.3369,0.2010
1.2335,0.0134
-0.0835,0.3539
0.6607,0.2903
-0.4501,-0.2346
0.1298,0.0940
0.5667,1.0833
0.0648,-0.2121
0.3524,0.5028
0.0530,0.6174
-0.1214,0.2052
0.0849,-0.0104
0.4790,0.3396
0.1029,0.5302
0.8954,-0.1483
0.5129,0.8924
0.2853,0.4983
0.7176,0.4985
-0.0640,0.1583
0.2294,0.4751
0.8593,-0.5098
-0.5125,-0.1619
0.2743,0.2607
0.1609,-0.0685
-0.0148,-0.9347
-0.1576,0.1668
0.3418,-0.2167
-0.1067,0.0913
0.1163,-0.3470
0.9293,0.8057
0.3218,0.2407
-0.3633,-0.6037
0.7330,-0.3385
0.4117,0.6799
0.4206,0.3830
0.7144,0.2410
0.0418,0.2212
-0.0868,-0.2876
0.4902,0.7798
0.1653,-0.3567
-0.3795,-0.7207
0.0934,0.3573
0.3205,0.3535
0.2862,-0.4207
0.4923,0.2571
0.2711,0.7860
-0.2039,-0.1301
-0.5716,0.1602
-0.2864,0.4525
-0.7581,-0.3786
-0.3728,0.1190
0.2167,0.1577
-0.4411,-0.0547
0.3703,-0.1311
-0.2933,-0.1923
-0.3298,-0.3980
-0.0437,-0.1637
-0.2195,0.1519
-0.1234,-0.3556
-0.1161,-0.2409
-0.4258,-0.4895
0.6446,0.4949
-0.5250,0.0960
-0.2329,-0.0574
-0.4167,-0.0976
0.7082,0.3175
-0.7333,-0.5674
-0.2468,-0.2633
0.3493,0.1110
-0.4365,-0.3271
-0.9059,-0.4543
-0.3064,-0.2103
-0.2254,-0.0497
-0.5094,-0.1715
0.2244,-0.1118
-0.3344,-0.0362
-0.4161,-0.3958
-0.6388,0.4012
0.1188,-0.3244
-0.6396,-0.1627
-0.2302,0.3329
-0.0569,0.0111
-0.2851,0.3257
-0.3345,0.0484
0.6263,0.3159
0.5382,0.5254
0.2158,0.5357
0.8444,-0.1678
0.2743,-0.3141
-0.0668,0.2773
-0.4435,0.1933
0.5860,0.2082
-0.7511,-0.5452
0.8291,-0.2714
-0.1201,0.1713
-0.1577,-0.0623
0.1421,-0.1198
0.6467,-0.1991
-0.4763,-0.1822
0.3314,0.5194
-0.1245,-0.0117
-0.0581,0.2709
-0.4861,0.1215
-0.0622,-0.0444
0.6448,-0.0083
-0.4663,0.2618
0.1976,-0.1072
-0.7780,-0.6514
0.3459,-0.2761
-0.4138,-0.3556
0.4528,0.3238
-0.1600,-0.1400
-0.7356,-0.4115
-0.0269,0.2400
-0.6073,-0.4470
0.4737,-0.0521
-0.0532,-0.0244
0.5238,0.2267
-0.3564,-0.3922
0.0028,0.2335
0.0923,0.4642
0.2131,-0.1401
-0.3394,-0.2306
1.0340,0.3539
0.5733,0.0630
-0.0380,-0.3072
0.0143,-0.3995
-0.0750,-0.2237
-0.1920,-0.1243
0.1058,-0.8406
-0.6914,-0.8801
-0.1911,-0.1564
0.0502,-0.0530
-0.4032,-0.6117
-0.3006,-0.2067
-0.2593,-0.4547
-0.5734,-0.7716
-0.5962,-0.6107
-0.5471,-0.3689
0.3291,-0.4005
0.9810,0.0758
-0.1738,-0.2201
-0.0951,-0.2532
-0.6744,-0.3530
-0.2196,-0.5673
0.3888,-0.1310
-0.3554,0.1541
-0.8075,-0.0922
0.2285,-0.2268
-0.8912,-0.4058
-0.1100,-0.8787
-0.2990,-0.6881
-0.6525,-0.3252
0.0630,0.5735
0.4264,0.5488
-0.0259,-0.1701
0.8687,1.3651
-0.1876,0.6909
0.0237,0.2738
-0.5601,0.2857
-0.5454,0.4332
-0.9938,0.1099
0.2119,-0.3493
0.1790,0.3267
-0.3933,-0.2929
-0.1479,0.1006
1.0354,0.3307
0.1173,-0.3327
-0.1657,-0.1344
-0.4558,0.1245
0.0087,-0.0316
-0.3842,-0.0481
0.0779,0.0389
0.1381,0.2349
-0.0503,-0.5353
-0.0128,0.0974
-0.2818,-0.3638
-0.2295,0.2737
0.2690,-0.2994
-0.5554,-1.1167
0.0105,0.3665
-0.2180,0.1911
0.0501,0.2118
0.2322,0.1390
-0.0493,-0.0276
-0.2861,0.2937
-0.1486,0.0903
0.1390,-0.2422
-0.5045,-0.3041
-0.3844,-0.3667
-0.2876,-0.3108
-0.0516,-0.5243
0.7354,-0.2881
0.8724,0.0013
-0.4573,0.0042
0.3238,0.1918
-0.0380,-0.1164
0.6653,-0.0789
0.1359,0.1717
0.1633,-0.0132
-0.4980,-0.2211
-0.3303,-0.4773
-0.1646,0.3390
-0.2026,0.3576
-0.3969,-0.0341
-0.3646,-0.3418
0.2934,-0.2932
-0.0921,0.4673
-0.6977,-0.4156
-0.8233,-0.6706
-0.4422,-0.3943
-0.1309,0.2445
0.0854,0.4496
-0.4146,0.0367
-0.4301,-0.2954
1.0203,0.3171
-0.1013,-0.1402
-0.1488,0.1609
0.4810,0.4558
0.2524,0.0671
-0.8257,-0.1936
0.3325,0.5370
0.7836,0.6924
0.1720,0.1234
-0.5685,-0.2398
-0.3916,-0.1200
0.4233,-0.2583
-0.2423,-0.9590
0.5536,-0.1554
-0.0389,0.4490
0.1649,0.1392
0.1777,0.0270
0.0185,0.3988
-0.3302,0.3025
1.4375,1.0290
-0.5628,-0.1363
0.1212,0.0201
0.0590,0.0464
-0.2994,-0.0434
-0.0559,-0.3548
0.1749,-0.2764
0.0427,0.2118
0.1643,0.0169
-0.3186,0.6723
-0.5333,-0.1978
0.1713,0.2573
0.6652,-0.0331
-0.1482,0.2212
0.0207,0.2051
-0.1329,-0.3402
0.0561,0.2153
0.4744,-0.2831
-0.3721,-0.3712
0.2511,0.3195
0.1775,-0.6369
-0.0075,-0.0656
-0.0730,0.1799
-0.2701,-0.5564
0.3123,-0.1365
0.9816,0.2617
0.8242,0.2519
0.6402,0.6557
0.5037,0.4546
0.0892,0.1698
0.9681,0.1129
0.0930,0.4807
0.5235,-0.3550
-0.0039,-0.1537
0.5003,-0.3042
-0.1084,-0.0371
0.1455,-0.1768
-0.5331,0.0706
-0.1411,0.0391
0.1649,0.4246
-0.2112,-0.1847
-0.3425,-0.1490
0.2438,-0.1298
-0.1482,-0.2446
0.9763,-0.1361
0.0175,0.3020
0.9234,-0.0725
0.3482,0.4576
-0.0177,-0.0148
-0.1782,-0.0963
-0.4339,-0.0442
0.4980,0.0055
0.1321,-0.0643
0.0264,0.0042
0.9734,0.1796
-0.0865,-0.2787
0.0368,0.1783
-0.4680,-0.3192
0.7151,-0.2881
0.0218,-0.1711
-0.1986,-0.2192
0.2429,0.1142
-0.0105,-0.0727
0.4234,0.2394
-0.1874,-0.2744
0.3790,0.6223
0.0536,-0.1524
-0.6180,-0.7871
0.6063,-0.1540
-0.2988,-0.4596
-0.1450,-0.4550
-0.0545,0.5850
-0.1222,-0.6485
-0.0813,-0.1222
-0.3122,-0.3039
-0.3398,-0.3855
-0.5125,0.4931
-0.0225,-0.2896
-0.6412,-0.3540
-0.4158,-0.5503
0.0412,-0.4490
-0.6551,0.3667
0.0754,-0.3156
-0.2716,-0.2046
0.2206,-0.1297
-0.1951,0.2645
0.3154,0.0912
0.8399,-0.0146
1.1019,0.4083
-0.1628,-0.1702
0.8267,-0.2699
0.3083,0.4287
0.2811,-0.2555
0.3134,0.2022
-0.0718,0.3624
-0.0795,-0.1296
-0.1336,-0.0894
0.7689,0.6832
0.8539,0.1834
1.3022,0.6993
0.2611,0.6335
0.0847,0.5438
0.0424,0.2054
0.3212,0.3810
0.4345,0.2559
0.0806,0.3395
0.8074,0.2189
-0.6887,-0.2809
-0.5272,-0.3399
0.0878,-0.0612
0.0243,0.3773
-0.5101,-0.1181
0.1372,0.2674
0.0895,0.1570
-0.1107,0.5488
0.5707,0.5867
-0.2318,0.1180
-0.9187,-0.2378
0.0811,-0.2672
-0.5540,-0.3156
-0.0569,0.2558
0.1964,0.5989
-0.0250,0.1401
0.3479,0.0602
-1.1634,-2.2157
-0.8354,-0.8102
-0.1032,0.0084
-0.1402,-0.3205
0.0294,0.4845
-0.9589,0.2491
-0.1351,0.5413
-1.0222,-0.1691
-0.7739,-0.3918
0.7921,0.5968
-1.3548,-1.4846
-0.4278,-0.6318
-0.6147,-0.7063
0.1656,-0.0712
-0.4645,-0.5656
-1.2009,-0.4083
0.2924,-0.2793
-1.0069,-0.4950
-0.2341,-0.2669
0.1001,0.1573
-0.2291,0.0445
-0.3055,-0.3343
0.1230,0.2258
-0.3645,0.0938
0.0133,0.5298
-0.5756,-0.1890
-0.2689,-0.0276
0.1703,0.0812
-0.1214,0.1770
-0.8901,-0.4193
-0.2846,0.2070
0.0245,0.2528
0.3585,0.1104
-0.1010,-0.4122
-0.1345,-0.0016
0.9838,-0.0139
0.6525,0.2147
0.1928,-0.0412
0.2457,-0.1612
0.8802,0.3970
1.3309,0.4095
-0.0454,0.0246
0.5424,0.3026
0.1073,0.5491
-0.2850,-0.0556
-0.2811,0.9425
-0.4146,0.2123
0.7518,0.6912
-0.1601,0.6521
0.4355,1.0051
-0.1512,0.4147
-0.6661,0.2078
0.2669,-0.1989
-0.7491,-0.1775
0.1810,-0.4527
-1.1914,-1.1650
-0.4080,-0.2709
-0.4529,-0.1668
-0.0272,0.1207
-0.2997,0.1992
-0.6347,-0.0773
-0.4525,0.1812
0.9119,0.6998
-0.4188,-0.0185
-0.2948,-0.5371
-0.2820,0.1214
-0.0691,0.0237
0.2154,-0.1365
-0.7599,-0.4885
-0.7396,-0.6791
-0.2235,-0.0366
-0.2278,-0.0374
-0.0468,0.0675
0.1926,-0.4892
-0.8592,-0.5261
0.6771,0.3457
0.3790,-0.1034
-0.3301,0.3671
-0.9139,-0.6162
0.4429,0.0708
-0.2489,0.0668
-0.1177,-0.0146
-0.6248,-0.4453
-0.2045,-0.1083
0.5087,0.5911
-0.2475,-0.4834
-0.2795,-0.1608
-0.0728,-0.3643
-0.1134,0.3146
0.9543,0.4916
-0.3206,-0.2322
0.9772,-0.0163
0.4602,0.0039
-0.6087,-0.3055
0.3613,0.3330
-0.5005,-0.2003
-0.0389,-0.7513
0.5445,-0.1372
-0.3558,-0.0124
-0.0634,0.1629
0.4385,0.3700
0.1252,-0.1427
-0.0247,-0.2073
0.4741,-0.0779
-0.3976,-0.3019
-1.1506,-0.9574
-0.8382,-0.5343
0.2102,0.2453
-0.5486,-0.8840
0.9033,0.4973
-0.5552,-0.1411
1.1524,0.3595
0.2685,0.1721
0.2011,-0.3345
-0.1172,0.2668
0.0014,-0.1037
-0.1494,0.2016
-0.7891,-0.6669
-0.9781,-0.8487
-0.1892,0.0028
-0.3890,-0.1222
0.1603,0.3466
-0.8577,-0.2063
0.5598,0.2026
0.2345,0.0349
0.2070,0.1280
-0.6886,-0.3584
-0.0596,0.2797
0.1805,0.5625
0.9903,0.3093
-0.1538,0.1414
-0.8394,-0.1507
0.2663,0.4393
0.0503,0.1924
-0.1795,0.0658
0.0972,0.1048
0.1716,0.2258
-0.5759,-0.5852
0.1913,0.1370
-0.1667,-0.5496
-0.0266,-0.1528
-0.0519,0.2536
-0.0629,0.0419
0.0516,0.0968
-0.2566,0.3333
-0.2551,-0.1050
0.4448,0.1491
-0.5870,-0.1457
-0.1654,0.0917
-0.0754,0.4256
0.1827,0.7041
0.1147,0.2998
0.0061,0.0223
-0.1506,0.1653
1.1241,-0.3632
0.2365,0.1448
0.8694,0.4264
0.2371,0.0010
0.2061,-0.1137
-0.2206,-0.2506
0.0209,0.3822
0.5792,0.1886
-0.7079,-0.6389
-0.4894,-0.5368
0.3795,-0.0923
-0.4079,-0.6337
-0.6466,-0.8880
0.5345,0.7111
-0.0563,0.3475
0.9287,0.2417
0.9595,0.4818
-0.3841,-0.4291
0.1834,0.0847
0.7104,0.1975
-0.1809,0.0101
-0.0156,0.0585
0.7087,0.8405
0.1043,0.1453
0.8792,0.0794
-0.0892,0.0976
-0.4743,-0.2123
0.0102,-0.4040
-0.5404,0.1638
0.0642,0.1661
-0.5318,-0.1481
-0.3288,-0.2996
-0.5272,0.1058
-0.2648,0.1752
-0.1693,-0.0858
-0.5714,-0.5334
-0.4971,-0.2545
0.1715,-0.1813
0.2232,0.1177
0.0350,-0.3748
-0.0887,-0.1368
0.7173,0.3427
-0.4731,-0.2231
-0.1409,0.0146
0.1941,0.4003
0.2030,0.2944
-0.3391,0.3698
0.3146,0.4238
-0.0680,0.3810
0.2506,0.3096
-0.0098,0.6692
0.7921,0.0580
0.4931,0.1929
-0.7084,-0.5984
0.6794,-0.5172
1.0007,0.2054
-0.2871,0.0990
0.8494,-0.0674
0.0165,0.0313
-0.0601,0.4156
-0.5577,0.0976
-0.5328,-1.1859
-0.1066,0.0277
0.0205,0.2932
-0.8936,-0.9366
0.3432,0.6090
-0.0487,0.2710
0.1731,0.1635
-0.4274,-0.0957
-1.1146,-0.6808
-0.2319,-0.2613
0.2161,0.3994
-1.1826,-1.2402
-0.7223,-0.6648
-0.9310,-0.3223
-0.2095,0.3403
-0.2750,-0.1562
0.6496,0.1227
0.4373,-0.5291
-0.2715,-0.3290
1.0500,0.5321
-0.2658,-0.4141
0.4998,0.2081
-0.1408,0.4747
0.4811,0.1671
-0.2511,-0.0848
-0.7121,0.2302
-0.2162,-0.1388
0.4220,0.2481
-0.5910,-0.3162
-0.1441,0.1169
-0.7823,-0.3562
0.4158,0.0484
0.5818,0.2758
0.4142,-0.2990
-0.7121,-0.5621
0.1204,-0.3742
0.0344,-0.3839
0.4224,0.1198
-0.2303,0.0524
-0.5858,-0.2937
0.2108,-0.0693
0.4726,0.5239
-0.1255,0.0995
0.5770,0.2543
0.6757,0.5711
0.6538,0.2278
0.2249,0.3375
0.6618,0.2632
0.1022,0.7259
0.2301,0.5126
0.3692,-0.1241
0.8017,0.4637
0.4619,0.0096
-0.5143,-0.5026
-0.4835,0.0269
-0.1585,-0.3803
-0.2786,-0.4311
0.5218,0.7399
-0.9251,-0.4030
0.0626,0.5218
0.4397,0.3858
0.3811,-0.2502
0.1053,-0.5485
-0.1445,0.3849
-0.8417,-0.0613
-0.1615,-0.2822
-1.0522,-0.5940
1.1042,0.0847
0.4017,-0.1893
0.0095,0.1550
-0.4908,-0.2203
-0.5625,-0.1696
-0.4186,-0.3624
0.0196,0.5439
0.3344,0.5521
0.2422,0.2886
0.0597,0.2237
0.1926,0.0841
0.6119,0.5419
-0.6276,-0.1444
0.1077,-0.3951
-0.7840,-0.7734
0.2278,0.2925
-0.2073,-0.2071
-0.4225,-0.4341
0.1553,0.2270
-0.2449,-0.8608
-0.2609,-0.0435
0.2185,0.0963
0.0101,0.4544
-0.1132,0.0818
0.8069,0.1809
-0.9071,-0.9477
-0.2097,-1.0397
-0.1019,0.0817
0.1914,0.1102
0.5263,0.4914
0.1316,0.2659
0.0218,0.3556
0.6902,-0.0197
1.1636,0.5671
0.3024,0.2416
0.4518,0.0346
0.4807,-0.1085
0.1098,-0.3811
0.7746,0.0309
0.1141,-0.0717
0.6678,0.1295
0.1180,0.4145
-0.2695,-0.6371
0.1977,-0.0200
0.2068,0.1437
-0.3895,-0.0719
-0.7893,-0.0971
0.2339,0.7380
-1.0752,0.2853
0.9559,0.2086
-0.0933,0.3726
0.6028,0.9037
0.3979,0.6029
0.2571,0.0665
-0.4290,0.0201
0.3329,0.3676
-0.2487,-0.0400
-0.1080,0.1197
0.3621,0.4697
-0.1247,0.4433
1.3067,0.5190
0.6811,0.4471
-0.5703,-0.5600
-0.4892,-0.5615
0.4983,0.0483
-0.4879,-0.2193
0.0459,-0.3476
-0.1452,-0.1165
-0.5609,-0.0192
-0.3315,-0.1448
0.3767,0.5451
-0.4617,-0.4033
-0.0494,0.1073
0.9906,0.2218
0.6634,0.0806
0.8076,0.0110
-0.7733,-1.3301
1.0036,0.4396
-0.2401,-0.2160
-0.2693,0.2050
-0.0009,-0.4105
0.5308,-0.0843
0.8377,0.7664
-0.1491,-0.4702
0.6926,0.0339
-0.1950,-0.1666
-0.5328,-0.4288
-0.2083,0.2074
0.5492,0.1529
-0.3019,-0.2505
0.4456,0.3066
1.2168,0.2809
-0.0954,0.1001
0.1669,0.5391
-0.0665,0.3612
0.0698,0.4253
0.2792,0.1311
0.6008,0.3165
-0.7392,0.4803
-0.8670,-0.1649
-0.8261,0.3489
-0.0181,0.4256
-0.4564,-0.4946
0.4552,0.0829
-0.1119,-0.0637
0.1004,0.0734
-0.7368,-0.2633
-1.4110,-0.0017
0.7315,0.6756
1.1759,0.3922
-0.2667,0.5155
0.2784,0.7185
0.5433,0.2825
0.0199,0.1595
-0.2754,-0.3038
-0.4982,-0.5431
0.2923,0.5110
-0.0468,0.1642
0.0691,-0.2885
0.0834,0.3741
1.0975,0.3516
0.1166,0.4421
0.7507,0.6084
0.2591,-0.2345
1.0564,0.6190
-0.4374,0.6938
0.3072,0.1629
0.0665,0.3156
0.4615,-0.0330
-0.2963,0.3832
0.7330,0.4628
0.2338,0.0492
-0.0125,-0.4427
0.3839,0.5995
-0.3264,0.3858
0.0363,0.1151
0.1340,0.3220
-0.4533,0.0921
-0.1978,-0.4448
0.1691,0.2232
0.3216,-0.4728
-0.2294,-0.1857
0.5230,0.1173
-0.0580,0.3752
-0.7180,-0.6276
-0.1844,0.4076
-0.5704,-0.7822
-0.1589,-0.0690
-1.0307,-1.0236
-0.1047,-0.0377
0.3524,0.7067
0.7294,0.7798
0.6330,0.6238
-0.0309,0.0417
-0.3154,0.2972
-0.7565,-0.1636
0.2875,0.4664
0.5590,0.4921
-0.9098,-0.9805
-0.0419,0.0278
-0.4092,-0.4010
0.0901,-0.1375
-0.1663,-0.3525
-0.2263,-0.5480
0.8130,0.2406
0.0307,-0.8004
0.8820,0.1780
-0.6176,-0.5767
0.4754,0.0209
0.2272,-0.2354
-0.1514,0.2000
-0.2888,-0.0932
0.0984,-0.3461
-0.7777,-0.7582
0.1191,0.3679
0.4147,0.1902
0.3767,-0.2677
-0.1574,0.2295
0.8930,0.7205
0.1896,-0.1208
0.2538,0.3032
-0.5015,-0.3554
0.4564,0.4264
0.2808,-0.0422
0.6390,0.1522
-0.1184,-0.8840
-0.0683,-1.2095
0.0668,-0.3415
0.1134,0.0934
0.6720,0.3506
0.0201,0.1173
-0.4031,-0.5419
-0.4484,0.2608
-0.2683,-0.5369
0.1310,0.5581
-0.3693,-0.3613
0.2622,-0.4957
-0.5151,-0.4132
0.2112,0.2090
0.6904,0.0792
-0.0916,-0.5352
-0.1321,-0.6496
-0.7648,-0.2337
-0.5426,-0.4751
-0.1938,-0.2243
-0.1590,-0.5766
-0.1695,0.2448
-1.0032,-1.0295
0.2413,0.1832
-0.7587,-0.0287
-0.0795,-0.1478
-0.3367,-1.0549
-0.3404,-0.1290
-0.3451,-0.1944
-0.8278,-0.5786
0.6024,0.3586
0.5862,0.5005
-0.4763,-0.0016
-0.3834,-0.1555
-0.1253,0.2662
-0.2523,0.4762
-0.6535,0.0125
0.4444,0.2370
0.8298,0.0940
-0.2585,0.0600
-0.5865,0.0249
-0.8439,-0.6372
0.1953,0.3404
-0.2321,-0.3309
-0.3613,-0.7303
-0.0072,-0.6548
-0.1371,0.0646
-0.0259,-0.8587
-0.2864,0.4863
0.0508,-0.2705
-0.5560,-0.1796
0.5836,0.0735
0.4557,0.3104
-0.0311,-0.0740
1.1202,0.2647
0.3773,-0.2571
0.7889,0.5214
-0.2501,-0.4899
0.0802,0.0644
0.8882,-0.0627
0.2393,0.1161
0.4141,0.5820
-0.2414,-0.0884
0.1784,0.4534
0.0135,0.3003
1.2540,-0.4243
-0.5485,0.4788
0.7762,0.0564
1.0024,0.0652
-0.1607,-0.0359
0.2989,0.3645
-0.7770,0.5109
0.2951,0.0322
-0.6275,-0.1642
0.5552,0.1990
-0.0027,0.3390
0.2143,0.2395
-0.0437,-0.4286
0.0959,0.8871
1.0386,-0.0279
0.6683,0.3598
0.1614,-0.1751
-0.2695,-0.2419
-0.2846,0.7211
-0.6694,-0.3061
-0.0644,0.1242
-0.7213,-0.7202
0.0987,-0.2977
-0.2035,0.2701
-0.3302,-0.0472
0.2420,0.8010
0.6556,-0.0871
0.5955,-0.1348
-0.5385,-0.9848
0.1202,-0.0268
0.1079,-0.2210
0.2685,0.0853
-0.2840,0.2057
-0.2828,-0.3499
0.3720,-0.2804
-0.4169,-0.0541
0.2372,0.2192
0.2176,0.3630
0.0945,-0.3111
0.4392,-0.4050
0.4516,0.5265
0.5352,0.2050
-0.2425,0.1699
0.0154,0.4552
0.6988,0.2683
-0.5662,-0.2375
-0.1837,0.2544
-0.1845,-0.3288
-0.0663,0.6648
-0.3888,-0.2265
-0.2935,-0.2433
0.4873,0.0813
-0.1765,0.1220
-0.5897,-0.5185
0.3359,0.8979
0.5864,0.1679
0.0203,-0.2619
0.7835,-0.0148
0.0262,-0.4804
0.1556,0.2944
-0.0759,-0.0636
0.4296,-0.2514
0.2550,0.6177
-0.2291,0.2711
0.0016,-0.0404
-0.6728,0.1386
-0.1960,-0.3474
-0.2805,-0.2817
-0.0228,-0.1245
-0.3927,-0.0839
0.4331,0.2557
-0.4796,-0.0745
0.1255,0.2883
-0.8662,-0.1287
-0.6791,-0.2997
-0.0746,0.0568
-0.4017,-0.4632
-0.2661,-0.0838
-0.1614,-0.2481
-0.3527,-0.0544
-0.3841,-0.1572
0.1482,0.1643
-0.0924,0.2132
-0.3626,-0.5673
-0.0366,-0.2953
0.1812,-0.1402
0.1349,0.4924
-0.1115,0.3875
0.8406,0.4485
-0.1761,0.3478
0.2240,0.0706
-0.1314,0.3848
-0.3699,-0.1355
-0.7500,0.5469
-0.2714,-0.5082
0.3796,0.1887
0.6901,0.5175
-0.2371,0.3699
0.2172,0.1070
-0.4787,0.6069
-0.8632,-0.1474
-0.2318,-0.0070
0.3800,0.3375
0.0214,-0.6286
0.4445,-0.2380
-0.4988,-0.1400
-0.3809,-0.3612
-0.4428,-0.0731
0.2538,-0.1192
-0.3720,0.4176
-0.0432,-0.2800
0.4348,-0.3850
-0.2848,-0.0508
-0.2807,-0.0868
0.3582,0.6156
0.6421,-0.4553
-0.1727,-0.4253
0.0447,0.2830
-0.6641,-0.3297
-0.5956,-0.1724
0.5904,-0.1351
-0.1713,-0.4656
-1.4840,-0.7476
0.1590,-0.5101
-0.2483,-0.0178
-0.2400,-0.1853
-0.7949,-0.6239
1.4362,0.0316
-0.6449,-0.3386
-0.1712,-0.0423
-0.5365,-0.1885
-0.0012,0.0396
-0.8899,-0.2844
0.2230,-0.1083
-0.5149,-0.2055
0.3138,0.2052
-0.3757,-0.5664
-0.3513,0.1295
0.3570,0.6201
0.3697,0.0791
0.2064,0.2485
-0.0436,-0.0101
0.7991,-0.0858
-0.4015,-0.3643
-0.1345,0.4939
-0.1749,-0.2176
0.2371,0.2779
0.6296,0.3530
-0.0222,0.3971
0.2859,0.0538
0.1026,-0.4035
-0.1157,-0.0006
-0.2552,0.5513
-0.4833,-0.5841
-0.6085,0.0048
0.0677,0.0233
-0.2317,0.1831
0.8435,0.3722
0.3499,0.0208
0.1738,0.2216
0.3561,0.1091
-0.1602,-0.0948
-0.3291,-0.3401
0.2987,0.4783
-0.0132,-0.0238
-0.1677,0.0900
0.3831,0.0768
0.9796,-0.1864
0.9191,0.3381
0.0082,-0.0984
-0.5002,-0.0011
