-0.1637,-0.1333
-0.0487,0.2569
-0.5071,-0.7439
-0.6903,-0.4385
-0.1868,-0.1801
0.0791,-0.0505
0.0158,0.1244
0.0838,0.0503
0.3150,0.2189
0.0380,-0.4240
0.3166,-0.0613
-0.2567,-0.2465
0.2149,0.1770
-0.1393,-0.5338
0.3541,0.2950
0.4587,0.0600
-0.2354,-0.2884
0.2804,-0.2268
-0.6418,-0.4212
0.3794,0.2654
0.4426,0.0980
-0.2217,-0.4372
-0.1530,-0.4124
-0.1145,0.0324
-0.0683,-0.2416
-0.1416,-0.1644
-0.3069,-0.0241
-0.2415,-0.0928
0.1497,-0.7037
0.3375,-0.1368
0.4836,0.1597
0.0428,-0.1461
0.1581,-0.1811
0.1724,0.4167
-0.1643,-0.4208
0.0728,0.2687
-0.7357,0.3741
-0.5611,-0.0284
0.1377,0.2024
0.1048,0.1530
0.1456,0.3839
-0.0242,0.0684
-0.4853,-0.0581
-0.1995,0.1224
0.0029,-0.2401
-0.1928,0.4658
-0.6509,0.0071
0.5299,0.5116
-0.6592,-0.2257
0.5277,-0.0659
0.3815,0.3444
-0.1188,0.1478
-0.0055,0.2386
-0.4688,-0.3566
0.3768,0.3181
-0.0569,0.2688
-0.2570,-0.0522
0.3554,0.2651
-0.9565,-0.1740
-0.5033,0.0972
0.0200,0.4179
-0.0815,-0.1356
-0.5735,-0.0107
0.7796,0.1992
-0.1694,0.0471
-0.3450,-0.1250
-0.0278,0.2466
0.1947,0.3641
0.1935,0.1763
-0.3148,0.2883
0.2698,0.0012
0.6853,0.6319
-0.0001,0.1002
0.4318,0.5438
0.3366,0.4748
-0.3667,-0.0315
0.0523,0.2105
-0.3342,-0.1655
0.0822,0.0630
0.3257,0.2318
0.0102,0.0817
-0.0605,0.2151
-0.3364,-0.3507
-0.8756,-0.1502
-0.3487,0.4809
-0.5725,-0.6490
-0.3021,-0.1428
-0.0923,-0.4492
-0.0294,-0.3595
-0.3354,-0.5663
-0.4534,-0.6127
-0.6468,-0.6761
-0.4390,-0.5709
0.2512,0.1392
0.0445,-0.2069
-0.2946,-0.4253
-0.0963,0.0624
-0.0247,-0.0456
0.2004,-0.1288
0.1394,0.1666
0.3608,0.4266
0.1180,0.0270
-0.0734,-0.0118
0.0649,-0.0891
0.0056,0.1027
-0.2665,-0.1345
-0.6741,-0.2054
-1.0903,-0.0554
-0.4167,-0.2790
-0.5284,-0.3740
0.7622,0.3073
-0.1599,-0.0143
0.2218,0.1696
0.8279,0.2700
1.0120,0.5201
-0.2210,-0.5781
0.5377,0.2185
0.3216,0.2330
0.2146,0.0622
1.0825,0.0475
-0.1155,-0.3674
-0.0610,-0.3490
1.3830,0.6891
0.2758,-0.2578
0.0979,0.0355
-0.4519,-0.1954
0.2716,0.5480
0.0734,0.0226
0.3015,0.3800
0.2242,0.2788
-0.1055,-0.2282
0.1549,0.0998
0.1608,0.2647
0.3954,0.3932
-0.8870,0.0537
0.9020,0.3267
-0.0202,0.2566
-0.1801,0.2407
0.2576,0.1804
-0.1036,-0.1553
0.0001,-0.0252
-0.4744,-0.1751
0.5842,-0.0485
-0.6701,-0.3246
0.5343,0.4634
-0.1419,0.1146
0.3418,-0.0323
-0.1388,-0.2050
-0.0234,0.0315
-0.2560,0.2997
-0.1551,0.5276
0.0891,-0.0476
-0.3123,-0.2303
-0.2331,-0.5965
-0.8989,-1.0062
-0.0735,-0.1337
-0.3185,-0.1575
-0.0536,-0.1397
-0.1110,-0.2388
0.3566,0.1532
-0.5286,-0.3094
-0.7563,-0.1022
0.4419,0.1306
-0.3798,-0.1805
0.8123,-0.1683
0.0272,-0.3574
0.0970,-0.1512
0.0122,0.1361
-0.4926,-0.5857
0.1000,-0.5898
-0.6510,-0.1349
0.4008,-0.1857
0.6352,0.3421
-0.1826,-0.2258
-0.2801,-0.2324
-0.1284,0.1170
-0.4045,-0.4930
-0.6430,-0.6195
-0.2849,-0.3564
-0.3143,-0.1401
-0.2991,-0.0841
0.1080,0.4517
-0.1236,-0.3468
0.0187,0.0066
-0.1099,-0.0749
-0.2786,0.1922
0.2982,0.1530
0.6959,0.0938
-0.1430,-0.0291
0.0005,0.0716
0.3473,0.5697
-0.3946,-0.1218
0.0575,0.1481
0.1679,0.0016
-0.0430,-0.1914
-0.6190,-0.1310
0.2894,0.1149
-0.3268,-0.7189
-0.8069,-0.7872
0.2192,-0.1461
-0.2687,-0.2278
-0.1598,0.2997
-0.2141,-0.1576
-0.4232,-0.2517
0.1510,0.0707
0.1543,0.0336
0.3276,-0.1854
1.0067,0.0114
-0.5834,-0.0679
-0.4463,-0.0857
-1.0717,-0.1846
-0.5624,-0.2291
-0.2955,-0.1681
-0.0952,0.1004
-0.6157,0.1196
0.2440,0.3918
0.1142,0.1181
-0.2078,-0.0618
-0.1895,-0.1828
0.0186,0.1880
-0.0699,-0.2310
0.1912,0.0350
-0.2730,0.1444
-0.1331,-0.1934
0.1405,0.1733
-0.1475,0.0424
0.2553,0.3028
0.0676,0.1726
0.1383,0.2610
-0.4549,-0.3891
-0.3268,-0.4535
0.2609,-0.0447
0.1444,0.1671
0.1042,0.0393
0.4450,-0.0703
0.9890,0.4560
0.1392,0.4687
0.2272,-0.3171
0.0474,-0.1000
0.0463,0.3092
0.2622,-0.1790
-0.0218,0.1629
0.2515,0.1714
0.0530,0.0515
-0.2562,-0.0470
-0.4883,-0.2855
0.1652,0.2229
-0.1793,0.0405
-0.2079,0.1481
-0.2617,-0.0508
-0.1634,0.0824
-0.3112,-0.2759
0.0240,0.0666
-0.6151,-0.2825
-0.0537,-0.2121
-0.3967,-0.1945
0.3410,0.1192
0.4383,0.2214
1.0509,0.9463
-0.1691,0.2241
-0.8353,-0.4025
0.2572,-0.1176
-0.0050,0.6969
0.0169,0.4207
0.2117,-0.0568
-0.2269,0.0230
-0.1074,-0.0874
0.2503,0.2554
0.2824,0.3600
0.3040,0.7940
-0.0799,0.0613
-0.0004,0.1566
0.2467,0.0102
0.0593,0.0507
-0.3688,0.0992
0.1216,0.1586
-0.2074,-0.2418
0.4686,0.0197
-0.1655,-0.3923
0.2837,-0.1607
0.5914,0.0103
0.5889,0.1738
0.5263,-0.0082
0.1337,-0.3995
0.2979,0.3993
-0.1247,-0.4532
-0.0046,0.1522
-0.1607,0.4226
0.5221,0.0207
-0.5708,-0.3271
-0.5127,-0.3383
-0.0124,0.3855
0.3720,0.4261
-0.1308,-0.1068
0.6612,0.6592
0.3307,0.0471
0.3819,0.1672
0.9422,0.5727
0.1309,-0.2954
0.3184,0.2457
-0.2678,-0.2445
-0.0331,0.2760
0.2633,-0.1685
0.5870,0.3135
-0.1379,-0.2908
0.7661,0.5473
-0.0512,0.1428
-0.8187,-0.0531
-0.2042,0.1686
0.1970,-0.0828
-0.3540,-0.0437
0.1143,-0.2550
-0.3338,0.4376
-0.5375,-0.0136
0.1615,0.0878
0.4305,0.7643
0.2665,-0.3847
-0.6164,-0.4664
0.3379,0.2991
0.3571,0.1680
0.0192,-0.1366
-0.0473,0.2190
0.2195,0.2523
0.1324,-0.5404
-0.1900,-0.0264
0.2321,0.0462
0.2911,-0.1646
-0.0138,-0.0831
-0.0290,-0.1188
0.0188,0.1912
0.0824,-0.2526
-0.1025,0.0897
-0.2396,-0.0023
0.5668,0.4291
-0.1276,0.0877
-0.1198,-0.3204
-0.1695,-0.6088
0.0744,-0.5258
0.2795,0.0132
0.3761,0.1969
0.0840,0.0456
-0.0002,-0.1201
-0.1365,0.5991
0.2134,-0.0549
-0.0659,0.2387
0.2205,0.0339
-0.0530,0.1138
0.3317,0.1738
0.4696,0.2599
0.0897,-0.0364
0.1069,0.2506
-0.5246,-0.1741
-0.3726,-0.5395
-0.0271,-0.0108
-0.1897,-0.3013
-0.6658,-0.0652
-0.2956,0.0489
0.0941,0.3037
-0.0658,0.1346
-0.2496,-0.4390
-1.1474,-0.2640
-0.2716,-0.1182
-0.9326,-0.0392
0.6125,0.2127
-0.0395,0.0127
-0.0485,0.1110
-0.8188,-0.1249
0.4398,0.2079
0.3346,-0.0283
0.1224,0.3621
0.0083,0.3505
0.0989,0.3040
0.1106,-0.1769
0.2035,0.0038
0.0263,0.0131
0.0046,0.3360
-0.3922,0.0407
0.1847,-0.0076
0.2289,-0.1785
-0.0641,0.2134
0.7155,0.4402
0.2325,-0.0146
0.8408,0.5444
0.1767,0.0396
-0.2516,-0.1171
0.7101,0.2524
-0.1065,0.0319
-0.3183,-0.1630
0.5593,0.4977
0.9524,0.1515
0.1588,0.1248
0.5245,-0.0385
-0.4651,0.4840
-0.1223,-0.2916
-0.5926,-0.0415
0.3909,0.1232
0.0298,-0.1180
-0.1501,0.3180
0.4046,-0.1301
-0.9197,-0.1523
-0.0442,-0.1306
-0.0819,-0.5221
0.0886,-0.1542
0.2057,-0.0599
0.3252,0.0351
-0.1818,-0.0163
0.1538,0.4913
0.1699,-0.3358
0.4671,0.0953
-0.1191,-0.2456
0.1573,-0.1188
0.0753,-0.1600
0.0190,-0.0364
-0.3640,-0.3602
-0.0500,-0.0489
0.2984,0.2238
-0.0566,-0.0709
0.4674,0.3746
-0.4171,-0.5435
-0.3781,-0.0419
0.2918,-0.2118
0.3333,0.2183
-0.4303,-0.4236
0.3934,0.2166
-0.0060,-0.1964
0.4775,0.2215
0.2596,0.0112
-0.3265,-0.0634
-0.2790,-0.2174
-0.2493,-0.2128
-0.1520,0.1506
-0.3440,-0.1742
-0.5447,0.2461
-0.6496,-0.5012
0.2157,0.2411
-0.2334,0.0385
-1.1531,-0.1465
0.0012,0.0364
0.1689,0.0310
-0.3360,-0.2628
0.4178,0.1448
0.1465,0.0705
0.3478,0.0335
0.0871,-0.0533
0.0964,-0.1701
-0.1223,-0.2129
-0.2281,-0.5682
0.6666,0.2578
-0.4387,0.0410
0.5403,0.2193
-0.3443,-0.1105
-0.7585,0.0610
0.6501,0.4652
-0.0335,-0.1873
-0.6932,-0.4536
0.3425,0.2951
0.3391,0.2865
-0.0940,0.0629
-0.1847,-0.2049
0.2136,-0.0293
-0.3652,0.1236
-0.5310,-0.5077
0.3782,0.3718
-0.2938,0.0437
0.5377,0.6617
-0.4618,-0.0891
0.0121,-0.1511
-0.7145,-0.0553
-0.3291,-0.1331
0.3938,0.1200
0.0070,-0.4206
-0.2348,-0.1887
-0.2017,-0.2913
-0.2503,-0.3425
-0.3840,0.0522
-0.0995,-0.5598
-0.4357,-0.2063
-0.5810,-0.3523
-0.1666,0.2344
-0.0943,0.0130
-0.7491,-0.1342
-0.1981,-0.1549
-0.2022,-0.2131
0.1197,0.0395
-0.1309,-0.0048
0.6628,0.5140
-0.1640,-0.0098
-0.0349,-0.2137
0.2940,-0.2460
0.0626,0.0155
-0.2877,0.0507
0.5712,0.5989
0.1804,0.0820
0.1840,0.1925
0.0235,0.3623
0.1021,-0.0201
0.0676,-0.1222
0.1960,0.1207
0.1862,-0.1153
-0.0392,-0.3536
0.1879,-0.1613
0.8720,0.6366
-0.2318,-0.0426
0.5167,0.5177
-0.1196,-0.4327
-0.6098,-0.4357
-0.7352,-0.3564
-0.2526,-0.2513
0.1169,-0.1251
-0.2271,0.1603
0.0085,-0.0822
0.1502,0.1395
-0.9223,-0.5012
-0.0043,-0.2579
-0.5782,-0.1276
-0.2783,-0.1012
-0.2254,0.0223
-0.3474,-0.1889
-0.7868,-0.4366
0.5882,0.3099
-0.5195,-0.6324
-0.3568,-0.1402
0.4374,0.0780
-0.6006,-0.0764
-0.3643,-0.3560
0.1266,-0.1427
-0.0376,-0.3444
0.6124,0.6918
-0.1981,0.1276
0.2802,0.2600
-0.1267,0.2224
-0.8190,-0.3700
-0.2360,-0.1280
-0.4721,-0.4186
-0.1959,0.2848
0.3298,0.1111
-0.3066,-0.4750
0.4767,0.4140
-0.1086,0.2241
0.3348,0.1839
-0.0829,0.0129
0.3981,-0.2357
-0.3188,-0.1895
0.0071,0.0325
0.2422,-0.2369
-0.1882,-0.4174
0.1834,0.0926
0.5201,0.3256
-1.0215,0.0627
-0.2922,0.1958
-0.0037,-0.0474
-0.1847,-0.2336
-0.4828,-0.1323
-0.3186,-0.2485
-0.2487,-0.2781
0.4487,0.0557
0.2292,0.4412
0.0873,0.2183
0.1660,0.0663
0.2095,0.1948
0.3649,0.1746
0.1025,0.3927
0.2041,0.3667
0.3998,0.5321
0.3004,0.2625
0.0058,0.0121
0.0924,0.1089
-0.0971,0.1079
0.1667,0.1354
0.5812,0.5431
0.4224,0.0624
0.8559,0.8318
-0.0989,-0.5640
-0.0191,0.1232
-0.6805,0.0483
0.1086,0.2884
-0.2807,-0.1986
0.1922,0.2082
-0.2417,-0.8117
-0.5092,-0.2061
0.1189,0.3310
0.1759,0.0707
0.2570,0.3330
0.1972,0.1585
0.3783,0.4255
0.5391,0.5794
-0.8845,-0.2093
0.0176,0.1334
0.3365,0.0912
-0.8810,-0.1791
0.2060,-0.3887
-0.2200,0.1095
0.0293,0.3056
-0.3507,-0.1847
-0.3246,-0.5125
0.1588,0.4685
0.2839,0.3454
-0.2085,-0.2718
0.8279,-0.3049
0.8223,0.6408
0.0926,-0.1854
0.2464,0.0774
-0.4858,0.0021
-0.5598,-0.2571
-0.3831,0.0036
-0.5819,-0.3275
0.9071,0.2183
0.0781,-0.1257
-0.8831,-0.2695
-0.4676,-0.0638
-0.3450,-0.3221
0.6617,0.2599
0.0453,-0.0910
0.0393,-0.0161
0.0124,-0.0213
-0.2412,-0.1318
0.3805,0.4234
-0.3038,-0.3127
-0.0116,-0.2973
0.0599,0.2225
0.0518,-0.0474
-0.5677,-0.1139
-0.6569,-0.6018
0.6873,0.3882
-0.7181,-0.4604
-0.4685,-0.1904
0.1173,-0.0949
-0.0739,0.0598
-0.6224,-0.5571
-0.5348,-0.5030
0.0977,-0.1095
0.0458,-0.4232
0.1886,0.8026
0.3998,-0.2090
-0.3899,-0.2270
-0.4101,-0.3882
-0.0337,0.1360
0.1385,0.0710
-0.6458,-0.4106
0.5828,0.2068
0.2312,-0.0412
0.5431,0.0262
0.7580,0.3618
0.0598,-0.2506
-0.0271,-0.2099
0.1443,-0.1313
0.7302,0.1181
0.3083,0.2472
-0.3691,0.3455
-0.2613,-0.4126
-0.0027,0.1560
0.0241,-0.2549
-0.2536,-0.0829
0.0195,0.1054
0.0321,-0.2467
0.0087,-0.0750
0.0775,0.2082
-0.2985,-0.1982
0.2395,0.0442
0.5070,0.5291
-0.0615,-0.0828
1.2737,0.4556
0.0732,-0.0717
-0.0062,-0.1815
-0.3679,-0.1797
-0.2030,-0.2816
-0.0615,0.1069
-0.2745,0.0394
0.7885,0.6799
-0.5602,0.3570
0.1270,0.0703
0.1584,-0.0572
0.4765,-0.1068
0.1630,0.2942
0.1303,-0.1007
0.2420,0.1450
0.0576,-0.4189
-0.3891,-0.3427
0.1724,-0.0661
0.2363,0.2745
-0.2896,-0.0992
-0.2342,0.0463
-0.2496,-0.1613
-0.1396,-0.1412
0.4374,-0.4366
-0.2853,-0.2845
0.2915,0.2621
-0.1955,0.0601
0.2184,0.1233
-0.1275,-0.2365
0.3817,0.0343
-0.7906,-0.3041
-0.8767,-0.7150
-0.2184,0.0696
0.0079,0.3793
0.3370,0.0278
-0.1371,-0.2552
0.2105,0.1639
-0.2136,0.1922
0.1515,0.2195
0.3417,0.1185
-0.4649,-0.4490
-0.7928,-0.3938
-0.3577,-0.3705
-0.3318,-0.0357
-0.7768,-0.6910
-0.0428,-0.0701
-0.5229,0.2767
-0.4732,0.2568
-0.4037,-0.1978
-0.1222,-0.4788
0.3013,-0.0596
-0.1477,0.1269
-0.4049,0.1045
-0.2448,-0.2329
0.0862,0.2179
-0.1753,0.0336
0.3488,0.1591
0.6235,0.6534
-0.4999,-0.0811
-0.0080,0.2744
-0.0961,-0.4587
-0.3146,0.0039
-0.0186,0.1561
-0.3065,-0.2738
0.3387,0.0787
-0.0327,-0.0629
-0.0739,0.1395
0.2178,0.0092
-0.0275,0.2462
-0.0145,-0.1549
0.1238,0.1449
0.3297,0.1270
0.3844,0.0693
-0.8711,-0.2712
0.5157,0.1254
-0.0117,-0.6596
0.1313,0.1681
-0.6201,-0.3465
-0.1772,0.0500
-0.1035,0.1122
0.1153,-0.0549
0.0100,-0.3653
-0.3086,-0.2740
-0.3101,-0.2149
-0.9142,-0.6102
-0.3854,0.2455
-0.2847,0.0581
-0.1323,-0.2607
-0.0606,-0.0151
0.1114,0.1095
-0.1804,-0.2459
-0.4732,-0.1983
0.4356,0.1656
-0.0891,-0.1848
-0.1158,-0.4291
0.0850,0.5336
0.4727,0.0537
-0.1953,-0.0515
-0.0352,-0.1304
-0.2363,-0.0616
-0.2033,0.4764
0.1954,0.3784
-0.2759,-0.4640
-0.3168,0.5058
-0.8534,-0.1172
-0.1211,0.2992
0.3412,0.2085
0.2807,0.3733
-0.4658,-0.2072
0.2647,0.1660
0.0284,0.0295
0.4021,0.3595
0.1271,-0.0491
0.1200,0.1999
-0.2002,-0.0257
0.1478,0.0861
-0.2663,-0.1118
0.0477,0.0841
-0.2937,-0.0556
-0.3285,-0.0701
0.1242,0.1593
0.1811,-0.1224
-0.0524,0.2306
-0.1599,0.0918
-0.0770,-0.0304
0.5128,-0.0319
0.5501,-0.0020
-0.2680,-0.1110
0.1982,-0.0952
-0.1035,0.0339
0.4219,0.4211
0.4297,0.0143
0.2178,0.0428
-0.5364,0.1155
-0.3863,0.0367
0.1804,0.1963
0.0778,0.2339
0.0557,0.0632
0.0349,0.0024
-0.0766,0.1293
-0.7101,-0.4799
-0.2166,0.0665
0.0416,0.1450
-0.1855,0.2711
-0.0403,0.1221
-0.0838,-0.1945
-0.3874,-0.1352
0.3708,-0.1044
0.5860,0.5714
0.0077,0.1121
0.3772,0.5400
0.4842,0.3169
0.2277,0.3881
-0.0414,0.3765
-0.4837,-0.1127
0.0294,0.5255
-0.0727,0.1601
0.0916,0.1967
0.6231,0.8284
0.1408,0.4076
-0.1681,0.1220
-0.0433,0.1028
0.0245,0.0835
-0.5563,0.0263
0.3536,0.2062
-0.1009,0.3910
0.1890,0.1806
0.3048,0.7651
0.0347,0.2810
0.1774,0.1905
-0.2263,-0.0692
-0.0426,0.0744
0.1622,0.3245
-0.0491,0.2787
-0.1286,0.4729
0.4066,0.4586
-0.1516,-0.0685
-0.5636,0.0989
-0.2921,0.1888
-0.0998,0.2071
0.1662,0.0834
0.4408,0.2415
-0.4044,-0.0854
-0.3711,-0.0622
0.4510,0.3381
0.0181,-0.0485
-0.5584,-0.1749
0.0630,-0.2790
-0.0856,0.1049
0.3205,0.2654
-0.5901,0.1174
-0.0490,0.1880
0.2711,0.3029
-0.0419,-0.1080
-0.2396,0.0919
-0.2060,0.1302
-0.5376,-0.6247
0.1447,-0.0920
0.1467,-0.2045
0.0154,-0.0817
-0.1599,-0.3142
-0.1561,-0.0726
-0.4838,0.0192
1.1013,0.6682
-0.0636,-0.2954
-0.2237,-0.2220
-0.5953,-0.2058
-0.0395,0.0048
-0.1122,-0.1182
0.0394,-0.2735
0.1550,-0.0954
-0.1156,-0.1460
0.4358,0.0852
-0.1714,-0.0714
0.7812,0.4655
0.5431,0.5484
0.4758,0.2566
0.6253,0.3884
0.1848,0.3559
0.5037,0.0432
-0.0812,-0.2496
0.4920,-0.2613
-0.1827,-0.3410
-0.3649,-0.4124
0.1360,-0.0895
0.3554,0.1988
0.4587,-0.1867
0.6279,0.2715
0.4153,-0.0309
0.3000,0.1558
0.2704,0.1887
0.1957,-0.2276
0.4234,0.0795
0.5019,0.1823
0.7020,0.4250
-0.5443,0.1237
0.0528,0.0132
-0.3419,-0.4151
0.1932,0.5864
-0.3718,-0.5500
-0.1431,-0.1774
-0.4522,-0.6431
-0.0623,-0.2547
0.0893,-0.2744
-0.5779,-0.4456
-0.9793,-0.5666
-0.6825,-0.8986
0.1390,0.0200
0.1281,0.0230
-0.5567,-0.1702
-0.0176,0.2501
0.4586,-0.0951
-1.3208,-0.9683
-0.6950,-0.3941
-0.3100,-0.2841
-0.9874,-0.1722
0.2266,-0.0403
-0.3907,-0.1813
0.2342,-0.1918
-0.4858,-0.4355
-1.2534,-0.5933
0.8695,-0.0513
-0.8731,-0.6383
0.2877,-0.2346
-0.2557,-0.1477
0.0778,-0.4783
0.0121,0.0561
-0.6789,-0.4898
0.0419,-0.1740
-0.3162,-0.4538
-0.6466,-0.3996
-0.3799,-0.6452
0.2179,-0.2864
-0.6636,-0.8356
0.1097,0.0651
-0.6977,-0.5347
-0.1278,-0.2738
-0.4163,-0.2963
-0.6655,-0.1437
-0.2738,-0.0946
0.1249,-0.0469
-1.0628,-0.3337
0.2855,-0.2191
0.2283,-0.2755
-0.1752,0.0147
0.2238,-0.1036
0.1468,0.3596
-0.1424,-0.2216
0.4231,0.1017
0.5480,0.4084
0.2600,0.2468
-0.6214,-0.2212
0.8870,0.3047
0.1667,-0.0062
0.5925,0.1672
0.0864,0.2631
-0.1066,0.1882
0.3299,0.1594
-0.3678,-0.0736
-0.0139,-0.0408
0.0406,-0.1379
0.1284,0.1081
0.1069,-0.2231
-0.2015,0.0153
-0.0435,0.3307
-0.0428,-0.1391
-0.3049,-0.6582
-0.7043,-0.4161
0.0341,-0.2553
0.0298,-0.2662
0.2465,-0.0289
-0.0451,-0.0619
-0.6417,-0.6142
-0.1711,-0.2543
0.4560,-0.1477
-0.0189,-0.0473
-0.2103,-0.0559
-0.3295,-0.1818
-0.3229,-0.1536
0.1084,-0.0282
-0.1814,0.2216
-0.2702,0.1779
-0.4254,0.2886
-0.5953,-0.5638
0.1008,-0.2456
0.2728,0.3319
-0.3277,-0.0524
-0.0533,0.0597
0.2229,0.1767
0.0490,-0.1154
0.5143,-0.0519
0.3375,0.6699
-0.0334,0.0599
-0.2319,-0.1778
-0.8884,-0.6801
0.2122,-0.0015
0.0016,-0.3361
-0.1719,-0.0343
-0.5429,-0.1594
0.0505,-0.2368
0.5513,0.6296
-0.4020,0.6673
0.2877,0.3724
0.7811,0.0847
0.2439,0.6745
-0.0959,-0.0314
-0.1537,0.0683
-0.2948,-0.4748
-1.1307,-0.6231
0.2633,-0.0541
0.4177,0.2826
0.1774,0.2570
0.3870,0.1791
0.0231,-0.0533
-0.1594,0.8255
-0.2269,-0.0657
0.1100,0.1506
0.4035,-0.0281
-0.2375,0.1653
0.4520,0.1361
0.1403,-0.3664
0.1311,-0.1130
0.5944,0.0300
0.4319,-0.0782
-0.1070,0.2293
-0.5239,-0.2134
0.2106,0.0738
0.1579,0.0846
0.5000,0.2307
-0.4707,-0.5150
-1.4276,-0.5239
-0.4516,-0.3457
-0.1896,-0.1873
0.1203,0.1192
-0.3163,-0.2544
-0.5316,-0.1945
-0.0321,-0.2148
-0.1055,0.0225
-0.5770,-0.0895
-0.0815,0.0380
0.1935,0.2088
0.1462,0.1641
0.2618,0.0494
-0.7229,-0.0612
0.6838,0.5019
0.1651,0.2571
-0.5909,-0.2909
-0.2111,-0.3425
0.1644,0.0184
0.1680,-0.1244
-0.0825,-0.3261
0.2327,-0.2959
-0.3529,-0.5010
0.2498,-0.0127
-0.4126,0.0441
0.3998,0.0314
-0.3034,-0.3090
0.0042,-0.0182
-0.1226,-0.0581
-0.3331,-0.2490
0.3708,0.6694
0.0819,0.2179
0.3922,-0.2041
-0.1255,0.2030
0.0287,0.0696
0.0959,0.2143
-0.3345,-0.4093
0.6910,0.4493
-0.0131,-0.0939
0.1319,0.0902
0.2189,0.3394
-0.5808,-0.4822
0.8346,0.2322
0.3846,0.5371
-0.4393,-0.0749
-0.4035,0.1560
-0.7682,-0.5037
0.0561,0.1927
-0.5314,0.0367
0.6345,0.1531
-0.1402,0.1562
-0.3682,0.1896
0.3341,0.0002
0.3359,0.1988
-0.0082,0.2244
-0.5887,-0.3683
-0.2677,-0.2905
-0.5281,-0.2349
-0.6592,-0.1336
0.3278,0.0815
0.1960,-0.3800
0.0398,0.0819
-0.1286,-0.0190
0.0196,0.1024
-0.4134,-0.0373
0.1071,-0.4716
0.2327,0.0549
0.1393,0.0605
-0.4868,-0.0783
-0.2247,0.1874
-0.2129,0.2288
-0.8373,-0.3489
-0.1920,0.0909
-0.1210,-0.2596
0.0252,-0.0188
0.5747,0.0723
0.0474,0.1784
0.2498,0.2309
-0.4375,-0.1483
-0.1225,-0.0137
0.2164,0.2722
0.0232,0.0294
-0.2553,-0.0591
0.0818,0.3434
-0.5997,-0.0640
0.2394,0.2774
0.3627,0.3786
0.0517,-0.1749
-0.1605,-0.4498
-0.3686,-0.4804
0.1203,-0.2490
0.0415,0.0964
-0.1681,-0.1794
0.1660,0.2622
0.6032,0.4780
0.0922,0.3079
-0.3256,-0.1830
-0.6250,-1.1086
-0.5263,-0.2312
0.3960,-0.0791
-0.4934,-0.3867
-0.2754,0.0829
-0.4007,-0.2935
0.2226,0.1986
-0.0968,-0.2500
-0.0855,-0.3603
0.6194,0.4266
0.1968,0.2867
-0.7182,-0.2252
0.1014,-0.1962
-0.1667,-0.3540
-0.0756,-0.2613
-0.5163,0.0230
-0.6219,-0.0574
0.7275,0.2372
-0.0494,-0.4895
0.7011,0.5178
-0.1476,0.0466
0.2940,-0.3512
0.6890,0.2880
0.2686,0.2214
0.0650,0.1013
0.3505,0.5475
0.2542,-0.1232
0.4789,0.1391
0.0610,0.1024
0.0826,0.1323
-0.3971,-0.1591
0.6888,0.6832
0.2380,0.3612
0.4924,0.3106
0.4718,-0.2493
-0.5520,0.1205
0.1971,0.1876
0.5053,0.0203
-0.4683,-0.4113
0.0220,0.0877
0.4956,0.2409
1.0356,0.6977
-0.2803,-0.0234
0.4632,0.4429
1.1831,0.5043
0.2364,0.0618
0.3582,0.4344
0.3807,0.5123
0.5834,0.1154
-0.0850,-0.1736
0.8159,0.3231
-0.3519,0.2744
0.3856,0.5193
0.3993,0.0661
-0.0979,0.2970
0.1810,0.2587
-0.2936,-0.2124
-0.0224,0.2763
-0.3623,-0.2595
0.0301,0.3075
-0.5816,0.3756
0.2225,-0.0048
0.3559,-0.0551
-0.1278,-0.1475
-0.9081,0.0219
0.0528,-0.0971
-0.5540,0.0429
0.3492,0.0765
0.1147,0.1028
0.1684,-0.1091
-0.0914,0.0335
-0.1684,0.0491
0.3846,-0.2015
-0.3199,-0.0465
0.1486,-0.2217
0.3623,0.4542
0.4694,0.4354
-0.4528,0.0216
0.5415,0.1199
0.1838,0.2506
-0.2316,0.1351
-0.8493,0.0673
0.2501,0.3260
0.1293,0.2781
0.5677,0.3684
0.4121,0.1982
-0.3016,-0.1921
0.1969,0.0622
0.7834,0.4044
-0.3175,-0.1998
-0.5404,-0.5549
0.8201,0.1683
-0.2785,-0.2035
-0.1701,-0.0732
0.0436,0.0749
0.0993,-0.2413
-0.0650,-0.0365
1.1269,0.3057
0.0978,-0.2082
0.3068,0.0336
-0.1441,0.0612
0.4583,0.1524
0.1136,-0.2425
0.4066,0.4311
-0.3251,0.0114
0.5529,0.5234
-0.2539,-0.1315
0.6944,0.3844
0.0794,0.2072
0.2111,0.0861
0.5850,0.5619
0.3374,0.3115
-0.0230,0.0122
-0.2146,0.0463
-0.0627,-0.0065
0.1250,-0.0018
0.9874,0.6755
0.3161,0.5597
0.1589,0.0837
0.2720,0.0602
-0.0842,0.2881
-0.1234,0.2731
0.0048,0.0950
0.1532,0.0312
0.2819,0.1963
0.4767,0.2712
-0.3477,-0.1971
0.4959,0.1993
-0.3843,0.4593
0.3909,-0.0325
-0.4895,-0.0149
-0.0949,-0.0518
-0.7470,-0.3434
0.2688,0.0164
-0.3912,-0.3952
-0.4391,-0.2191
0.2635,0.2517
-0.0414,-0.2450
0.0336,-0.0202
0.6439,0.3095
0.2072,0.2007
-0.2953,0.3067
0.3446,-0.0326
-0.6227,-0.7431
-0.2221,-0.3233
0.1257,-0.0009
0.0472,-0.1489
-0.7462,-0.4170
-0.1670,-0.2929
0.8111,0.6299
-0.0511,-0.2028
0.1671,-0.3141
0.5455,0.2064
-0.0219,-0.2085
-0.2983,0.1489
-0.3095,-0.2476
-0.6526,-0.5545
0.5162,0.0832
0.6923,0.3036
-0.0064,-0.1182
0.6688,0.9027
0.4273,0.3525
0.1871,0.1565
-0.2032,-0.1604
-0.0594,-0.1287
-0.2669,0.3096
-0.9116,-0.6979
-0.1648,-0.4023
0.5794,0.2058
0.2532,0.2727
0.1003,0.2686
0.1843,-0.3721
0.3496,0.0471
-0.5909,-0.6767
-1.1469,-0.4709
-0.1784,0.1161
-0.2140,0.2342
0.7507,0.0136
0.3229,0.4110
0.5381,0.1648
0.2485,0.3127
-0.1272,-0.1315
-0.1918,-0.0177
0.2106,0.4051
0.1205,0.3389
0.0379,0.0729
0.1166,0.2314
0.7004,0.4415
0.3049,0.6369
0.7933,0.8824
0.1139,0.1512
0.5435,0.4412
0.0097,0.1736
0.5050,0.5501
0.0540,0.3804
0.5340,0.3431
0.4472,0.1868
0.8141,0.4655
-0.5627,-0.1535
0.0374,0.1564
0.0633,0.1911
0.2717,0.2296
0.1499,0.1353
0.2803,0.2643
0.3744,-0.1192
0.4364,0.2250
0.5337,0.4383
-0.1963,-0.3917
0.0466,0.1982
0.2567,0.2754
0.3715,0.3291
-0.1407,-0.2559
0.3882,0.4051
-0.3627,-0.0511
0.0192,-0.2955
-0.6805,-0.1941
0.3501,0.5170
0.0699,0.4417
0.2222,0.0565
0.4434,0.3151
0.2896,0.2028
0.1873,0.0871
0.3207,0.0424
0.2369,0.2203
0.4191,0.2113
-0.9012,-0.2598
0.0639,0.1017
-0.0110,-0.0079
0.2176,-0.1882
-0.1597,0.1430
-0.5364,-0.2390
0.1379,0.2953
0.0127,-0.3279
0.4497,0.1777
-0.2823,-0.4266
0.2183,0.2136
0.1685,0.0806
0.4173,0.1687
0.2128,0.3770
0.0822,0.2714
-0.3304,-0.4155
0.2826,0.3911
0.8455,0.4916
0.4302,0.0387
0.3834,-0.0984
0.9562,0.5081
-0.0652,-0.0888
0.7760,0.6749
0.0035,-0.4860
0.3124,0.1630
0.2000,0.0538
0.6706,0.5471
-0.2209,-0.5011
0.7110,0.1564
0.4481,-0.2293
0.3981,-0.0474
0.2333,0.1595
-0.8563,-0.2861
-0.1926,0.0719
0.0820,-0.0296
-0.2186,-0.4418
0.7087,0.4442
0.1297,0.4214
0.4175,0.6846
0.1662,0.1425
-0.0298,0.1104
0.2006,0.4775
-0.4795,-0.0261
0.2954,0.6014
-0.0345,0.4352
-0.0691,0.0066
-0.0435,0.3624
-0.0271,-0.0413
0.0108,0.0974
-0.7383,-0.7055
0.2930,0.0449
0.1276,-0.1239
0.0360,0.0711
-0.2369,-0.4563
0.0095,-0.0092
-0.5363,-0.1015
-0.6824,-0.3526
0.5313,0.4796
0.4954,0.8551
-0.2517,-0.0192
-0.2010,0.3391
0.2720,0.4721
0.2968,0.4308
0.0870,-0.1430
0.2277,0.3388
0.4286,0.2978
0.2182,0.0246
0.6823,0.4185
-0.5446,-0.5787
-0.4619,-0.3987
0.0650,-0.1158
-0.4715,-0.0766
-0.7164,-0.5104
0.1138,-0.0005
-0.0022,-0.4265
0.6436,0.5492
0.1158,-0.1744
-0.1721,-0.4319
0.0571,-0.0970
0.4791,0.4656
0.0652,-0.3162
0.2960,0.0773
0.1434,-0.1880
0.4615,0.1468
-0.1742,-0.2292
0.1177,0.2156
1.1014,0.5760
-0.0698,0.0402
0.6647,0.1214
-0.2086,-0.1868
0.3498,0.3337
-0.1088,-0.3723
-0.5535,0.9297
-0.3292,0.1010
0.6469,-0.4468
0.0061,-0.1114
0.1422,0.0706
0.1978,-0.2317
-0.0450,0.0180
0.2847,0.1696
-0.7867,-0.3930
-0.0099,0.0821
0.4588,0.2629
0.2005,0.4400
-0.3642,-0.1344
-0.2835,0.2688
0.3642,-0.2221
-0.1970,0.1324
-0.2101,-0.1172
-0.5301,0.0589
0.0810,0.4126
-0.3712,-0.0449
0.0971,0.3139
0.5422,-0.0611
-0.4811,-0.1962
0.2698,0.1006
-0.2430,-0.1643
0.3307,0.5337
-0.0579,0.2418
-0.0509,-0.0020
0.4814,-0.0778
0.7600,0.3848
-0.1965,-0.1967
0.1629,0.1822
0.4397,-0.4897
0.5983,0.5852
0.3053,-0.0045
0.2033,-0.2721
0.1358,0.1725
0.2887,0.0603
-0.6111,-0.4157
-0.0467,-0.9549
0.3508,-0.3895
-0.9208,-0.6275
-0.0518,0.1536
0.2269,0.2046
0.3857,0.1146
0.0783,-0.4295
0.4645,-0.6040
-0.2176,-0.5506
0.3786,-0.1899
0.2369,-0.2017
0.2882,-0.2941
0.4157,-0.1267
-0.3842,-0.4424
-0.0147,0.1331
-0.2521,-0.5611
-0.1712,0.0176
-0.2667,-0.1145
-0.1748,-0.2158
-0.0144,-0.1263
-0.0398,-0.2489
-0.0285,0.2531
-0.0738,-0.4169
0.3986,-0.1150
0.1986,-0.3274
0.1187,0.0711
-0.4975,-0.1372
0.2585,-0.1612
0.2342,-0.2347
-0.3591,-0.2673
-0.0347,-0.1814
0.2924,0.0870
0.3773,-0.0638
0.5208,-0.1041
-0.2252,-0.3296
-0.1294,0.1334
-0.1736,-0.1142
-0.1208,-0.1349
0.4605,-0.0603
-0.1450,-0.1037
-0.5043,-0.5244
-0.1934,-0.0148
-0.7582,-0.6189
-0.0466,-0.1647
-0.3691,-0.4499
-0.2077,-0.1568
-0.2013,0.4668
-0.1364,0.3831
-0.2166,0.3362
0.1942,0.4543
0.3595,0.5038
-0.0525,0.2478
0.6157,1.2025
-0.3668,0.0166
0.4462,0.7021
-0.0292,0.4141
0.4802,0.0791
0.2394,0.1216
-0.3776,-0.3622
0.0978,0.4260
-0.1219,0.0821
0.0295,0.1578
-0.0314,0.4113
-0.3280,0.5774
-0.3193,0.1718
0.6277,0.2042
-0.0952,0.4274
-0.4776,0.4327
-0.0888,0.1029
-0.5322,-0.4532
0.4274,0.3295
0.3272,0.3752
0.5645,0.1235
-0.0931,-0.0932
-0.4466,-0.1773
0.5116,0.0783
-0.2192,-0.3131
-0.1861,0.0310
0.1437,0.2053
-0.4630,-0.0980
-0.1436,0.2536
0.1299,0.5579
-0.2791,-0.1390
-1.1855,0.3007
0.4283,0.6386
0.7764,0.6335
0.0593,0.4953
-0.3831,-0.0280
-0.1621,0.2988
-0.6188,0.1150
-0.3829,0.2271
-0.4241,-0.1382
-0.4681,0.2192
-0.4653,0.3751
-0.8165,0.2167
-0.6047,-0.0792
0.2195,-0.1286
-0.3676,0.0189
-0.3033,-0.4012
-0.2935,0.1498
0.5050,-0.0593
-0.3621,-0.0089
0.0628,0.0654
-0.2563,0.3300
-0.4120,-0.1336
0.0965,0.3194
-0.7517,-0.5564
0.0166,-0.1613
0.1014,-0.1803
0.6264,0.0343
0.0748,-0.3654
-0.0989,-0.4817
-0.4257,0.2431
0.2405,-0.6309
-0.1958,0.0322
-0.0632,0.0901
0.6597,0.2947
-0.1816,-0.0250
0.0493,0.0987
-0.3337,0.2920
0.5416,0.0059
-0.2592,-0.5375
-0.1746,-0.1805
0.3239,0.0761
0.0748,-0.0492
0.1922,0.0195
-0.3553,-0.1534
0.8085,-0.1437
0.6369,-0.2764
-0.2339,-0.2442
0.0936,0.3738
1.0018,0.4617
