100
-5.808856 10.705150
-24.744656 35.806435
69.196387 -56.718872
-35.424236 50.292852
-2.505961 -20.106501
73.229726 -64.778048
-27.246616 45.830950
48.852380 -2.873448
-45.337112 43.560861
44.450959 -64.820101
46.235165 4.426040
33.667518 -28.903294
45.390993 -34.846045
-45.226561 54.177607
33.087873 -46.730939
-52.817541 48.279598
21.035057 -70.226726
-60.981625 63.544249
8.442354 21.323444
-47.716719 33.388437
60.284215 -79.974028
60.597857 -70.994322
15.943797 -24.651632
33.690334 -64.567147
-34.622968 71.873916
-19.839495 -2.751659
-61.716574 38.766356
63.958187 -42.302148
-62.283935 47.095403
42.901384 -73.630572
69.012999 -73.881974
-71.058102 43.402470
-78.533497 63.463687
-14.350834 20.285032
22.413015 -61.083522
50.436428 -56.829840
-28.548484 62.555489
-18.623694 63.345700
-35.610012 42.047781
-27.656244 54.306534
41.421130 -1.356771
-23.682584 69.894022
2.667310 3.891748
27.025895 -39.671390
-30.673419 3.279992
15.383622 -9.633671
-38.468396 7.639790
-34.303684 24.335840
-32.224292 11.298019
2.258493 19.083393
2.431691 41.252931
23.677737 -27.029810
-41.635701 21.078491
44.121095 -47.006843
22.920727 -47.846154
8.433615 12.125325
-59.079404 55.442564
42.367781 -25.672644
13.211846 -2.145202
-39.877717 30.475920
70.900873 -47.276551
52.294352 -73.938307
-63.598667 71.839691
-69.480023 63.257716
34.026416 -15.211178
39.249687 -54.711549
-17.007908 42.386148
28.515643 -73.671300
-9.995329 2.705147
-51.001514 13.425926
-12.385184 -9.695614
50.164341 -27.225493
11.525472 -53.910334
-3.966397 -2.852682
-72.957264 71.785154
46.666353 -17.181499
-24.124861 23.193902
62.812943 -62.772742
-7.951649 44.195608
3.262442 -10.155942
-67.777546 54.381463
-15.667209 8.463698
-54.685210 24.809989
14.962588 -63.591082
18.204647 -37.872197
-8.294379 27.942374
-50.008703 63.248172
-9.459894 55.309178
58.552024 -52.107227
-53.928045 71.688648
-16.870085 30.532738
-76.293145 53.474041
55.102040 -36.479151
30.871521 -55.155755
54.269979 -65.257084
17.422086 12.572815
48.812873 -82.431521
-36.739503 59.198952
29.100086 -9.811139
7.327497 -20.345734
