0.2866,1.1290,0.3195,0.3173
0.3928,1.3378,-0.3389,-0.1118
-0.0293,0.1716,-0.3214,0.4798
-0.8340,-0.9367,0.2028,0.1186
0.0765,-0.3425,-0.2621,-0.0686
1.2724,0.9821,-0.0355,-0.3525
-0.1708,-0.1933,0.1711,0.3984
0.1360,0.1001,0.1361,0.7474
-0.8174,1.1668,-0.0261,-0.3631
-0.3396,-0.7867,-0.9065,-0.1334
0.4466,0.6322,0.2228,0.3397
0.0360,0.7790,-0.3831,-0.0811
-0.9937,-0.9968,-0.3877,-0.4127
-1.1016,-0.8214,-0.0537,0.3228
-0.3135,0.1613,-0.1526,-0.8268
-0.4780,-1.0383,-0.2761,-0.0241
-1.2105,0.4764,-0.7548,0.0536
-0.2583,-1.5193,0.0714,0.1557
-2.2257,-1.6574,-0.3128,0.2746
0.5892,1.3894,0.1428,-0.6362
1.2765,0.5348,0.0549,-0.5647
-1.7540,-1.6376,0.1671,0.2952
-1.2713,-1.3119,0.7529,0.4468
-0.4583,-1.1505,-0.2149,0.5749
-0.3154,-1.0616,0.0586,0.3060
-0.9335,-1.1728,0.3896,-0.3840
-1.3042,-1.6529,-0.0884,0.4672
-1.6754,-1.3991,0.1268,0.2040
-1.1067,-1.2907,0.0444,0.1479
0.0720,-0.3906,-0.0060,0.4472
0.5160,-0.1265,0.4214,0.0844
-0.6742,-0.2717,-0.4420,0.3494
1.1451,-0.3484,0.0866,0.4739
0.5702,1.4593,0.1302,-0.9708
-0.5085,0.2615,0.0922,-0.2064
0.0787,-0.1079,-0.2481,-0.6012
-0.4324,0.0736,0.4869,0.0609
-0.0851,-0.5352,-0.3754,-0.2345
-0.0938,1.4816,0.1149,-0.0318
0.6940,0.2289,-0.0353,0.1217
-0.1384,1.3298,0.0007,-0.0973
-0.1510,0.7627,-0.0448,-0.0439
-0.7724,-0.9085,0.4732,0.2932
0.0020,0.7312,0.0188,-0.0437
0.1232,1.2679,0.2863,0.1179
0.5158,0.5641,0.1088,-0.0392
-0.3242,0.0548,-0.0536,-0.3492
0.8005,0.6144,-0.1549,-0.4585
-0.0639,-0.3561,-0.3701,-0.4105
0.9520,0.5052,0.2224,0.2721
0.6912,0.5148,-0.4167,-0.0901
0.1193,-0.2007,-0.2651,0.4302
0.3038,0.0646,-0.1128,0.0713
-0.1050,-0.5509,-0.0190,0.7159
0.5596,-0.7001,-0.7606,-1.1717
-0.1151,0.3128,-0.0118,0.6420
-0.0374,0.2253,-0.3245,0.2002
0.1351,1.0189,-0.2503,-0.4191
0.2945,-1.0081,-0.7277,-0.4565
0.0471,-0.3820,-0.3987,-0.1695
0.2738,0.3269,0.2120,0.4209
-0.1531,0.5050,0.1074,0.0057
-0.3867,-0.3901,-0.3747,-0.0171
0.0301,0.8453,-0.7857,-1.2619
0.0440,0.2314,0.1010,0.0611
-0.1776,-0.1158,-0.6196,-0.6566
0.2690,-0.0271,0.0305,0.2788
0.4673,0.1352,-0.3676,-0.0457
0.0881,-0.1642,0.4742,1.4848
0.1061,0.2302,0.2727,0.8969
1.9725,0.0230,0.1546,0.3003
0.4424,0.7616,-0.0089,0.0284
0.0694,-0.1602,0.2642,0.4813
0.2514,-0.5346,0.1702,0.1582
0.5779,0.9628,0.0967,-0.1801
-0.1607,0.3123,0.1317,0.2539
0.2154,-0.2127,0.2400,0.0260
-0.3032,-1.0257,-0.2036,0.2968
0.7313,-0.2702,-0.1685,0.2653
1.0244,0.3184,-0.4100,1.0193
0.4714,-0.6930,-0.0037,-0.1850
0.3821,1.1385,-0.0430,-0.0694
-0.1583,0.8905,-0.2265,-0.2087
-1.0604,-1.3599,-0.2083,0.1265
-1.8162,-1.1082,0.6966,0.5046
-1.2688,-1.4036,-0.4318,0.2318
-0.0336,-0.5796,-0.1024,0.1101
-0.0665,-0.7821,-0.3430,-0.2433
-0.0184,-0.6672,-0.1831,-0.2365
-0.4483,-0.7232,0.3504,0.2360
-0.2808,-0.4124,0.2038,0.0182
-0.5668,1.2223,0.2425,-0.0729
-0.2141,-0.9632,-0.1979,-0.1847
0.0620,-0.1879,0.2001,0.0264
0.6419,1.4546,-0.3041,-0.1738
0.4458,-0.7657,0.0750,0.1561
0.8730,0.4712,-0.0756,0.3973
0.2553,1.4051,0.1081,0.4060
-0.2637,-0.2489,-0.3418,0.1746
-0.4267,0.3654,0.1696,0.8265
-0.4574,-0.5184,-0.2472,0.6336
0.1074,0.8703,-0.1759,-0.3254
-0.2951,-0.4477,-0.1524,0.2625
0.3982,0.1042,0.0477,-0.3700
-0.4072,-0.4586,-0.0911,-0.3658
-0.3897,-0.5198,-0.0135,0.2161
-0.2359,-0.6197,-0.0840,-0.4339
-0.4385,-0.8607,-0.8016,-1.3599
-0.1824,-0.1126,0.1974,0.0400
-1.2303,-0.9525,-0.1259,0.6827
1.0947,0.3186,0.0885,-1.0449
0.9165,1.5312,0.4500,-0.0336
1.1546,1.1842,-0.6254,-0.0581
0.5710,1.0506,-0.2803,-0.6267
1.0206,1.7762,-0.3783,0.5035
0.4112,-0.6594,-0.2792,0.6681
-0.1454,0.0897,0.1470,-0.4534
0.7395,0.9862,-0.5987,-0.3179
0.4308,0.4036,0.6878,0.7038
1.6571,1.1441,-0.2384,-0.0817
1.0082,-0.3485,0.0734,0.0998
1.5720,0.0293,-0.5711,0.1520
0.2537,2.0693,1.5101,-0.8172
0.9341,-0.4738,-0.5962,-0.0084
0.9915,0.2212,-0.2145,-0.2155
0.1866,0.2251,0.0358,-0.1391
0.0878,0.1031,0.5595,-0.0174
-0.3135,0.1305,0.2544,-0.1146
0.1035,-0.2460,0.5454,-0.0988
0.2928,-0.3778,-0.0286,0.2878
-0.1310,-0.1251,0.9822,1.1540
-0.4103,-0.6462,0.5384,0.2433
-0.1798,0.0713,0.4284,0.2108
-0.0812,0.3528,0.2126,-0.0153
-1.5721,-1.2663,-0.2657,-1.0749
-0.4319,0.6317,0.2528,-0.7489
0.1514,1.3934,0.4900,-1.0323
-0.0572,-0.7263,0.4006,0.2472
-0.0159,1.5813,0.2139,-0.5531
-0.4204,-0.5093,0.5617,0.3325
-1.0530,-0.1187,0.3619,0.3720
-0.5904,-0.4265,0.1056,0.5275
-0.6747,-0.4513,0.6319,0.6320
-0.4390,0.6716,-0.0351,-0.0489
0.5268,-0.2476,0.4972,-0.4486
0.6867,-0.1396,0.5442,0.5410
0.3164,-0.4919,0.7838,-0.4661
0.6690,-0.2686,0.5273,-0.1356
0.6152,0.4352,0.4827,1.2931
0.9796,-0.4510,-0.3280,-0.2672
-0.1800,1.0582,-1.1727,-1.3230
-0.8340,-0.4326,0.3548,0.3933
-0.7105,-0.7392,0.3488,0.2766
0.4477,-0.9961,0.7395,0.0221
-1.4969,0.3839,0.0759,-0.1281
0.5679,0.2853,0.1340,-0.2565
0.6554,-0.8445,-1.5644,-1.1750
0.8877,-1.0643,0.5136,0.3598
-0.7603,-0.6346,-0.2374,0.0117
-1.3823,-0.8838,0.0843,0.3467
-0.2395,-0.5924,-0.1596,-0.0452
0.0350,-0.7986,-0.2624,0.4448
1.0793,2.1919,-0.3376,-0.6895
-0.4855,0.9216,-0.2642,0.2330
-0.8659,-0.1297,0.0568,0.1151
-0.5069,-0.9480,-0.2142,-0.2651
-0.0629,1.2383,-0.0465,-0.5665
0.9510,0.6728,-0.1377,0.3610
-0.1286,-0.7709,-0.0177,0.1337
0.4158,-0.2897,0.2292,0.6483
1.1686,-0.1046,0.0278,0.6230
1.2252,-0.2592,0.3878,0.3244
0.5516,0.1381,0.0950,0.4556
0.4978,-0.2759,0.9832,0.2158
-0.0872,-0.6409,0.5617,0.3065
-0.3506,0.6113,-0.5299,-0.9687
-0.2981,-1.0161,0.2206,0.1115
-1.4447,-0.6068,-0.1780,-0.3806
-0.7228,-1.3761,0.1796,-0.2202
0.6745,-0.8070,0.0542,-0.5229
0.4483,-1.3481,0.0029,-0.0126
1.2135,-0.6195,-0.1131,-0.3261
0.1871,0.4381,-0.1000,-0.1062
-1.0224,-0.7047,0.1257,-0.0187
0.0397,0.2654,0.6306,-0.2839
0.8220,0.5792,-0.3356,-0.8034
0.6076,0.0279,-0.3095,-0.7578
0.1095,0.1421,-0.4784,-0.3848
0.7621,0.3006,0.0408,0.4092
0.6682,0.8543,0.4904,0.1720
0.1882,-0.0306,-0.3476,-0.4728
1.0046,0.8489,0.1362,-0.1592
-0.0696,-0.0978,-0.7365,0.6432
0.0415,0.2759,0.0008,0.4300
-0.0066,-0.3429,0.0410,0.4175
0.1576,-0.3242,-0.3264,0.3806
-0.5447,0.1622,0.1785,-0.6816
-1.1667,-0.1567,0.1725,0.0403
-0.8911,-1.1805,0.4822,0.3540
-1.6597,-0.6634,-0.2131,-0.2257
-0.0956,-0.5821,0.0642,0.6325
-1.2879,-0.0424,-0.4410,-0.4198
-0.2331,0.3982,0.0378,-0.3127
-1.1357,-1.1211,-0.1444,-0.5017
0.7036,1.7424,-0.3528,-0.4241
0.0784,1.2098,0.0016,-0.6631
-1.2822,-0.1654,-0.0641,-0.0121
0.9135,2.6373,-0.1206,-0.2652
0.5871,-0.1614,0.1519,0.3665
-1.0682,-1.2568,-0.2957,0.0712
-0.0501,-0.5517,-0.2579,-0.1048
0.1043,0.1007,-0.2379,-0.0223
-0.4118,1.1534,-0.4020,-0.3454
0.8846,0.1769,-0.0881,-0.3554
-0.9335,-0.5631,-0.2657,-0.2719
0.5615,0.4517,0.2996,-0.0802
1.3447,0.0803,0.3576,-0.1307
0.0765,0.7410,-0.0147,-0.4223
0.3319,0.4547,-0.2053,-0.6355
0.0760,-0.9830,-0.0449,-0.1508
0.2925,0.3397,0.0572,-0.1585
-0.6740,-0.5769,-0.1625,-0.4030
0.3743,-1.0472,-0.4510,-0.4964
0.1784,1.3670,-0.4082,-0.4867
0.2694,2.4623,0.0573,-0.2966
0.9856,0.4736,-0.4193,0.6020
0.6624,1.0142,0.2800,0.5154
0.4645,-0.2140,0.2261,0.1493
0.3939,-0.2031,0.1632,0.6361
-1.1793,-0.9582,-0.1168,0.1204
-1.4573,-1.1756,0.6899,1.0122
-0.4413,-0.2425,-0.1022,-0.5275
-0.3547,-0.4343,-0.3396,0.1154
0.0773,-0.9684,0.5549,-0.1388
0.9995,0.2666,-0.7395,-0.0254
0.9603,1.0263,-0.0650,0.0285
1.1172,0.0661,-0.2258,-1.4864
-0.5820,-0.5657,0.4639,0.1416
-0.6393,-0.8869,0.2986,0.3160
-0.2564,0.7330,0.7222,0.1194
-0.8663,-1.1695,0.4593,0.4604
0.3155,0.5031,-0.4245,0.1509
0.1117,1.0780,-0.4526,-0.3266
0.7223,-0.2458,-0.0764,0.2632
0.6526,-0.4581,-0.1530,0.1395
-0.2106,-1.4652,0.2925,0.8329
0.6225,-0.2236,-0.1081,0.1589
-0.1566,-0.3006,-0.0134,0.1308
-0.0194,-0.5740,-0.1874,-0.2860
0.0822,0.7376,-0.1002,0.0324
0.3702,-0.1683,0.5113,-0.2043
0.5757,-0.1982,0.3444,0.2885
-0.1474,-0.3626,0.0271,0.2024
-0.0419,-0.2147,-0.4658,0.4147
0.6884,0.2969,-0.0461,0.6783
-0.7789,-1.0166,-0.1446,0.4124
0.1390,-0.5095,-0.1972,-0.3395
1.5636,0.2349,-0.5201,0.1602
1.0297,0.9217,0.1160,-0.6102
0.4824,-0.2421,0.3308,0.4550
0.8716,0.5907,0.6418,-0.0294
0.2234,0.2864,0.4201,1.1558
0.4152,-0.2961,0.1164,-0.2865
0.3736,0.7106,-0.0528,-0.1178
0.5210,0.4673,-0.2888,0.1480
0.5975,-0.7440,-0.2123,0.4325
-0.0869,-1.0862,-0.1457,0.1347
-0.0576,-0.3857,0.4972,0.4479
-0.2187,0.0395,0.2201,0.2988
1.0141,2.0231,-0.2028,-0.9926
-0.2101,-1.0814,-0.1470,0.0607
-0.1286,-0.0730,0.4525,0.2364
0.1694,-0.6538,-0.1088,-0.1872
-0.6853,-1.1034,0.3989,0.6590
-1.1988,-1.2489,-0.2644,0.1093
-0.5683,-0.8612,-0.1744,-0.0100
-1.7027,-0.9644,0.2969,0.2112
0.6188,0.4173,0.2040,-0.1741
-0.7634,-1.0097,0.5778,1.2696
0.4967,1.7236,0.5471,0.4490
-0.0335,-0.4820,-0.0553,-0.4440
1.0844,0.4483,0.4717,0.1476
0.6284,0.3396,-0.0150,0.2860
-0.0015,1.6080,0.4699,0.4954
0.5894,0.1751,-0.3566,0.2153
0.5317,1.7488,0.8221,0.6415
-0.3884,0.1848,-0.1296,0.2395
-0.3781,-0.0465,-0.3947,0.5690
-0.2211,0.0864,-0.0250,0.0152
-1.6304,-1.4392,0.1255,0.3263
0.3362,-1.0691,-0.4816,-0.3574
-0.8497,0.8760,-0.2767,-0.3196
-0.1407,0.6610,0.1183,-0.3945
0.3891,0.2769,-0.0536,-0.1568
1.0003,1.2543,-0.2667,-0.2061
1.3369,0.2975,0.1384,-0.0067
0.6521,0.6410,0.2062,0.0119
1.4764,0.1115,-0.0212,0.3240
-0.0009,-0.1366,0.4814,0.4269
0.4190,0.1040,0.1863,0.7225
-0.3453,-0.5119,0.3365,0.4410
-0.1754,-0.4483,-0.3010,0.2604
-0.2573,0.7120,-0.1070,-0.1062
-0.7713,-0.0766,0.4742,0.2724
-0.8959,0.2481,-0.0122,0.4124
-0.2589,0.3178,0.1073,-0.2807
0.1332,-0.0399,-0.6030,-0.4198
0.3037,1.0137,-0.4337,-0.9088
0.2116,0.2392,-0.3650,-0.8251
-0.9496,-0.8792,-0.0197,0.0540
-1.1616,-0.0681,-0.8169,-1.3825
0.0494,-0.4271,0.1195,0.3205
-0.1318,0.1704,-0.5015,-0.9164
0.0677,0.2069,-0.6114,0.4176
-0.2033,-0.8787,-0.0829,0.5520
0.9572,-0.4286,-0.1886,-0.9548
1.2748,1.0401,-0.1545,0.0362
-0.7048,-0.3380,-0.6480,-0.1345
0.3887,-0.6233,0.2026,0.4915
0.7585,-0.8734,-0.1013,0.5148
-0.3753,-1.0496,-0.0809,-0.0340
0.3089,-0.9905,-0.2025,0.0645
0.5229,0.4895,0.2575,0.9266
0.0304,-0.7292,0.6397,0.5494
-0.3625,-0.8220,0.1369,-0.0133
0.6718,-0.2218,0.2565,0.9725
0.7284,0.0964,0.2495,0.7453
-0.4106,-0.4207,0.1093,-0.1409
0.5024,-0.6435,-0.0882,-0.4087
-0.9035,-0.5600,-0.7129,-1.5242
-0.4622,0.0267,-0.2628,0.0593
-0.5983,0.0200,0.2266,0.1882
0.4336,0.1388,-0.0354,0.5476
1.1854,1.1576,0.0541,-0.2418
0.5510,0.5717,0.0757,0.3598
-0.3993,-0.1283,-0.1073,0.0738
-0.8784,0.6128,0.4297,-0.4234
-0.7325,-0.9071,0.2653,0.3204
-0.0289,3.1069,0.2221,-0.0033
-0.2803,0.0044,0.2049,0.1781
0.5089,0.5159,0.2874,0.5230
0.4406,-0.0783,0.5001,0.7801
-0.0683,0.8732,-0.5341,-0.7973
-0.3490,-1.1539,0.9509,0.2570
0.4207,-0.2685,0.5204,0.1508
0.1355,0.5260,0.5006,0.5187
-0.0898,-0.1114,-0.2828,-0.2199
-0.0401,-0.3649,0.2819,0.3792
0.3196,1.7440,0.2017,-0.0107
-1.1943,-0.3306,0.7651,0.0479
0.6545,0.4840,0.6889,0.8608
-0.7133,-0.8935,-0.3546,-1.0147
-1.6268,-0.4982,0.0280,-0.2393
-1.3450,-0.2007,0.0903,0.5651
-1.8189,-0.9817,0.0928,0.3424
-0.5519,-1.2577,-0.7280,-0.5722
0.4912,-0.4102,-0.5386,-0.6111
0.9019,1.1436,-0.3853,-0.3702
-0.3441,0.4486,-0.8031,-0.3057
-1.0568,-0.2047,0.2596,0.3080
-0.2561,0.4480,-1.1712,-0.3822
-0.1927,0.7003,-0.6259,0.1684
-0.2076,0.0480,-0.9196,-0.8579
1.1047,0.4539,0.0244,0.1850
0.0001,-0.2825,0.2364,0.1854
-0.3599,-0.4465,0.4413,-0.0925
-0.2677,0.8341,-0.7068,-0.3667
0.5779,0.3320,-0.0539,-0.5783
0.5931,0.0480,-0.0772,0.0450
0.4027,-0.4823,0.1856,-0.0173
0.6386,0.3703,-0.2288,0.1825
-0.5756,-0.8218,0.3535,-0.1773
0.7056,-0.1524,-0.1175,0.5323
0.0695,1.4238,0.4498,-0.3320
-0.0868,2.3773,0.0139,-0.0008
-0.8578,1.1284,-0.1031,-0.6491
-0.6877,-1.3975,0.0949,0.0246
-0.6688,-0.9683,-0.0714,0.1262
-1.2978,-1.1224,1.4032,0.4224
0.5960,-0.4723,-0.3050,-0.5521
-0.0947,2.7298,-0.0676,-0.1892
0.8191,0.8315,0.1401,-0.1108
1.2194,-0.2649,0.1314,0.3721
-1.2228,0.9438,0.0896,-0.0409
-0.4495,-0.9080,-0.1671,0.3227
-0.2012,0.9956,-0.4369,-0.2072
-0.8233,-0.1013,-0.2302,-0.1842
1.0199,-0.4971,-0.4815,0.1327
0.4655,0.6840,0.2446,-0.8040
-0.2753,1.5583,0.0079,-0.3282
0.5226,-0.2089,0.7409,0.0377
-0.5623,0.5885,-0.0758,-0.1373
0.0358,0.9218,-0.8741,-0.8422
-0.4399,-1.0672,0.3968,0.0436
-0.3368,-1.1866,-0.6224,-0.2194
-0.5589,0.1652,0.3118,0.1382
-0.0571,0.0890,0.6468,-0.2636
0.5228,0.5033,-0.6559,-1.5761
-0.0806,-0.1719,-0.0314,0.2687
-1.5523,-1.1084,-0.1540,-0.1022
-0.2756,-0.2355,0.4804,0.2338
-0.1811,-1.3969,0.1492,0.2782
-0.5077,-0.6204,-0.1319,0.1777
0.1877,0.3698,0.3161,0.3148
0.1026,-0.0498,0.2756,-0.1206
-0.3426,-0.2849,-0.6516,-0.1972
0.1617,1.7033,-0.4179,0.4088
-0.2810,1.2987,-0.3583,-0.4013
-1.3013,-1.6772,-0.2504,0.3429
-1.1145,-0.5169,0.4224,-0.3103
0.2630,0.9437,0.2486,-0.6102
-0.1277,-0.5856,0.5654,0.2763
-0.2115,-0.3233,0.1899,0.0954
0.4337,-0.0227,0.1741,0.3066
0.2276,-0.4736,0.5076,1.1714
-0.0436,-0.3408,0.1158,0.4759
-1.2079,-0.5925,0.3013,0.4521
-0.9037,-0.8099,-0.6487,-0.5686
-0.2856,-0.7120,0.2893,0.0933
-0.5365,0.5140,-0.2718,0.3832
-0.8142,-0.9769,-0.0015,-0.3306
0.8730,0.0844,0.1549,0.2471
-0.3121,0.2891,-0.5776,-0.1853
0.4006,-0.0032,0.0126,0.3420
-0.6702,-0.8996,-0.1537,0.5650
-0.3849,0.7303,-0.4340,0.1936
0.6881,-0.0661,0.3703,0.0056
1.3575,0.4319,-0.4773,-0.2227
1.5137,2.3228,-0.2005,-0.4379
0.8479,1.5976,-0.3130,0.0178
1.1624,0.4075,-0.2625,-0.1127
0.3473,0.7827,0.0537,0.7468
0.9086,1.1196,-0.8819,-0.6102
0.2188,-0.8133,-0.2907,1.0320
1.0778,0.1699,-0.1071,0.4432
-0.1770,-0.6679,-0.3327,0.0662
-0.4697,-0.7709,-0.5395,-0.8041
0.0793,-0.0935,-0.1711,-0.2987
-0.8299,-1.1860,0.0410,0.0643
-0.1142,-0.0939,0.0523,0.3876
-0.7013,0.0335,0.2849,0.3556
-0.0327,-0.1140,0.0394,-0.1901
-0.6430,1.0632,0.2015,0.1551
-0.8672,-0.7679,0.1614,0.0892
0.5421,1.0256,0.6933,0.4209
0.4245,0.2010,0.2172,0.1571
-0.3057,2.5957,0.1760,0.0838
-0.1389,0.3403,0.7010,0.2341
-0.2797,-0.3709,-0.2142,-0.4929
0.4767,0.4705,0.2482,-0.0329
-0.0517,1.0037,-0.4867,-0.6210
-0.0820,-1.0826,-0.7140,-0.7040
0.4273,0.1936,0.9970,0.3620
2.4796,0.2384,-0.1630,0.1096
0.0063,-0.1588,-0.8422,-0.8771
-0.1849,-1.3117,-0.3645,-0.5951
0.7964,0.5080,-0.0661,0.6133
0.2454,1.1902,0.5236,0.4492
-1.5480,-1.2748,-0.2971,-0.7391
-0.6126,-0.2009,0.1897,-1.1361
1.3352,0.5512,-0.3986,-0.2681
-1.4598,-1.7315,-0.4796,-0.2520
0.3202,0.9792,0.0013,-0.7226
-0.4688,-0.6781,-0.6397,-0.7238
-0.5813,0.4573,0.7409,-0.3167
-0.3507,-0.9713,-0.2805,-1.1921
0.6480,-0.0720,0.1064,1.0143
1.2822,0.3121,-0.1190,-0.9657
0.9503,1.2062,-0.2013,-0.0167
0.0703,-0.5222,0.4048,0.3155
-0.2704,-0.9297,0.1410,0.2841
-0.9241,-0.6605,0.0072,0.5125
-0.2329,-0.6321,0.0231,0.2900
-0.3491,1.2234,-0.4703,-0.0437
0.8233,-0.0025,-0.4758,-0.5487
-0.1931,-0.0701,0.4290,0.4342
0.3821,-0.8451,-0.2144,-0.2467
-0.7533,-1.0408,-0.5430,-0.0721
-1.3765,-1.2156,-0.0517,0.0594
-0.8704,-1.3034,-0.0699,-0.0593
-1.2612,-1.1459,-0.2649,-0.6346
-0.3996,0.6416,-0.1840,-0.0142
-0.2589,-1.1924,-0.4299,0.1418
0.3204,0.4071,0.0135,0.8093
0.6097,0.1488,0.2949,0.3562
0.4523,0.4174,0.1935,0.3001
-0.5190,-0.3667,-0.0833,0.1058
-0.6440,-0.6113,0.2984,0.2841
0.3303,-0.5662,0.0823,-0.5150
0.0283,-0.9345,-0.0953,-0.4720
0.6473,0.5361,-0.3163,0.0693
0.6635,-0.3068,0.4350,0.6121
-0.1456,-0.4589,-0.2268,-0.3816
0.3949,-0.5598,-0.0360,0.1399
-1.1077,-0.6276,0.3286,0.1584
-0.0503,2.2324,0.4615,0.5622
0.4061,0.2633,0.3352,0.2187
0.0775,0.6500,0.4179,0.4160
-0.1328,0.1051,0.8888,0.8856
-0.8968,-0.8605,-0.0727,0.1916
-0.6976,-0.6014,-0.0275,0.1439
-0.0804,0.4637,1.0503,0.7290
-0.9347,-1.1322,-0.0894,-0.0539
0.4096,1.8641,0.4368,0.7060
-0.0586,0.0404,0.4206,0.4990
-0.2301,-0.9879,-0.6177,-0.5499
-0.7166,-0.8635,-0.2802,-0.5562
-1.3657,-1.0543,0.2002,0.2282
-0.2646,-0.5900,0.1594,0.8528
0.6300,0.4935,-0.3167,-0.1139
-0.3760,-0.2236,0.0168,0.5510
-1.3928,-0.7434,0.0786,0.1364
1.5703,0.1450,-0.5866,-0.6654
-0.0794,-1.1549,0.2413,0.4115
-1.5660,-1.3985,-0.4327,-0.2228
-0.0986,0.7378,0.2010,0.6388
1.3581,0.4410,-0.3563,-0.5830
0.5366,-0.0110,-0.6294,-0.2583
-0.2270,-0.2571,-0.8200,-0.2840
0.9926,0.9769,0.0957,-0.4313
0.7992,0.3920,-0.0552,-0.0311
0.3885,0.1935,0.1390,0.0364
0.6014,2.1445,-0.4140,-0.6547
-0.5133,-0.7974,-0.1104,-0.4277
0.0827,-0.5158,-0.7246,-0.2482
0.6233,0.6027,0.1902,0.1807
0.3380,0.6474,-0.2321,0.0584
0.5686,0.9722,-0.1715,-0.6701
1.4025,0.1807,-0.3594,-0.5221
1.0553,1.0536,0.0894,-0.0101
0.9468,0.7554,-0.0360,-0.0741
-0.7750,-0.4901,-0.8876,-0.3478
0.1047,0.1158,0.2030,0.2176
0.0973,0.0045,0.2092,-0.0073
0.1525,0.5208,-0.4589,-0.0806
0.5032,0.6474,-0.0852,0.1872
0.6357,-0.2433,0.4356,1.4881
-0.1320,-0.2506,0.4232,-0.0967
-1.2955,-0.9756,-0.3542,0.0524
-0.5373,-0.3155,0.1526,0.2545
-1.0269,-1.3407,0.1390,-0.4584
0.4550,1.7017,0.5315,-0.6049
0.2368,-0.7181,0.2346,-0.2800
-0.0572,-0.4942,-0.2138,-0.1140
1.5660,0.0736,0.5392,0.2342
0.2773,-0.7004,0.3821,0.5296
-0.4713,-0.0116,0.2098,0.4311
-0.2431,-0.0693,0.4253,0.7317
-0.9056,-0.8058,-1.3950,-0.8317
0.3676,-0.4671,-0.4169,0.1933
0.5877,0.4204,-0.4746,-0.4841
1.3751,-0.2753,0.4506,0.8546
0.3909,-0.5608,0.4630,0.5095
0.4638,-1.2061,0.4546,0.7503
-0.5794,0.2267,0.3038,0.0385
0.6280,0.2711,0.4389,-0.3644
0.5803,2.9229,0.2240,0.0933
0.6426,0.0450,0.1551,-0.1725
0.4328,1.1606,0.0645,0.4759
-0.4754,-0.9768,0.1676,0.3296
0.2541,0.1638,0.1594,-0.1987
1.6602,0.6324,0.2068,-0.1330
0.1245,0.2784,-0.1535,0.2497
0.5849,0.2775,0.4398,0.1904
0.9193,-0.0004,-0.1426,0.2207
0.5364,-0.3368,0.4926,0.3381
-0.2116,-0.2896,0.1206,-0.0443
0.5917,1.0297,0.3673,-0.6491
0.9523,-0.1312,0.2757,0.4732
0.1479,1.7488,-0.0777,-0.3323
1.6034,0.7963,-0.1067,0.3234
0.5021,0.2754,-0.1414,1.0059
0.5164,0.8359,-0.4097,-0.5793
0.2391,-0.2806,-0.1275,-0.0885
0.4416,-0.1844,-0.2238,0.0718
-0.4830,0.3120,0.9942,0.3303
-0.0939,-0.6208,-0.2142,0.2683
0.3534,0.2968,-0.0374,-0.0261
0.7560,0.9239,0.5240,0.4934
-1.7035,-0.4543,-0.0220,0.1557
0.5514,0.1321,-0.0250,-0.4747
0.0020,1.1192,0.0692,0.0449
0.0857,-0.3571,0.7521,0.4451
-0.0344,0.6672,-0.3449,-0.7422
0.7908,1.2965,0.5216,0.3784
-0.1040,0.5426,0.2182,0.0559
-1.6706,-0.8641,-0.5845,-0.4521
-1.1280,0.7606,-0.0075,0.6128
0.7443,0.3691,0.5964,-0.3028
0.9237,1.1513,-0.1265,-0.5001
0.5371,1.5389,0.2738,0.5289
0.1001,-0.1052,0.0255,0.1303
-0.6051,-0.0230,0.4608,-0.1226
1.3672,1.3525,0.2260,0.2867
-1.2256,-0.2923,0.0933,0.0941
-1.0410,-0.2662,0.0854,0.1418
0.3097,-0.1066,0.4043,-0.1754
0.5716,0.9414,0.4389,0.2911
-0.1568,0.8503,-0.4620,-0.2749
0.6296,0.9178,0.1121,0.3895
0.9978,0.4604,0.3396,0.1094
-0.3953,-0.4608,0.0750,-0.1505
-0.2251,-0.8151,0.4586,1.1150
0.6279,-0.2605,-0.1622,0.4499
-0.9930,-1.3745,-0.1638,-0.3231
0.2136,-0.5659,-0.3108,0.0075
0.1741,0.5781,-0.5894,0.1174
0.1139,-0.6820,-0.3992,0.2379
-0.1458,0.6045,-0.2460,-0.2919
0.2273,-0.2402,0.3785,0.5312
-0.7289,-0.7284,0.1366,-0.3754
-0.1378,0.3546,0.3303,-0.3863
0.2881,0.0573,0.4330,0.8080
-0.4807,0.1628,0.0832,0.2639
-0.1580,0.3370,0.4913,0.8917
-1.0427,-1.0183,-0.2380,-0.0149
0.1050,0.1673,0.2279,-0.2888
-0.0125,-0.6572,-0.5508,-0.0684
0.3888,0.0111,0.1169,0.6917
-0.6097,-0.7201,-0.1068,0.5090
0.6711,1.0374,-0.0507,-0.4747
-0.9313,-0.5553,0.3106,1.0538
-0.4653,-0.7603,-0.5288,-0.6034
0.5040,0.3195,-0.8043,-0.6164
-0.8341,-1.2986,0.1424,0.5722
-0.6023,-1.4441,-0.3170,-0.3570
0.2699,-0.8761,0.1320,-0.3612
-0.3265,-0.9720,-0.4068,-0.0247
-0.1919,-1.1688,0.1143,-0.2339
-0.3575,0.4311,-0.0609,-0.5084
0.2117,-0.6310,0.1881,-0.4082
-0.8588,-1.1155,-0.2396,0.4434
0.8610,-0.1571,-0.7045,-0.9879
0.0766,0.4835,-0.0143,-0.5643
-0.1161,-0.9520,-0.1783,0.4998
0.2162,-0.6643,0.0740,0.4154
-0.0258,-0.2584,0.1528,0.4500
0.2710,-1.2388,-0.2455,0.1317
-0.0083,-0.6991,0.2262,0.1393
1.0962,0.9670,-0.4515,-1.2553
0.5498,0.1334,0.0932,0.1515
0.5864,-0.4916,-0.2940,-0.2937
-0.4060,1.0465,-0.0508,-0.5989
-0.2263,0.1708,-0.1059,-0.7758
0.4066,0.0881,0.0542,0.1368
0.5718,-0.9006,0.1155,0.1316
0.2140,1.0387,-0.3767,-0.2779
-0.1124,-0.2920,0.0470,-0.0923
-0.2313,1.6396,-0.0284,-0.4804
0.3976,0.0095,0.3561,0.2996
0.1996,-0.3843,0.4801,-0.5878
-0.0924,-0.1601,-0.1995,-0.1803
0.0047,1.6089,-0.2957,-0.2233
-0.0302,-0.6793,0.3174,-0.4273
0.9317,0.2413,0.4438,0.1285
-0.2532,-0.2525,0.3421,0.3248
0.1583,-0.0023,0.1829,-0.3921
0.6776,-0.8672,0.0148,0.2695
-0.2900,-0.5733,-0.2291,0.2330
-0.6146,1.0120,-0.4115,-0.7569
0.5463,-0.8609,-0.0864,-0.1407
-0.2487,0.7818,-0.1837,-0.0107
-1.2056,-1.5074,0.4959,0.3004
-0.1600,1.0449,0.0592,0.1676
-0.4383,-0.6870,0.0383,-0.2400
0.3262,0.6392,-0.1649,0.0975
0.0167,-0.1248,-0.3855,-0.6474
-0.6337,-1.3043,-0.3919,-0.1028
0.0268,-0.2794,0.2983,0.2945
-1.0276,-1.1199,-0.6400,-0.7367
0.1887,1.3063,-0.6159,-0.3332
0.2001,0.1778,0.2663,0.4718
0.4457,0.5031,0.5449,-0.6694
-0.5875,-0.7041,-0.9638,-1.2434
0.4235,0.0049,0.2360,-0.3722
0.3653,-0.1153,-0.2275,0.2793
-0.0942,0.4360,0.0328,-0.1839
-0.5255,-0.4704,-0.1857,-0.1089
0.3542,1.6225,-0.3116,-0.2646
-0.1141,0.8568,0.0608,0.4922
-0.6490,-0.3040,-0.3684,0.6098
-0.7174,0.2798,-0.1826,0.0166
-0.2369,0.0872,-0.0471,-0.5709
-0.3476,-0.6996,-0.5024,-0.0147
-0.9081,0.3445,0.2275,-0.5938
-1.2787,-0.5196,-0.6772,-0.3361
-0.2378,0.3877,-0.0377,-0.7707
-0.2568,0.1144,0.0617,0.4418
-0.4909,-0.3249,0.2053,0.1408
-0.5916,-0.6391,-0.0793,-0.1101
-1.0311,-0.8306,-0.3254,-0.0765
-1.2602,-0.9288,-0.7921,-0.6447
-0.6672,-0.9222,-0.4243,-0.2069
-0.9083,-0.8404,-0.1564,0.3166
-0.6930,1.0206,-0.5386,-1.1728
0.4982,1.6119,-0.6440,0.1435
-0.7780,-0.5915,-0.1595,0.1971
-0.5576,0.0834,0.2011,0.7561
-1.0146,-1.4760,0.6095,0.8790
-1.2637,-0.3753,-0.6392,1.1872
0.1725,1.2803,-0.3500,-0.1909
-0.1525,-0.8205,-0.1413,0.4651
-0.4544,-1.4640,0.4482,0.6725
-0.6193,0.1490,-0.5676,1.3763
-0.7648,-1.0574,0.1240,0.2736
-1.5324,-0.9771,0.1013,0.2846
-0.9115,-0.2017,-0.5743,-0.4095
-0.5484,-1.0271,-0.2202,0.0275
1.6539,0.8061,-0.5564,-0.6279
0.9573,0.8804,0.2504,-0.2828
-0.3246,-0.2494,0.5995,0.8206
2.5197,1.4205,0.7634,0.7824
1.0186,-0.5028,0.9053,0.2385
-0.2423,-0.3962,0.2353,0.1548
0.1750,-1.3252,0.7739,0.1465
0.4899,-0.8983,1.2613,0.4840
-0.1679,-1.8600,0.7709,0.8787
-0.8701,0.2728,0.6964,-0.1085
0.7440,0.7733,-0.6603,-0.4344
-0.1311,-0.4953,-0.2906,-0.3361
0.0330,-0.3255,0.2844,-0.1693
0.6177,1.9845,0.5568,0.4911
-0.6613,0.3802,-0.0438,0.0402
-0.1300,-0.1103,0.1400,0.2416
0.0841,-0.6545,-0.2432,0.8621
0.1945,0.4079,0.1961,0.0192
-0.2402,-0.5530,-0.4607,0.5741
-0.2442,-0.2661,0.1022,-0.1347
0.0894,-0.2860,0.3190,-0.0965
-0.9021,-0.3475,-0.5671,-0.7216
-0.2255,-0.6900,0.8295,-0.4380
-1.0459,-0.8556,-0.6931,0.1137
0.2798,-0.6840,-0.3351,0.1611
-0.2220,0.4399,-0.1697,0.1333
-2.1236,-0.9646,-0.3702,-0.0484
0.5284,-0.1317,0.3843,-0.3236
0.3113,-0.4558,1.3336,0.2761
-0.2299,-0.2171,0.5796,0.0472
-0.2348,0.1253,0.3530,-0.0212
-0.1709,-0.5790,0.2226,0.1991
0.2609,-0.5200,0.1385,-0.1208
-0.0871,-0.5233,0.0526,-0.4657
0.5430,-0.3058,0.3292,0.7949
0.2026,-0.3997,0.0863,0.0362
-0.3296,-0.4202,-0.6094,-0.5549
-0.6833,-0.2694,-0.6819,-0.2975
-0.8611,0.7837,-0.5895,-0.7262
0.0184,1.5367,0.0190,0.7268
0.1952,1.7390,-0.2485,-0.3289
-0.0953,-1.0008,0.0921,-0.5914
-0.2073,0.4691,0.0185,0.7992
-0.1090,-0.1274,-0.3526,0.2376
-0.0346,1.2370,-0.0763,0.2043
0.0151,-0.1265,-0.0527,-0.1382
-0.1885,0.2746,0.0924,0.4732
-0.2727,-0.2039,-0.1699,0.7559
-1.2668,-0.8515,-0.6398,-0.5748
0.6241,-0.1199,-0.0305,1.2473
0.6405,-0.1496,-0.1829,0.9244
0.1310,-0.3752,-0.1478,0.7954
-0.5559,-0.6067,0.3385,0.3795
-0.8063,0.1488,0.1433,0.0022
1.0010,0.0104,0.0467,0.2785
-0.5838,-0.4346,0.3497,-0.1692
-0.6960,-1.2661,-0.3714,-0.8895
-0.2920,-0.7401,0.0382,-0.5393
0.4365,-0.2457,-0.3896,-0.3132
0.4360,-0.2619,-0.0674,-0.5271
0.4565,-0.2667,-0.0655,0.3469
-0.5278,-0.7608,0.0640,0.6325
0.7661,1.7485,0.6963,0.1555
-0.2079,-0.1640,0.5076,0.2129
-0.0660,-0.6827,0.6524,0.2011
0.7202,0.6435,0.3079,-0.6625
0.0276,0.4197,0.0796,0.2520
-0.3316,-1.3633,-0.3187,-0.4756
0.8599,0.6298,-0.1363,0.8420
0.9023,0.9300,-0.4023,0.2973
0.3934,0.2409,0.1551,0.0363
-0.3304,-1.0215,0.0426,0.1455
-0.4406,-0.8503,-0.0693,-0.0976
-0.2450,0.6501,-0.0942,-0.1597
-1.0008,0.2871,-0.0563,0.3602
-0.2478,0.8511,0.0679,0.6582
0.9597,-0.1142,0.1640,0.1812
0.2308,0.3187,0.0172,0.1319
0.2597,0.3680,0.0079,-0.3293
0.9627,-0.2628,0.0502,0.0002
0.7759,-0.7964,0.3037,-0.1857
0.9629,2.2703,0.7347,-0.2580
-0.2166,-1.0959,-0.3366,0.0362
-0.3821,-0.3142,0.1518,0.2207
-0.4283,-0.3674,0.3584,0.0995
0.2481,-0.0932,0.5506,0.0021
-0.3418,0.2577,0.0577,0.4334
-0.3231,0.3848,0.6947,0.6049
0.2911,-0.2398,-0.1702,0.9980
-0.0562,0.2298,-0.1965,0.2470
0.8916,-1.1277,0.3616,0.8691
-0.0193,-0.2395,0.1982,0.7286
0.4928,0.3446,0.2125,0.0559
0.1657,1.2671,0.0583,1.3811
0.3379,-0.0534,0.4380,0.9953
-0.1419,-0.6151,0.3536,0.4457
-0.2145,-0.1352,0.3126,-0.3217
0.2343,-0.5834,-0.7752,0.2530
-0.3147,0.8021,-1.0508,-0.8102
-0.8669,-0.9205,-0.3680,0.2059
0.0776,0.0096,-0.7972,-0.7373
-1.2185,0.1732,-0.1315,-0.4030
-0.6283,-0.5497,-0.1679,0.1300
0.6196,-0.1460,0.4015,0.2442
-1.8036,-1.2604,-0.3249,-0.8634
-0.6264,0.3354,0.1139,0.1752
0.4618,1.5551,0.2333,0.1807
0.6352,1.5042,-0.1008,0.2678
1.1367,1.0563,0.5144,0.5191
0.6576,1.0595,-0.2519,-0.3800
-0.0673,-0.1708,0.0006,0.2249
-0.0044,1.5237,-0.2738,0.9610
0.4141,-0.2113,0.2134,0.1969
-0.2685,1.1595,-0.3034,-0.6156
-0.3908,-0.2073,-0.1181,0.4317
-0.3690,1.2423,0.0223,-0.1255
-0.0487,-0.0811,0.0214,-0.0392
-0.9452,-0.4317,-0.8928,-0.2132
-0.0085,-0.8639,-0.3315,0.2865
-0.0586,-0.4914,-0.3238,0.2468
0.8314,0.1159,-0.1344,0.7592
-0.7619,-0.8341,-0.2213,0.0769
-0.2997,-0.4684,0.1979,0.3331
-0.6326,0.0644,-0.1210,0.4665
-0.2618,0.0745,0.2960,0.0926
-0.1242,1.7406,0.3701,0.1359
0.8125,0.1748,0.2353,0.1882
-0.2727,1.8418,0.2212,0.3807
0.0179,-0.1407,0.0715,-0.3924
-0.3659,-0.4432,0.0153,0.2388
-0.3870,-0.6711,-0.2342,0.4042
-0.0924,-0.8591,-0.2423,-0.3823
-0.2648,0.4453,0.1894,0.7807
-0.5285,-0.3380,-0.2141,0.2638
-0.2836,-0.2345,1.0226,0.5869
0.0828,1.3522,-0.5069,-0.2456
-0.5695,-0.1628,-0.1146,0.4138
-0.1686,-0.5239,-0.2085,-0.1666
-0.6421,-1.1491,-0.7793,-0.3920
-0.2149,1.2071,-0.0455,0.1267
-0.7548,-0.3424,-0.0300,0.1836
-0.4729,-0.5945,-0.0980,0.2065
-0.1478,0.4889,0.4375,-0.0445
-0.2983,-0.5235,-0.3123,-0.6365
0.1691,0.2409,0.4538,-0.6911
-0.0372,-0.2596,-0.1093,0.1296
0.6714,0.2639,0.4678,1.0033
-0.6525,0.2638,-0.2624,-1.1822
-0.8911,-1.0550,-0.3458,-0.4695
-0.3583,1.4422,1.0902,-0.1186
-0.7374,-0.5383,0.2159,-0.0159
-0.8575,-0.2678,0.1927,-0.0980
1.2169,0.0116,-0.0594,-0.2676
-1.1899,0.0583,0.2333,-0.2925
-0.3581,0.1315,0.4309,0.2062
-0.9202,-0.7439,-0.1103,-0.3190
-0.2765,-0.2836,0.0405,-0.9332
0.8121,-0.7508,0.4997,0.6069
-0.3443,0.2250,-0.0696,-0.0243
-0.5132,-0.9137,-0.2831,-0.3929
-1.0974,-0.9013,-0.1156,0.0283
-0.6427,-0.0064,-0.1376,0.2579
0.6798,-1.4540,0.3612,0.5303
-0.1980,0.3553,-0.0474,0.5730
-0.4418,-0.6645,0.2854,0.1581
-0.6399,-0.1931,-0.1861,-0.5076
0.0956,-0.8903,0.8425,-0.0164
-0.3959,0.0794,0.0963,-0.0751
0.0304,1.2705,1.0228,-0.5508
0.2844,1.8449,0.6443,-0.1278
0.0314,-0.0374,0.2865,-0.3013
0.1507,1.2789,-0.4616,0.2654
0.5480,0.0849,-0.0007,-0.6280
-0.2621,0.8834,0.8988,0.5218
0.4626,0.3425,0.2783,0.6852
0.3102,-0.2093,0.4686,1.2543
-0.7854,-0.7102,0.2115,0.1905
-0.4672,-0.1682,0.5469,0.1538
0.6095,0.8266,0.5240,0.8921
0.0756,1.4733,0.7448,0.4757
1.3539,1.9080,0.0134,0.0115
0.9368,0.3633,0.4761,0.7656
0.8366,-0.2313,0.1228,0.0556
0.2276,-0.0429,0.1023,-0.2049
0.5908,0.5949,0.0959,0.2292
0.6109,1.0280,0.0557,0.1464
0.3924,0.1090,0.2878,0.0366
1.0502,2.2477,-0.0465,-0.3372
0.0544,0.0690,-0.7113,-0.5688
-0.4301,-0.8498,-0.1487,-0.3958
-0.1792,-0.1442,0.0025,0.1670
-0.1314,-0.4366,-1.0202,-0.4295
-0.1747,-0.8302,0.0626,0.2642
0.1637,0.2564,-0.1262,0.3756
0.4733,0.3792,0.1674,0.9161
1.0474,-0.1647,-0.6879,-0.0086
0.6811,0.6615,-0.0911,-0.2911
0.0851,-0.7045,-0.1534,0.0021
-0.0628,-1.1883,-0.2834,-0.5800
-0.1024,0.6369,-0.0436,-0.0737
-0.4717,-0.7370,-0.1823,-0.1193
0.5317,-0.0097,0.3095,0.0306
0.9471,0.4756,0.1985,0.3522
0.4067,0.1546,-0.1788,0.0098
-0.5532,-0.1041,-0.1063,-0.5412
-3.8791,-1.7408,-0.2653,-0.5205
-1.4692,-1.4259,-0.5064,-0.0495
-0.0409,-0.2509,0.1839,0.2932
-0.0664,0.6750,-0.4065,-0.3150
1.4014,0.3924,-0.5609,-0.6145
0.6601,-1.0104,-0.3025,-0.5037
1.1431,-0.1968,-0.1095,-0.2189
0.0891,-1.1820,-0.2280,-0.8508
-0.6850,-1.4939,-0.3524,-0.3696
1.0011,1.4674,0.1244,-0.3113
-2.2384,-1.7397,0.0681,0.2824
-0.4316,-0.3768,0.2372,0.2897
-1.2447,-0.8548,-0.5497,-0.7870
0.2908,0.6539,0.0027,0.7242
-0.9765,-0.8107,0.6930,0.1576
-0.8761,-1.8425,-0.2861,-0.2938
0.1335,0.4950,0.1851,0.5233
-0.1367,-1.1798,-0.3766,-0.3274
-0.4493,-0.3542,-0.0810,-0.1790
0.2183,-0.2503,0.4222,0.4629
0.1990,-0.2745,-0.1278,-0.6544
-0.8704,-0.7043,-0.2417,0.1201
0.5893,-0.0928,0.0980,-0.4504
0.2615,-0.6257,-0.3333,0.1150
1.0133,0.1936,0.2770,1.3370
-0.4340,-1.1225,0.4810,0.1291
-0.2031,-0.6590,-0.1725,0.2740
0.0809,0.5732,-0.1992,-0.4985
0.1834,-0.0586,-0.0265,0.8079
-0.1268,-0.5102,-0.3734,0.0824
0.6156,-0.5324,-0.1205,0.6102
0.1266,-0.1584,-0.1632,-0.9872
0.6355,0.4715,-0.3512,-0.2010
-0.1720,-0.1529,0.4213,0.1461
0.1102,-0.2553,0.0742,-0.5891
0.2065,0.9539,0.1852,0.1014
0.6076,1.5558,0.0815,-0.8230
0.0845,0.3544,0.3583,-0.1120
-0.1950,0.4659,0.0374,-0.0520
1.2398,1.2938,-0.1672,0.1664
0.2413,2.9652,0.1684,-0.5412
0.1741,-0.0436,0.0079,0.2971
0.8589,1.0718,0.1882,-0.0856
0.5875,-0.1683,0.2328,0.0832
-0.8950,-0.4585,-0.6140,0.2617
1.8246,-0.1010,0.5613,0.7994
0.9527,-0.4475,-0.1657,0.1943
0.8329,0.8802,-0.0773,0.4155
1.2285,0.1627,0.0450,0.3306
1.3502,0.1325,0.0603,0.1495
1.2172,0.1843,0.1103,0.2802
0.6183,-0.9603,0.3081,0.3751
-0.2077,0.6013,-0.2970,-0.5783
-0.7182,-1.2621,0.2496,0.7261
-0.3570,0.8292,-0.3762,-0.0242
-1.5069,-1.4974,-0.1864,-0.7493
-0.3821,-0.6888,0.0969,0.5530
-0.4607,-0.9237,0.2439,0.2297
0.4537,0.3695,0.2459,-0.6884
-0.0739,-0.8068,-0.0719,0.4800
-0.0066,-1.0010,-0.1686,-0.1688
0.9665,-0.4725,-0.0400,0.0188
1.2932,0.8819,0.2881,-0.8327
-0.0953,-0.5935,-0.6127,-0.1307
-0.6881,-0.0325,-0.7087,-0.3039
-0.1195,-0.8189,-0.2212,0.2909
-0.0621,-0.4259,0.2243,0.2543
-0.3242,0.3186,-0.7082,0.1414
-0.7013,-0.5703,-1.0819,-1.1720
-1.2025,-0.7409,-0.8616,-1.1528
-0.2546,-0.2563,0.0012,0.0618
-0.7278,-0.9740,-0.6563,-0.3336
0.4758,0.3994,-0.1552,-0.0232
-1.2880,0.1033,-0.1985,-0.7618
-0.6710,-0.8504,-0.8317,-0.5494
0.7855,1.0882,0.3150,-0.3439
0.1141,1.1172,0.4694,-0.0106
1.0052,-0.2209,0.0817,-0.3689
-0.9408,-1.2422,-0.1523,-1.2813
-0.3572,0.6489,0.3404,0.2907
-0.0221,-0.4125,0.2206,0.2968
0.2667,-0.1234,0.1209,-0.1059
-1.1453,-1.3361,-0.5256,-0.2583
-0.1627,-0.3258,-0.0106,0.0286
0.7116,0.6194,-0.3788,-0.7346
-0.5700,-0.1977,-0.2056,-0.4347
-0.7754,-0.6848,0.0175,-0.2557
-0.2690,-0.1952,0.0431,-0.5819
0.8956,-0.4172,-0.1442,-0.4491
0.7954,1.3970,-0.5364,0.2376
-0.7391,-0.7747,0.0254,0.5903
0.0721,1.2261,0.9788,-0.2569
0.2490,0.9959,0.2824,-0.0473
-0.7298,-1.0964,-0.5289,-0.2209
0.7880,0.6140,0.0549,0.5585
-0.3683,-0.9360,-0.7298,-0.0015
-1.4947,-0.5241,-0.5197,-0.6446
-0.3528,0.9013,-0.0755,0.1521
0.1715,-0.4113,-0.1872,-0.1787
0.0413,-0.3410,-0.3918,0.5628
0.4108,0.4705,-0.2246,0.1939
-0.2110,0.3017,-0.9889,-0.1997
-1.1573,-0.7345,-1.0559,-0.6040
-0.7045,0.4337,-0.2729,0.0719
-0.0746,-0.4225,-0.7358,-0.3199
-1.9705,-2.1019,0.1911,0.2050
-1.4269,-1.4403,-0.3823,0.4498
0.1512,-0.2059,0.0434,-0.0099
-1.4687,-1.0159,0.5398,0.1188
0.6145,0.9760,0.4187,0.7644
-0.4221,-0.9999,0.3126,0.1789
0.1282,1.7708,0.4722,0.2931
-0.2795,-0.0069,-0.1388,0.0967
-0.7972,-0.0041,-0.0757,0.6042
0.3867,-0.2024,-0.2237,0.1305
-0.1239,0.2094,-0.0626,-0.7258
0.2579,-0.2803,0.4258,0.8920
-1.3125,-1.3400,-0.0228,0.1147
-1.2586,-1.1402,-0.6230,-1.2256
0.0033,-0.0578,0.1085,0.8597
-0.8205,-0.9408,-0.1116,0.2531
0.4598,0.0710,-0.0415,0.3806
-0.1846,-0.8990,-0.1408,0.1611
0.5333,1.4041,-0.1818,-0.6306
-0.3420,0.5604,0.2926,-0.0715
-0.5045,-0.1120,-0.1359,-0.0694
-0.1817,-0.4186,-0.4399,-0.4796
-0.1107,-0.4201,0.0174,0.8194
0.6007,0.0817,0.3067,0.3394
0.1639,1.4453,0.0404,0.1705
0.3820,-0.0032,-0.2714,-0.2673
0.1772,-1.1524,-0.4742,-0.3468
0.5539,0.3450,0.2145,0.1469
0.4935,0.1891,0.3807,0.9394
0.0501,-0.3298,0.4818,0.2276
0.5182,0.1275,0.0965,0.5796
0.3409,0.1852,0.1932,0.5931
-0.9201,-0.9473,0.2720,0.0470
0.1783,-0.0404,-0.0234,0.4075
-0.4109,0.1900,0.8083,0.0418
0.1729,0.0098,0.3229,-0.5414
0.5929,0.0813,-0.4215,1.0211
0.0910,0.1863,-0.3290,0.4056
0.0935,-0.1198,-0.2759,-0.0658
0.4151,-0.4813,-0.5575,-0.4137
-0.2050,-0.2785,-0.5522,-0.3005
0.4090,0.7495,-0.2371,0.2356
-0.1255,-1.3140,-0.1232,-0.2146
0.0891,-0.1344,-0.0571,-0.0399
0.4336,-0.2611,0.6034,0.7019
0.7858,-0.4711,0.6748,0.8982
0.4112,-0.0863,-0.1329,0.0982
0.2225,0.2693,0.0998,-0.0072
0.2797,-0.3849,0.1358,0.0514
-0.9948,1.2053,0.9640,0.5627
0.4440,0.5353,0.1506,0.4758
0.2339,1.3466,0.1790,-0.0200
-0.2951,0.3393,0.3984,-0.2326
-0.4305,0.1332,0.1946,0.2164
-0.4531,0.0149,-0.2316,-0.2151
0.9685,-0.3454,-0.1654,0.2952
-0.0127,0.6671,0.0465,0.2687
-2.0337,-1.2754,1.1834,0.9108
-1.3220,-1.1272,0.1558,0.3436
0.3772,1.1714,-0.6329,-0.7445
-1.3552,-0.8256,0.1513,0.0973
-1.7526,-0.9141,-0.2755,0.2175
1.2175,0.7999,0.2852,0.9300
0.1958,-0.1453,-0.5569,-0.0880
0.0415,1.3368,0.0311,0.1029
0.9241,1.7706,0.0662,0.0431
-0.0726,-0.5969,0.0436,0.3017
0.3183,0.7725,0.0260,-0.2051
0.6679,1.6161,-0.0393,0.1589
0.0180,-0.1244,0.2945,0.1900
0.0261,0.1611,0.2355,-0.4462
1.1760,1.0686,-0.6972,-0.0440
0.3744,0.4102,0.1337,0.0334
0.2706,1.6294,0.2144,-0.6988
0.5418,-0.1320,0.2291,0.1195
-0.6792,-0.7034,-0.0110,0.1879
-1.2501,-0.4699,0.1765,0.2176
-0.1084,-1.5106,0.0042,-0.6989
-0.1054,-0.8591,0.4572,0.2543
-0.0368,-0.6170,0.0346,-0.6347
-0.2769,-0.2961,-0.5253,0.1437
0.4380,-0.3548,0.0281,-0.4890
0.1711,-0.6891,-0.0248,0.6635
-0.4181,-0.8561,-0.2268,-0.1585
-0.9095,-0.9688,-0.3516,-0.5407
-0.4395,-0.7156,-0.4181,-0.3067
-0.3232,0.1193,0.2163,0.1909
0.0557,0.0769,-0.0045,-0.4530
-0.5610,-0.1242,0.2271,-0.0248
-0.1709,-0.5274,0.4356,0.5695
0.9454,1.4169,0.1255,0.2234
-0.3734,-0.7492,-0.0782,0.1369
-0.3233,-0.5479,0.4887,0.4017
0.5448,-0.0952,0.5886,0.5238
0.6497,0.2892,0.1911,0.3136
0.5941,-0.1943,-0.0355,-0.7985
0.5646,0.2939,0.0975,0.2057
0.7664,0.6364,-0.0796,-0.3493
0.6081,0.1456,0.3197,0.1486
1.2244,-0.1262,0.6599,1.0919
0.3095,1.5123,0.6699,0.1191
0.9091,1.2628,0.5312,0.3330
-0.8785,-1.0234,0.3553,0.0138
-0.4333,1.6812,0.6786,0.6479
0.6661,2.0941,0.2772,0.2336
0.9658,0.2538,-0.2507,-0.6906
0.1856,0.6057,0.2476,-0.5744
0.5264,0.4484,0.2023,0.1522
0.6613,-0.1771,0.0401,1.0262
0.4337,-0.5117,-0.0534,-0.1175
-1.4436,-1.6220,0.0173,0.1627
0.3993,0.3096,-0.2805,0.2461
0.8138,-0.0056,-0.0158,-0.0593
-1.7184,-1.3829,-0.1170,-0.7333
1.3182,0.7160,-0.3394,0.3859
0.0279,-0.3426,-0.0983,0.0434
0.5958,0.2517,-0.1627,-0.5743
0.3073,-0.5253,0.3504,0.3729
-0.1067,-0.6229,-0.3233,-0.7462
-0.2074,-0.2067,-0.1700,-0.5536
0.7409,0.4424,0.0071,-0.1273
-2.1836,-1.4746,-0.2374,-0.3111
-0.8976,-1.3395,-0.2616,-0.4125
-0.1445,-1.1298,0.0638,0.1392
0.1387,-0.9253,0.2680,0.5734
-0.2461,-0.4090,0.1668,0.5239
0.0596,0.8895,-0.1539,0.1658
-0.6192,0.7072,0.1537,0.0063
-0.8120,-0.8334,-0.0541,-0.0225
0.9125,1.9476,0.1404,0.3833
-0.1729,-0.1496,0.0804,-0.5235
0.5542,1.5264,0.0658,-0.4332
1.0481,0.2246,1.3363,0.5478
0.2357,0.7578,0.0164,-0.2193
0.1622,-0.4371,0.0909,-0.1059
0.3448,-0.9811,-1.1998,-1.3627
-0.2355,-0.4952,0.2646,-0.0451
0.4765,0.5219,1.1644,0.5370
-0.1597,-1.2346,-0.0426,-0.0014
0.4980,-0.1210,0.2125,0.2570
0.0629,-0.2972,-0.1038,-0.4334
-0.2865,0.2772,0.1173,0.0054
0.3009,1.3088,-0.2691,-0.4014
-1.0251,0.7769,-0.1953,-0.7776
-1.0933,-0.8742,0.3144,-0.2749
-0.3692,0.1433,0.1295,0.0014
-0.5263,-0.2591,-0.0759,0.3264
-0.0573,0.2969,0.2051,-0.9930
0.0547,-0.5594,-0.1694,0.0818
-0.7195,-1.4571,-0.4190,-0.7737
-0.1714,0.7710,-0.0144,-0.3550
0.4451,0.5837,-0.2191,-0.4757
0.0030,-0.3937,-0.4574,-0.2559
0.4344,0.9198,-0.8468,0.6949
0.8192,1.2943,-0.1465,-0.5823
0.4443,1.1081,-0.3551,-0.3082
1.1450,0.6253,-0.5712,-0.3527
0.0666,0.8459,-0.2522,-1.0129
1.3666,0.1719,-0.3181,-0.0809
0.5359,0.0620,-0.2018,0.2661
-0.4525,0.6921,-0.1471,-1.0400
1.0026,1.7629,-0.1056,-0.4437
0.2974,0.8382,-0.0784,-0.3043
-1.0284,-1.1360,-0.0880,-0.2893
-0.1192,-0.7475,-0.7990,-0.6643
-0.5481,-0.1930,0.2511,-0.8325
-0.5777,-0.1658,-0.2710,-0.2875
0.6603,0.3735,0.5199,0.4844
0.1241,-0.8193,-0.4301,-0.3238
0.7290,0.0288,-0.0834,0.1955
-0.1416,0.0762,-0.2981,-0.4393
-0.2097,0.6605,0.1426,-0.1042
-0.8888,0.1898,0.1673,0.2066
0.8170,-0.3960,0.0857,0.2272
-0.1826,-1.2344,-0.7542,-0.0188
-0.6007,-0.3458,-0.3044,0.0598
-0.8522,-1.0810,-1.0245,-0.8833
-0.0335,1.4499,0.2918,-0.5461
0.4372,0.8940,0.4472,0.3776
0.7019,-0.0314,0.2601,0.6375
-0.6859,-1.1300,0.1691,0.4650
-0.1994,-0.6124,-0.2946,-0.3119
-0.3120,-0.4307,-0.0076,0.0326
0.6072,-0.3653,-0.0458,0.1305
0.3758,-0.0561,0.2814,0.1065
0.4242,0.5417,0.0563,-0.3165
0.7153,0.4831,0.3871,1.1833
0.1578,0.4484,-0.8114,-0.5555
0.4341,0.4232,0.1724,-0.6907
-0.0503,-1.2855,-0.2499,0.2107
-0.9750,-0.2426,-0.1605,-0.0769
-1.3762,-1.2727,-0.7253,-0.5808
1.0872,0.5600,0.2411,0.5336
-0.3101,-0.5128,-0.2557,0.0256
-1.0951,-0.9705,0.3605,0.7294
0.3675,0.2145,-0.1297,0.3028
-1.7279,-0.5861,-0.1725,0.4041
-0.2173,-0.4074,0.0858,1.1141
0.1417,0.3282,0.4572,0.9032
0.7862,0.5057,-0.2058,0.0321
0.2317,0.0009,-0.1705,-0.5322
0.6617,1.3831,0.4899,0.1184
-1.2028,-1.3580,-0.0342,-0.0376
-1.7455,-0.6529,-0.1959,0.9593
0.3438,-0.0971,0.2027,0.7056
-0.0413,-0.0672,-0.1123,-0.5017
0.6796,0.6253,0.2421,0.2724
0.1541,0.2830,0.4570,0.2938
0.9349,0.3748,0.2706,0.8698
-0.2449,0.9513,-0.4735,-0.4327
0.7610,2.1004,0.0769,0.0197
-0.1791,0.3219,0.3031,0.2271
-0.4297,0.4923,0.4053,0.1005
0.0205,0.8035,0.3749,0.7681
-1.2097,-0.0588,0.0600,0.4399
-0.1979,1.4065,0.4489,0.6959
-0.1250,0.0622,0.1664,0.6284
0.2634,0.6555,-0.2649,-0.0950
0.5936,0.1212,0.0887,1.2384
-1.4562,-0.6404,-0.2461,-0.2381
-0.3030,0.0900,0.3987,0.6466
0.2149,0.0574,0.2315,0.1127
-0.2038,-0.9379,-0.0736,-0.2100
0.0750,-1.0324,0.0589,-0.3194
1.5459,0.9543,-0.3259,0.1625
0.8614,-1.2537,0.1304,-0.5313
0.3566,1.9273,0.5123,-0.4359
0.4447,-0.0978,-0.0289,-0.0453
1.6115,1.2494,0.0712,-0.5304
0.8736,0.4787,-0.2040,-0.2194
0.2000,1.0308,0.0778,0.2111
0.0871,-0.4754,0.0354,0.4504
0.7433,0.7431,0.3332,0.4457
0.2563,-0.4339,-0.0820,-0.0643
0.4095,0.0496,-0.0629,0.0609
0.2996,0.0938,0.0915,0.4928
0.8749,0.1746,-0.6289,0.0546
1.0019,2.5562,0.4978,0.5973
0.6926,1.4852,-0.2444,-0.2482
-0.6376,-0.9636,0.2098,-0.9359
-1.0505,-0.9125,-0.1272,0.1568
0.0914,0.9430,-0.3996,-0.0838
0.3668,-0.2404,-0.2057,-0.4882
-0.2700,0.2051,-0.2170,0.6292
-0.0854,-0.1138,-0.0728,0.4725
0.2956,-0.5525,-0.9994,-0.1032
-0.7211,-0.9087,0.0296,-0.0291
0.9146,1.0946,0.4736,0.4119
-0.8284,-1.0626,0.1804,0.0569
0.1044,-0.1399,0.0587,0.2664
0.2232,1.9321,-0.1171,-0.5861
-0.1870,1.5414,-0.1625,-0.6961
-0.3957,1.1780,-0.0806,-0.2116
-2.6802,-1.2365,-0.4718,-0.7803
0.5656,1.4379,-0.3079,-0.1176
-0.3737,-0.5228,-0.0965,-0.3941
-0.0984,-0.2952,0.1120,0.3644
0.1348,0.1792,-0.1937,-0.6698
-0.4354,0.8521,0.1148,0.0966
0.6089,1.2947,0.2635,-0.9208
-0.6755,-0.6020,-0.1452,0.0900
-0.2222,0.7105,-0.1448,-0.2434
-0.2822,-0.1358,0.5390,-0.5180
-1.4457,-1.2944,-0.1661,-0.5073
0.4050,-0.3288,-0.1055,-0.4128
0.4570,0.6368,-0.2218,0.3369
-0.5881,-0.4747,-0.2450,0.0130
0.5122,1.1220,0.2724,-0.1080
0.3912,2.6394,-0.0585,0.1204
0.4557,0.0630,-0.0150,-0.0187
0.9707,0.7054,-0.3095,-1.0454
1.0053,0.4789,-0.8896,-0.7880
0.9160,0.5357,-0.1265,-0.0034
0.4340,0.1504,-0.8208,-0.6733
0.6299,1.1605,0.0367,0.5630
1.2907,-0.3953,-0.4286,-0.7281
-0.0803,-1.3267,-0.8227,-0.7680
0.4461,-0.5296,-0.0485,-0.0228
0.7872,0.0283,0.2640,-0.9308
-0.7139,-0.4546,0.0582,-0.0791
0.2007,0.9080,0.0448,0.0219
-0.0551,0.2851,0.0605,-0.4008
0.2493,0.5030,0.4809,-0.4835
-0.3550,-0.8244,-0.0223,-0.4673
0.9178,-1.2689,-0.3836,-0.7575
0.9737,1.6879,0.0772,-0.8440
0.1635,1.9780,-0.3862,-0.7037
1.1157,0.1882,-0.0059,-0.6143
0.9697,0.3107,0.8500,1.0986
0.5447,1.1854,-0.1937,-0.5189
0.6140,0.0758,0.8438,0.4357
-1.2954,-0.8709,-0.4573,-0.4062
-0.3861,-0.4212,-0.5626,-0.6836
0.6524,0.1597,0.3445,-0.0891
0.3120,-0.0026,0.6312,0.8817
0.0521,0.1988,0.0460,-0.0835
0.6629,0.3616,-0.3792,-0.1370
0.9193,2.0400,0.1462,-0.0872
0.1578,0.0027,0.2109,0.1976
0.8417,1.5782,0.4317,-0.1084
-0.3254,0.5262,-0.0939,-0.5036
0.7026,1.3839,-0.1043,-0.6187
1.9519,-0.5393,0.5084,0.7722
0.2954,0.6899,0.5627,0.4503
0.2317,-0.2982,0.0194,0.2367
0.0641,0.8586,0.1215,-0.0221
0.6605,-0.8895,-0.0511,-0.8309
0.5850,1.1972,0.7056,-0.1518
-0.2946,-0.0155,-0.1470,-0.2431
-0.9297,-0.3721,-0.1369,0.0589
0.9792,0.4201,0.9359,1.0411
0.3770,-1.0153,0.4316,0.7461
0.1582,-0.2225,0.4040,0.4681
0.4288,-0.0718,0.6174,0.9753
0.9447,-0.0738,-0.0672,-0.6638
-0.7859,-0.5963,0.3293,0.6180
0.1859,0.2071,0.2741,-0.3674
-0.8388,-0.7653,0.3444,0.0154
0.0211,0.1549,-0.3066,-0.5526
0.5368,1.2001,0.3158,0.3351
0.4304,-0.3356,0.3504,0.3084
-0.7041,-0.9588,0.1380,0.0161
1.2400,0.0241,-0.1960,-0.1551
-1.4562,-0.9734,-0.0999,0.2826
0.3150,-0.1854,-0.2857,-0.3904
-1.2975,-1.7301,-0.3278,-0.5577
-0.2294,0.1764,-0.1026,0.5472
1.4733,1.0607,0.0174,0.6233
0.9158,1.4039,0.1110,-0.0744
0.9874,1.0226,0.2199,0.2120
0.1111,-0.0802,0.4062,-0.1214
0.6078,-0.4881,0.1252,0.3565
0.4571,-0.9219,0.7646,-0.1699
0.5602,0.7721,0.6593,0.4874
0.7227,0.6807,0.1245,0.1324
-1.2322,-1.4847,-0.4081,-0.6266
0.5238,0.4317,-0.3224,-0.3415
-0.7577,-0.8713,0.5417,0.3814
0.1304,0.6316,0.0240,-0.2513
-0.3536,-0.0544,0.3709,0.2177
-0.7773,-0.1381,-0.0308,0.1663
0.5112,1.2555,0.2732,-0.1574
-1.3046,0.4332,-0.1402,-0.7440
0.0120,1.7143,0.4544,-0.4234
-0.6281,-0.3793,-0.1370,-0.4683
-0.2879,0.4795,0.3440,-0.4280
-0.5402,0.2940,-0.1382,-0.3928
0.6886,-0.0903,0.2055,0.3262
-0.1651,-0.7655,0.2705,-0.4692
-0.8451,-0.0821,0.1345,-0.5733
-0.5676,-0.6186,-0.8271,-0.8115
0.7668,-0.0819,0.3586,0.1798
0.5284,0.8744,0.0000,0.7724
0.0431,0.7582,-0.2182,-0.8683
0.5026,-0.2472,0.2996,0.5098
1.2515,1.7214,0.5291,-0.2427
-0.5259,-0.0060,0.3679,-0.8161
0.6064,0.3253,0.9716,0.2446
-0.5860,-0.6664,0.0152,-0.3947
0.6349,0.7191,0.0926,-0.0499
0.2758,0.4846,0.3087,0.3678
0.2964,0.9716,0.1483,0.1543
-1.3295,-0.0599,-0.3120,-0.3822
-2.0210,0.3007,0.0597,-0.4934
-0.5084,-0.0016,0.5080,-0.4919
0.1858,0.3250,-0.0250,-0.5812
0.2353,0.8239,0.1555,0.2039
-0.1736,-0.3885,-0.8247,0.3784
-0.2972,-0.4113,-0.1568,-0.6202
0.9051,-0.8159,-0.1757,0.0975
-0.5826,-0.2225,0.6396,-0.1940
0.9130,0.0315,0.1011,0.4130
-0.2899,-0.2141,-0.2337,-0.8652
-0.7161,0.4574,-0.1528,-0.2298
-0.5444,-0.8002,-0.2780,0.5998
0.0107,-0.0626,-0.6934,-0.5182
-0.2320,0.9079,-0.7918,-0.3203
-1.1084,0.0182,-0.7944,-1.4208
-0.8741,-0.4882,-0.1488,-0.3554
-0.1467,-0.9246,-0.4386,-0.5291
-0.4115,-0.6918,-0.2640,0.2430
-1.1264,-0.7350,-0.1433,-0.3487
-0.6805,0.0294,-0.8025,-0.1925
0.1285,-0.8314,-0.2745,0.6414
-1.5556,-1.2703,-1.0733,-0.5517
0.1317,0.1006,-0.2101,-0.5749
0.2850,-1.0552,0.5275,0.2957
-0.0321,0.1844,-0.1123,-0.8633
-0.6359,0.3694,-1.0208,-1.3421
0.2437,-0.0629,-0.7582,0.3519
-0.4042,-0.5168,-0.9160,0.3048
-1.3224,-1.3033,-0.5031,-0.4786
0.6618,1.2122,-0.0825,-0.1301
0.5549,1.1447,-0.3461,-0.2654
-0.2330,-1.0461,-0.2181,0.1551
-0.7133,-0.6467,-0.4639,0.1526
0.4201,-0.0155,-0.2503,-0.0943
0.9624,-0.5238,0.2059,0.6524
0.4198,-1.0011,0.7915,0.9933
0.0924,0.1644,0.3664,-0.1349
0.4900,1.5201,0.2382,0.1221
-0.1453,-0.6131,-0.1843,-0.5290
0.1142,-0.6266,0.0039,-0.6460
-0.6537,-1.2922,0.1536,-0.0250
0.6094,0.3986,0.0641,0.7014
0.0817,-0.1568,0.1575,-0.4537
-0.5844,-0.2153,-1.2381,-0.9334
-0.5364,0.4116,-0.2286,-0.1648
0.3143,-0.2168,-0.1445,0.4748
-1.2350,0.1767,-0.1694,-0.2167
0.7858,-0.4425,0.1668,-0.1413
-0.1785,-0.0697,0.0443,-0.0085
-0.3103,-0.9289,-0.0894,0.1679
0.3336,1.2168,-0.1307,-0.7107
0.4743,0.5842,0.0928,-0.3137
0.0704,-0.2340,0.6916,0.4069
1.0792,2.2158,0.7602,0.3959
-0.5204,0.6943,0.1559,-0.0371
0.6449,1.0733,-0.4255,-0.0055
-1.0920,-0.2604,-0.0609,0.3201
-0.2762,-0.0337,-0.0087,0.6059
-0.2459,1.3548,-0.1600,0.0927
-0.0114,0.1356,0.1373,0.0455
0.7342,0.0480,0.6694,0.1199
-0.1757,-0.6619,-0.3014,-0.0930
0.4915,0.3214,0.3051,-0.2605
0.2446,-0.2922,-0.0932,0.3979
-0.6825,1.8676,-0.4869,-0.1502
0.9474,-1.1858,-0.2043,0.5096
-0.1272,1.1363,1.3331,0.5204
0.0894,1.8229,0.2024,0.3801
-0.0436,-0.1870,-0.1099,-0.5944
0.3259,0.4623,-0.2784,0.5604
-0.0110,-1.2778,0.3145,0.0906
0.0306,-0.2356,-0.1384,0.0635
-0.1486,-0.8800,-0.5070,-0.9309
0.0007,0.8247,0.5485,0.3382
0.4008,-0.2800,0.5156,0.2744
0.4222,0.7225,0.0912,-0.6082
-0.8082,-0.0524,-0.4274,-0.0840
1.0621,-0.5043,-0.5654,0.2638
-0.3114,1.3416,-0.2558,-0.1614
0.4274,1.0428,-0.4044,0.2366
0.0255,0.6184,-0.5667,-0.0947
-0.3443,-0.4098,0.1913,0.1068
1.4633,0.2430,0.0688,-0.4118
-0.0976,-1.3610,-0.4063,-0.1454
-0.0761,-0.1281,0.0621,0.6242
-0.7628,0.0469,0.0966,-0.6768
-0.2731,0.3233,0.3793,0.4293
0.2816,-0.7160,0.0126,0.1437
0.0705,-0.3431,0.1052,0.2548
1.4254,0.2715,-0.3923,-0.0079
0.4560,1.7659,0.4726,-0.5803
-0.1813,1.5057,-0.1827,-0.5162
-2.2566,-1.2780,0.2794,-0.1615
-0.0951,0.0716,0.6242,-0.0882
-0.4644,0.1637,-0.3287,-0.0023
-0.1100,0.1994,0.3523,0.7705
-0.2765,-0.7217,0.2273,0.9502
-0.9757,-0.6113,-0.1180,0.6053
-0.1818,0.9173,0.4199,0.3963
-0.0440,-1.0030,0.5743,0.7048
0.6973,0.6778,0.4981,-0.3569
0.2154,0.0787,0.3097,0.2949
0.3989,0.3845,-0.0525,0.1954
-1.1997,-0.0498,0.0418,0.6396
1.0229,0.6480,-0.1365,-0.0057
0.0519,0.6349,-0.3293,0.4023
0.6594,-0.3773,0.3147,0.0685
0.6760,0.0550,0.4266,0.1204
0.7701,0.8843,0.0911,-1.2716
-0.5428,-0.9945,0.3418,0.4173
0.0755,-0.7458,0.7708,0.6907
-0.8298,-0.3566,0.0728,0.3152
1.0598,-0.3500,0.6625,0.7229
-1.1368,-1.5532,0.2128,0.1000
-0.0097,-0.7198,-0.5128,-0.0121
0.0551,0.6645,0.0810,0.0391
0.1309,-0.3756,0.5133,0.1611
-0.4217,-0.7460,0.0713,-0.4938
1.4245,0.0227,0.4165,0.4547
0.1616,0.6974,-0.0102,-0.5000
-0.1560,0.1108,0.1331,-0.3370
0.1019,1.2372,0.4236,-0.3733
-1.1642,-0.1020,-0.2637,-0.3770
-0.0100,-0.3044,-0.7189,-0.1384
-0.1256,-0.4020,-0.1858,0.2350
-0.8972,-0.1343,0.1322,0.4210
0.6143,0.4425,0.2553,0.2670
-0.0191,-0.7634,0.7085,0.2943
-0.1138,-0.1563,0.1742,-0.4569
0.0591,-1.3357,-0.1515,0.0013
-1.0094,-0.3985,0.3778,-0.6097
-0.6278,-0.2471,0.1137,-0.0812
-0.0360,0.2266,-0.1450,0.1271
-0.3991,-0.9442,0.0478,0.0649
0.5872,0.6125,-0.0390,0.5184
0.1691,-0.5969,0.4769,0.1550
0.5944,-0.1364,0.6878,-0.4265
-0.5923,-1.6536,-0.1410,-0.4444
-0.0924,-0.6057,0.0474,-0.3204
0.1342,-0.1016,-0.0905,-1.2536
-1.0108,-0.9476,-0.0565,0.6759
0.1419,0.2390,-0.4297,-0.7051
-0.6751,-0.1805,0.1666,-0.1524
0.2003,-0.6218,0.1250,-0.0797
-0.9772,-0.9283,0.3076,-0.5725
-0.0213,0.0345,-0.3243,-0.2773
-0.1994,-0.5684,-0.1139,0.1643
-1.0341,-0.6399,-0.0096,-0.6258
-0.8443,-0.1511,0.1091,-0.8087
-0.1943,0.5883,0.1623,0.2415
0.6923,0.2403,-0.0858,0.1430
1.2018,0.3733,-0.1675,-0.1605
1.0266,1.8348,-0.2063,-0.1816
0.5247,-0.3344,-0.2341,-0.6406
0.3383,0.3912,0.1044,0.0068
0.6223,-0.2280,-0.3886,-0.3681
-0.1319,-0.3140,0.0573,0.4401
1.1757,-1.0026,0.0749,-0.2941
-0.7957,-0.0572,-0.3198,-0.6611
0.3194,1.5350,-0.4855,-0.1913
0.9275,1.3802,-0.3266,0.8412
0.6502,-0.7274,-0.4531,0.0655
0.0135,0.0706,0.0447,0.1960
1.6317,-0.6835,-0.2388,-0.3909
0.4829,-0.8655,-0.0131,-0.3293
-0.2087,-0.4239,-0.1651,-0.4998
0.8760,1.2697,-0.0399,-0.5849
-0.6783,0.9735,-0.1346,-1.3162
-0.2751,0.7684,0.1204,0.3561
0.2482,-0.5517,0.3783,-0.2782
-0.4073,-0.5619,-0.3633,-0.1422
0.7790,-0.2879,-0.4648,-0.5112
-0.0610,0.6856,-0.2121,0.4682
0.7194,-0.5117,-0.1760,0.1925
0.0722,-0.0824,-0.6039,-0.9643
-0.4801,1.0990,-0.7192,-0.8552
0.0378,-0.3491,-0.4111,0.0871
-0.2795,-0.5502,-0.4741,0.3270
1.2044,0.4217,0.3173,-0.1502
-0.8808,1.6006,-0.0784,0.0564
-0.5588,0.1184,-0.4295,-0.4484
0.5160,0.4833,-0.3314,-0.7075
-0.8406,-0.8894,-0.8521,-0.7046
0.0693,-0.6954,-0.0836,0.6893
-0.4664,1.4724,0.0016,0.4010
-0.7985,-0.1046,-0.3480,0.6648
-0.8508,-1.7495,-0.9855,-0.7381
-0.7671,0.8845,-0.3986,-0.5634
0.2806,-0.1559,-0.0414,-0.5847
-0.1021,-0.2585,-0.2831,-0.2600
-1.2423,-0.7916,0.0499,-0.0993
-0.2484,2.6964,0.1248,0.0689
-0.2769,-0.8666,-0.3647,-0.4361
-0.0759,0.2387,0.1029,0.1281
-0.0346,-0.6844,-0.5897,0.1839
-0.0155,-0.0553,-0.5887,-0.2540
-0.5160,-1.2765,-0.8879,-1.2314
-0.3304,0.4388,-0.7388,-0.5013
0.1587,-0.5850,-0.1375,-0.1898
-0.0144,0.3722,0.2065,-0.2852
-1.0754,-0.7088,0.1218,0.1697
0.3886,-0.2299,0.3017,1.5655
1.0785,0.6720,-0.0338,0.4626
0.6902,0.3683,0.0208,-0.5990
0.3500,0.1228,0.0026,0.2876
0.0719,-0.0788,-0.5025,-0.0883
-0.7677,1.0380,0.3678,-0.1737
-0.3293,-0.7740,0.0591,0.1314
1.4247,0.2317,0.3403,-0.1280
0.2088,-0.1980,0.3664,0.4208
0.1158,0.0634,0.6979,1.2219
0.7471,0.8863,0.2169,0.7478
0.9550,0.0247,-0.0804,-0.2866
0.3519,0.5036,0.8480,-0.2132
-1.0144,0.0829,0.2458,0.4999
0.0801,-0.1903,-0.2083,-0.0227
1.0171,-0.6624,0.6541,0.4500
-0.9087,-0.9415,0.0331,-0.4518
0.6459,-0.5519,-0.2914,-0.4444
0.3059,0.4178,0.1331,-0.2461
0.5545,-0.3839,-0.0369,-0.1790
0.3488,1.4932,-0.3271,-0.3087
0.6280,0.7912,-0.2618,0.1195
-0.0882,-0.1569,-0.1362,0.2717
0.3168,0.2085,-0.1097,0.4868
-0.2322,-0.8568,0.3140,0.3293
-0.1413,-0.0320,-0.3318,-0.7200
1.4306,0.9913,0.0648,0.0156
0.5750,0.4038,0.0970,0.0723
0.0973,-0.3776,0.1351,0.1385
-0.0208,0.3299,0.5683,0.3362
-0.2074,1.8311,0.1659,0.1002
0.3016,1.1958,0.0591,0.8044
-0.8868,-0.7656,-0.3362,-0.0920
0.2253,-1.1281,-0.4087,-0.1828
