100
-14.288972 -11.060478
-52.201236 -106.791208
141.116562 195.092506
-75.349768 -144.055483
42.234778 18.878495
156.105093 211.960509
-59.250775 -130.989353
14.224820 132.973001
-109.331512 -114.755110
162.340528 115.505907
-5.890779 133.939421
50.758127 116.550165
82.490839 70.379984
-116.051151 -154.816727
140.685336 98.517413
-128.358409 -129.707586
79.339161 161.029205
-182.672862 -155.120387
41.335078 -46.938016
-105.209452 -90.466192
182.964091 177.465412
193.183839 156.815504
6.289929 62.357721
106.332998 130.473792
-81.936625 -194.528894
-37.635401 -4.116231
-158.154088 -126.631506
106.812246 197.312639
-146.459259 -110.253202
155.803574 139.217704
178.718367 199.305939
-172.938505 -106.640959
-203.035123 -162.031014
-18.473720 -86.704077
75.499507 137.689066
130.554818 149.527961
-72.116772 -169.743477
-50.683091 -184.191485
-83.544390 -121.487276
-91.530638 -161.285255
5.414606 150.080569
-49.569008 -163.292294
10.439755 -11.417946
135.267045 75.152514
-67.867902 -13.061696
19.117530 33.192108
-76.465951 -33.869275
-88.960236 -65.956444
-88.946533 -19.632990
24.476332 -45.901107
2.716508 -117.747812
28.620785 66.519958
-102.010292 -49.838483
130.964942 123.604759
112.824363 84.286109
33.372751 -23.996699
-159.158653 -192.616823
58.199831 69.713241
10.780418 15.415655
-112.108466 -70.343172
122.906190 212.327664
148.113220 163.913391
-162.087479 -147.764691
-185.945341 -182.657579
13.964886 98.857644
84.415193 112.945996
-76.301425 -96.353534
97.237009 152.501611
-33.929037 -39.033880
12.889474 -90.341527
-21.092343 14.340576
69.091425 88.908320
52.546406 172.007554
-4.036040 -48.730320
-166.443611 -170.123996
43.874689 91.667406
-59.449360 -64.319339
160.170333 182.791545
-25.359758 -119.394662
65.372359 11.158692
-183.920112 -131.311632
-14.824694 -32.111182
-136.737660 -81.526566
60.110341 150.064066
117.204247 59.229910
-33.209989 -65.568812
-122.599318 -185.892054
-23.367443 -148.637252
124.804050 175.033463
-142.850503 -172.377347
-45.818620 -84.121002
-141.124718 -149.608809
82.155457 47.412541
116.695399 107.693095
169.166867 158.978382
57.386970 -19.228765
181.759934 135.414226
-96.702261 -139.007680
-4.521158 91.579853
-8.328568 38.316094
