-0.0880
-0.4909
0.8623
-0.0887
-0.3300
-0.7760
0.5161
0.2152
-0.7221
-0.6879
-0.7464
0.2322
0.1060
-0.2046
1.2346
-0.7270
-0.5663
0.0527
0.8136
-0.1523
-0.4339
-0.5181
0.7401
0.7833
0.2285
0.4687
0.0067
0.0500
-0.0452
0.2674
0.3816
0.6850
0.1093
-0.3764
0.0004
-0.7841
0.1006
-0.1808
0.2399
0.1584
-0.8846
0.9606
0.0344
0.6520
-0.3462
-0.3380
-0.0422
-0.2894
-0.1266
-0.3060
0.2468
0.3621
0.4558
0.7350
-0.6915
0.0306
0.6018
-0.3837
-0.3830
-0.2855
0.5558
-0.4008
0.0807
-0.2192
-0.4495
-0.0687
-0.2485
-0.2396
-0.5982
0.6750
-0.2485
1.2865
0.4193
-0.0957
0.4316
0.4666
0.2532
-0.3876
0.2536
0.2085
-0.0444
-0.5578
0.1517
-0.3392
0.3742
0.1478
-0.2944
0.1031
0.2334
0.6103
0.0127
0.6667
-0.1782
-0.0882
-0.1599
0.1927
0.7336
0.3447
-0.3888
0.1621
1.1050
-0.0829
0.2456
-0.3934
0.5966
0.3603
-0.2890
-0.2474
0.5674
0.5637
0.4893
0.2393
-1.0523
-0.5303
-0.4479
-0.5024
-0.4464
-0.1094
0.8462
0.1608
0.1144
-0.3552
-0.3407
-0.5754
-0.7614
0.0945
-0.2013
0.2139
0.6266
-0.5513
0.7121
-0.3747
0.2575
0.1483
0.1209
-0.4271
-0.5397
-0.2235
0.2266
0.3892
0.5160
0.3236
0.0096
-0.2269
-0.1810
0.8768
-0.0532
0.6952
0.9340
-0.4462
-0.6176
0.2019
-0.1461
0.3431
1.2054
0.1806
0.0058
1.1153
-0.3269
1.1367
-0.0833
-0.5432
-0.7745
-0.5210
-0.3597
-0.3868
-0.2474
0.3190
-0.3848
0.7876
0.4862
0.7117
-0.0034
0.4538
0.2935
-0.3326
-0.0412
-0.0167
-0.3290
0.4762
-0.1882
-0.1242
0.1992
0.0273
0.1754
-0.1331
0.1790
0.0786
0.7123
-0.6335
-0.6617
-0.8812
-0.6901
0.7276
0.1713
0.3955
-0.3197
0.0816
-0.2140
0.4904
0.4900
-0.1791
0.8596
-0.2089
-0.2398
-0.5005
-0.4835
-0.3682
0.2024
0.7476
-0.3620
-0.5297
-1.4082
0.0366
-0.0401
-0.2889
-0.2546
-0.3538
-0.2065
0.3160
-0.1916
-0.0344
-0.6204
-0.2281
-0.2174
0.8854
1.2745
0.6198
0.6215
-0.0732
0.7930
-0.3053
0.2464
0.1583
-0.4170
-0.1525
0.8251
0.3203
0.1638
0.1783
-0.0393
-0.5965
-0.4099
0.2561
-0.3680
0.5935
-0.4387
-0.4462
-0.3404
-0.3539
-0.1701
0.0651
-0.0373
0.6016
-0.0978
0.0885
-0.1435
0.3807
0.2705
0.0360
0.1828
-0.0824
0.0154
-0.1758
0.4640
0.7735
0.0604
0.4834
0.4839
-0.8583
0.0734
0.1029
0.7557
0.5417
0.3151
0.2294
0.7710
-0.0892
0.2231
0.6187
-0.2098
0.1261
0.4188
-0.2300
-0.4815
0.5615
-0.4896
-0.2788
-0.0664
0.2015
-1.3749
-0.6538
-0.3937
-0.8350
-0.1811
-0.1554
-0.1714
-0.6867
0.0732
0.1327
0.1516
-0.1337
0.1765
0.3218
-0.2794
-0.4122
-0.1378
-0.0283
-0.1842
-0.1306
0.0217
-0.3018
-0.0286
0.0373
0.2455
-0.5755
-0.2595
-0.0886
0.5445
-0.0548
0.1362
0.0704
0.3947
-0.1264
-0.2663
0.4719
-0.3766
1.2159
0.0726
0.1294
0.1250
0.1143
0.7133
-0.0011
-0.0429
-0.2698
0.1268
0.1689
0.6166
1.0426
-0.1743
0.3333
-0.7674
-0.0167
-0.4690
0.5752
0.0432
0.0439
-0.1490
-0.1635
0.7620
0.4427
-0.0656
0.8541
0.1196
-0.0506
-0.3444
-0.1713
-0.5719
-0.2223
-0.1825
-0.3868
-0.4327
-0.0024
0.1985
0.7035
0.0322
-0.3628
-0.2121
-0.0962
0.5201
1.0651
0.2952
0.1152
0.5498
-0.0225
-0.2785
0.2045
-1.0335
-0.5795
0.3800
-0.2728
-0.3399
-0.2466
0.7195
-0.3700
0.0650
-0.5229
0.0658
-0.7282
-0.4301
-0.3395
-0.3333
-0.5360
-0.2399
-0.2683
-0.5256
-0.6590
-0.7500
-0.0827
-0.2945
0.5540
-0.3014
-0.0485
0.0895
-0.2873
-0.0129
-0.2076
0.1609
0.1648
-0.3156
-0.2955
0.1940
0.2857
0.6398
0.0995
-0.0059
0.2122
-0.3784
1.0503
-0.4935
0.7510
-0.2505
0.3001
0.0464
0.3419
-0.4414
-0.6043
0.0374
-0.3253
-0.2078
0.3994
-0.3480
0.5612
0.8728
0.3943
-0.5942
-1.0142
-0.1955
0.1066
-0.0055
-0.1110
0.3976
-0.0252
0.5627
-0.4497
-0.0501
0.0134
0.1270
0.4049
-0.3861
0.4528
-0.1987
0.6804
-0.2515
-0.5929
0.4016
0.0732
-0.0314
-0.0142
0.5918
0.1465
0.1994
-0.2439
-0.3871
-0.4346
0.2731
0.4510
0.1974
0.3150
-0.5025
0.5650
-0.0260
-0.6088
-0.6523
0.6958
0.0034
0.1886
0.3113
0.4913
0.0744
0.5531
0.2940
0.5127
0.7738
-0.4747
0.3747
0.2807
0.1307
0.4088
0.1040
-0.3474
-0.3775
-0.3487
0.0380
-0.5355
0.3491
0.5263
0.0315
0.3429
-0.1343
0.2784
-0.0604
-0.0189
0.0709
-0.7626
-0.0268
-0.0572
-0.1138
0.2069
0.4603
-0.0709
-0.0681
-1.1450
0.0572
1.0286
0.0693
0.0609
-0.5340
-0.1071
0.2026
0.2254
-0.5389
-0.0128
0.2657
0.0446
-0.6464
-0.5221
-0.1815
-0.6340
-0.4487
0.4948
0.6210
-0.4715
-0.0226
0.3846
0.9184
0.4305
-0.0587
0.5332
-0.5182
-0.8043
-0.2949
-0.7498
-0.2624
0.4653
0.7732
0.6434
-0.0318
0.1450
-0.2190
0.7020
0.2500
-0.2387
0.4576
-0.2570
-0.1539
-0.4969
0.0573
0.4671
-0.1290
0.5555
0.3456
0.5873
0.2224
0.2512
0.5260
-0.0224
0.4525
0.4697
0.3641
0.4427
0.9963
-0.2308
0.0355
0.7708
-0.2354
0.3458
0.2804
0.3717
0.9884
0.0681
0.6280
0.5821
-0.6557
0.4492
-1.0717
0.1952
-0.2699
-0.4670
1.0856
0.4447
0.1315
0.5467
-0.1144
0.0090
0.5216
0.3829
-0.7712
-0.0008
-0.3902
-0.0566
0.8506
-0.0959
-0.2600
0.2234
-0.8765
-0.6928
-0.1337
-0.3433
0.4265
0.3836
1.0110
0.8816
0.7345
0.0472
-0.6205
-0.3014
-0.1750
0.7839
0.2905
0.1567
-0.4966
-0.8244
0.1408
0.1787
-0.3844
0.2202
0.2467
0.3843
-0.4758
0.5455
-0.7158
-0.3683
0.2438
0.2983
-0.4020
0.1242
0.2019
-0.6117
0.1152
-0.3405
-0.4323
-0.0963
-0.3455
0.1326
0.1287
0.6894
0.3390
-0.2265
0.0889
-0.3146
0.9567
-0.8558
-0.3041
0.4384
0.0367
-0.7297
0.8057
-0.2264
0.2582
-0.5923
0.3000
-0.2417
-0.3631
0.3891
-0.2339
-0.2201
0.5925
-0.0861
-0.6210
0.2120
-0.2873
-0.8052
-0.2281
0.3888
0.0866
0.2335
-0.3703
0.0758
0.0819
0.1640
0.3479
-0.3603
-0.2363
-0.2114
-0.9129
0.6197
-0.0295
-0.2653
0.2167
-0.0724
-0.4062
0.5265
0.0533
0.0849
0.3126
0.3416
0.1241
0.7546
-0.0661
-0.4029
0.0765
-0.1682
-0.6063
-0.3366
-0.4472
-0.3194
-0.8244
-0.5545
0.5967
-0.3079
0.5790
0.8391
-0.4148
0.5141
-0.1137
-0.1773
-0.9313
-0.2703
0.5839
0.1284
0.1854
0.4025
0.8146
0.5922
-0.2801
-0.1450
1.0674
0.4580
-0.3539
0.3798
0.4982
0.2872
0.5269
0.2188
-0.0090
0.5149
0.3448
-0.3371
-0.2894
0.2846
-0.4944
-0.3597
-0.3234
-0.5682
-0.6528
0.6057
0.0430
-0.3799
0.6495
-0.4881
-0.0794
-0.3774
-0.0808
0.0454
0.3783
-0.2570
0.4957
0.1230
0.6958
-0.0610
0.4761
0.0835
0.1961
-0.3444
-0.4851
0.1432
0.3088
0.4457
0.3561
0.7420
-0.1042
-0.0126
0.1739
-0.2259
0.9558
-0.5751
-0.4795
-0.1985
-0.1823
0.0095
0.4665
0.4022
-0.0033
-0.2178
0.1288
0.7227
-0.0410
0.6104
-0.4094
0.2059
0.1249
-0.2725
-0.0949
0.9471
-0.3912
-0.4548
0.9816
0.1828
-0.1481
0.5221
0.3812
0.2000
-0.0747
-0.8963
-0.0800
0.6078
-0.0532
-0.5398
0.1569
0.3958
-0.0075
0.2984
0.7171
0.7202
0.7470
-0.9093
-0.1114
0.0754
0.3562
-0.5137
0.1414
-0.2795
0.2341
0.3110
0.3854
-0.2335
0.0795
0.1747
0.6562
0.5409
0.1245
0.3985
-0.1083
0.0422
0.2669
0.2839
0.2188
0.0710
0.4911
0.2105
0.0167
-0.2955
-0.0112
0.0896
-0.4301
0.5709
-0.5350
0.2573
1.1111
-0.3665
0.6511
-0.0126
0.1484
-0.3037
-0.2457
-0.3965
-0.4645
0.3685
0.3507
-0.1525
1.1452
-0.1302
-0.5395
0.3321
0.1772
-0.0589
0.2293
0.3060
-0.5408
0.4443
-0.1011
0.1379
-0.2508
0.6328
0.5953
-0.0492
-0.1458
0.4693
-0.0565
0.9844
-0.0673
0.3313
0.2037
0.4435
0.9287
0.0449
-0.1453
-0.1939
-0.3314
0.3889
0.0156
-0.4602
0.4455
-0.1638
-0.1919
-0.4510
-0.6877
-0.0160
0.5304
0.4913
0.3175
0.2376
-0.2241
-0.1235
-0.3424
0.1411
0.5755
0.0880
0.5727
-0.2941
0.0804
-0.1428
-0.0892
0.2768
-0.7083
-0.4921
0.4836
-0.1887
0.0256
-0.5741
0.0412
-0.0553
0.1607
0.6813
0.0023
-0.3181
-0.3672
0.0253
0.1952
0.3215
-0.5986
-0.7089
0.5455
0.9707
0.3340
0.5651
-0.0507
0.3604
-0.4675
0.7284
-0.4450
-0.7808
-0.8574
0.1243
0.3822
0.8502
-0.1914
0.0554
0.8325
0.7928
-0.3925
-0.3213
0.6551
-0.2409
-0.0105
-0.4457
-0.3906
-0.4087
1.1418
-0.7615
-0.0345
-0.1180
-0.0912
-0.1861
-0.2210
-0.3209
-0.5231
-0.2231
-0.1012
-0.1180
0.1957
-0.4310
-0.5119
-0.3241
-0.0765
-0.1147
0.4596
0.0893
0.0772
-0.4180
-0.3484
-0.5461
-0.1725
0.5883
-0.0720
0.0826
-0.1580
-0.7048
0.3139
-0.3863
0.4554
-0.1714
-0.5136
0.0771
0.7380
-0.4225
-0.5878
0.3153
0.3195
-0.5097
-0.7267
1.1710
0.1422
0.1239
-0.4695
-0.9023
-0.0339
-0.2724
-0.1410
0.3180
0.7905
0.2147
0.6797
-0.5001
-0.2680
0.4448
-0.1472
-0.0945
-0.1454
0.7244
-0.5938
0.8371
0.5425
0.3824
-0.3834
0.6635
-0.3753
0.3134
0.2199
-0.3744
0.6250
0.4591
0.1547
-0.4274
-0.4078
0.3084
0.1978
-0.6073
0.6170
-0.2039
-0.5111
-0.4890
-0.0835
-0.1690
0.7137
0.2839
-0.0863
0.4974
0.1431
-0.0198
-0.1482
-0.5851
0.6672
-0.2073
-0.4237
0.1196
-0.3885
0.2639
-0.5123
-0.4224
0.1888
0.4331
-0.1840
0.5724
1.0095
-0.2154
0.0338
0.0525
-0.1711
0.3522
-0.4551
0.2465
0.5675
0.8023
0.4047
-0.4733
-0.0911
0.2626
0.8320
0.2611
0.7169
-0.3299
-0.4167
0.7280
-0.0525
0.3465
0.8376
0.5178
0.8595
-0.3148
-0.2192
0.4407
0.7631
-0.0101
0.1387
0.5737
-0.5202
0.1553
-0.0771
-0.2096
-0.2789
0.4547
-0.5018
-0.0121
-0.0499
-0.0768
0.4956
-0.2201
-0.0230
1.1174
-0.1825
0.3528
-0.0634
0.3216
0.8207
0.7198
0.7457
0.0682
0.4799
0.9559
0.3791
-0.3617
0.4647
-0.3652
0.9875
0.4473
-0.1194
-0.4836
-0.7977
-0.3429
-0.3114
-0.1400
-0.5210
-0.3177
-0.3704
-0.4366
-0.8723
-0.0458
-0.1305
-0.1945
0.1408
0.0253
0.0555
-0.3921
0.4309
-0.3497
-0.4956
-0.1775
-0.4443
-0.4858
-0.5813
-0.2678
0.0450
0.5291
-0.2690
-0.2955
0.0017
0.2381
-0.2583
-0.6135
0.0761
-0.3817
0.1849
-0.4307
-0.3750
-0.3631
0.0863
-0.1744
0.3588
0.1560
-0.4496
-0.2557
-0.9664
-1.0560
-0.2971
0.1168
-0.5359
-0.4051
-1.3883
0.1352
0.3665
0.4965
0.2785
0.5420
-0.2144
-0.3996
-0.6656
-0.1482
0.4915
0.4137
-0.4657
0.4849
0.7781
-0.2107
-0.1010
0.1561
0.7222
0.2636
-0.1423
0.1439
0.4464
-0.2952
0.6174
-0.1217
-0.4065
0.8580
0.2449
-0.3650
0.4818
-0.2921
0.7791
0.7350
-0.1125
0.7415
1.2121
0.2594
-0.0377
-0.3670
0.3122
0.4612
0.8683
-0.2848
0.2720
0.6859
0.2114
-0.5909
0.0992
-0.0811
-0.2657
-0.0138
0.4969
1.1333
-0.1895
-0.2167
0.7989
-0.4199
0.8529
-0.1429
0.2203
0.3424
0.1869
0.3990
-0.2621
-0.1201
-0.3072
-1.2016
1.0246
0.5523
0.0686
0.0697
-0.1673
0.5366
-0.4031
-0.2178
-0.5266
-0.4531
-0.1786
-0.4988
-0.4580
0.3561
0.0422
0.3598
-0.3019
0.0292
0.2915
-0.4589
-0.0124
-0.7342
-0.3197
-0.7311
-0.4554
-0.2703
0.9321
-0.3348
0.8292
-0.5181
-0.3719
0.4961
-0.3612
-0.2111
-0.4163
0.3385
0.1127
0.0816
-0.0860
0.3418
0.2171
-0.2498
0.9122
-0.6675
0.7374
0.5173
-0.5457
-0.4951
-0.0367
-0.4312
-0.3272
-0.2075
0.0691
-0.3456
-0.0906
-0.2309
-0.1014
-0.2445
0.9824
-0.4955
-0.4506
-1.1148
-0.6964
0.2232
1.0212
-0.2946
-0.6915
-0.1975
1.1002
-0.1732
-0.4692
-0.1082
-0.5720
0.6717
0.3535
0.1517
-0.6161
0.2845
0.0197
0.2509
-0.2618
0.5234
0.3991
0.9796
-0.6780
0.4890
-0.4809
0.2879
-0.3598
0.6661
0.5095
-0.2284
-0.0256
-0.6381
-0.6663
-0.5517
0.1918
-0.3164
0.1812
0.0689
0.1245
-0.0145
-0.0626
-0.3822
-0.3541
-0.4573
-0.3580
-0.5114
0.1084
0.0234
-0.6657
-0.3716
0.1496
0.2366
-0.7548
-0.3437
-0.7421
0.2327
-0.6079
-0.3050
-0.7155
-0.0750
-0.0316
-0.3503
-0.1131
-0.2693
0.3931
-0.0898
-0.0524
-0.6104
-0.3867
0.2772
-0.8959
-0.3808
-0.6428
-0.3370
-0.5722
-0.5475
-0.9964
-0.0560
-0.8455
0.2383
-0.0706
-0.2816
-0.1907
-0.8177
-0.2273
-0.6331
-0.2901
-0.6373
0.1150
0.2134
-0.7901
-0.0219
-0.1596
-0.4441
-0.4532
-0.5929
-0.8155
-0.4119
0.3149
-0.2707
-0.1884
-0.1400
0.1580
0.4280
-0.1242
0.1793
-0.0567
-0.7135
-0.7349
-0.4086
-0.2143
-0.5966
-0.4618
-0.3021
-0.8721
-0.7586
-0.0327
-0.4832
0.1943
-0.7970
-0.3384
-0.1706
0.3274
-0.3265
-0.0299
-0.0728
-0.6482
-0.6200
-0.3076
-0.5378
0.1703
0.9213
-0.0167
-0.2406
0.0191
-0.0688
-0.3238
-0.6219
0.1663
-0.1096
-0.5942
-0.4124
0.7434
-0.4286
0.4134
0.5810
-0.2979
-0.1316
0.2270
-0.4118
-0.2142
-0.3945
0.0387
1.1934
-0.4138
1.1352
0.7879
0.3141
-0.8367
-0.1519
0.2921
0.1807
0.3182
0.0650
-0.3065
0.0558
-0.1456
0.0497
-1.7109
-0.1917
0.5082
-0.6534
-0.4154
-0.0778
-0.3628
0.1399
-0.3342
-0.5779
0.2132
-0.0460
0.2430
0.3924
-0.1743
0.7029
-0.0898
0.6555
0.2533
0.2681
-0.2188
0.3120
-0.2227
-0.5177
-0.3782
0.1385
0.0925
-0.2817
0.3158
-0.3795
0.1087
-0.4079
-0.0839
0.5855
-0.0005
-0.6370
0.1978
-0.6590
-0.0727
-0.5589
-0.5305
0.2259
0.4696
0.1767
-0.3236
-0.3776
0.6381
-0.0653
-0.1871
0.5557
-0.1694
0.3421
-0.0943
0.5079
0.0378
-0.1625
-0.0569
-0.2361
-0.5657
0.6382
-0.3556
0.1757
0.4138
-0.1742
0.1317
0.2349
-0.4973
-0.2602
0.0641
-0.3392
0.2497
1.0417
0.2187
0.4168
-0.1885
0.2898
0.5493
-0.2778
-0.9543
0.1933
0.5832
-0.0215
-0.8064
0.3738
-0.5626
-0.2026
0.9228
0.8996
0.1924
0.2190
-0.2452
0.1501
0.1949
0.8381
0.7795
0.2601
0.1314
0.3220
-0.0070
0.0522
-0.0220
-0.2382
-0.5450
0.4172
0.2891
0.3792
-0.6779
0.0891
-0.6748
0.1836
0.2873
-0.8856
0.6463
0.1790
-0.5175
-0.2355
0.2440
-0.1861
-0.3935
-0.1628
-0.1912
-0.0606
-0.4430
-0.1594
-0.9630
-0.1350
0.7353
0.0530
0.5159
-0.5489
0.5824
-0.3874
0.2958
-0.4252
-0.1411
-0.0279
-0.5693
-0.5833
