-0.5109,-0.3154,0.1122,0.1955
-0.3709,-0.7988,0.4220,-0.2016
-0.9849,-0.8339,-0.2949,-0.7997
-0.1134,-0.0658,-0.0175,-0.5621
-0.5726,0.1741,-0.1975,-0.3893
-0.2464,-0.2071,0.0159,-0.3855
-0.1109,-0.4401,-0.0921,0.3371
0.4349,0.3194,-0.3958,-0.7490
-0.2318,-0.5161,0.3382,0.6356
-0.4765,0.0764,0.4110,-0.6895
0.1459,-0.7339,0.3009,1.7313
-0.3287,-0.1097,-0.0542,-0.5990
-0.8131,-0.4157,0.0487,-0.2113
-0.1998,0.1700,0.8184,0.5689
-0.4171,0.2043,-0.9356,-0.5384
0.1427,-0.0247,0.5071,-0.5082
-0.5893,-0.3721,0.7385,-1.0484
0.4845,0.2286,-0.2228,-0.2377
-0.4687,-0.1470,-0.5147,-0.3816
0.2931,0.1353,0.3120,0.3216
-0.3828,-0.2860,-0.3166,-0.0044
-0.5960,-0.0602,-0.3391,-0.4957
0.2036,0.3677,-0.0357,-0.2905
-0.4916,-0.9500,0.2234,-0.4130
0.0407,-0.1946,-0.2169,-0.6829
-0.7662,-0.2643,-0.5768,-0.3043
0.6458,0.6630,-0.0632,-0.3214
0.0046,0.0270,1.1324,-0.2889
-0.3703,-0.1891,0.9186,1.6029
-0.0010,-0.0220,-0.1076,-0.0249
0.5435,0.3055,-0.2037,-0.3069
-0.6073,-0.2949,-0.2947,-0.3213
-0.2086,-0.1799,0.4113,0.0523
0.3984,-0.0908,-0.3167,1.3661
0.0281,-0.0465,-0.6293,-0.9864
0.2079,0.4242,-0.1873,0.5501
-0.1929,-0.2459,-0.3379,-0.3313
0.1223,-0.0199,-0.5436,-0.0860
-0.1076,-0.2174,0.2752,-0.0930
0.7219,0.4951,-0.2232,-0.3102
0.3084,-0.0398,0.5234,-0.0556
0.3233,0.3106,-0.3828,-0.4916
0.1608,0.3342,-0.5624,-0.8124
0.0425,-0.1069,-0.1144,-0.6293
0.2111,0.3743,-0.2026,-0.5866
0.2605,0.2803,0.0795,0.8529
0.4713,0.3462,-0.6643,-0.5733
0.5669,0.4958,0.3363,0.8289
0.3000,0.0591,-0.8805,-0.1846
-0.0944,0.1742,-0.2341,-0.2223
0.6111,0.5808,-0.3309,-0.4413
-0.3587,-0.0949,-0.5547,-0.8589
-0.2602,-0.0009,-0.2925,0.3255
-0.6473,-0.1699,-0.5157,-0.3144
-0.5030,-0.0487,0.5042,0.9794
0.1771,-0.0085,-0.5422,-0.3456
-0.6999,-0.0790,-0.1251,-0.3878
-0.0375,0.1497,0.2900,0.2527
0.1744,0.4368,-0.4541,-0.2765
0.2735,0.2828,-0.6537,-0.3757
0.6939,0.3817,-0.4533,-0.5368
-0.6507,-0.3634,0.0341,-0.2064
0.2882,0.2529,-1.2471,-1.1252
0.1998,-0.0396,-0.2076,-0.6137
0.0984,-0.3783,0.1905,0.6651
0.3534,0.4667,-0.7959,-0.7491
0.5827,0.5741,-0.3253,-0.6685
0.4157,0.5190,0.0448,-0.0581
0.4591,0.0522,-0.4303,-0.2129
-0.3505,-0.0877,-0.6311,-0.2524
0.0105,-0.2960,-0.1212,0.2558
0.4892,0.0593,-0.0668,-0.5102
0.5089,0.4031,-0.5534,-0.6415
-0.0400,-0.1964,0.6288,0.4420
-0.1590,0.0230,-0.0460,-0.1976
-0.2941,-0.4611,-0.2353,-0.7940
0.1819,-0.2083,-0.0331,-0.4251
0.1271,0.0887,0.1114,-0.3265
-0.1869,0.1902,0.5131,0.0626
-0.7331,-1.0423,-0.1006,-1.0478
0.1966,0.1239,-0.1330,0.7687
-0.2652,-0.4029,0.2591,-0.0089
-0.3880,-0.1753,-0.2296,-0.6436
-0.2407,-0.2252,0.0070,0.1698
-0.0348,0.4333,-0.1779,-0.2067
-0.2979,-0.2246,-0.2258,-0.3910
0.1834,0.2608,-0.4146,-0.4015
0.2761,0.1290,-0.0944,0.3048
0.1984,0.1391,0.1499,1.4217
0.2586,0.1966,-0.4222,0.1779
-0.0712,-0.1702,-0.2762,-0.0784
0.0836,0.0423,-0.3263,-0.3782
-0.1999,0.2123,0.0552,0.4842
-0.0240,-0.0573,-0.2866,-0.5074
0.0078,-0.2908,-0.0991,-0.2491
0.3435,0.4118,-0.1698,0.8970
0.3036,0.2559,-0.4478,-0.5465
-0.0578,0.0188,-0.2143,-0.6710
-0.3427,-0.4793,0.7563,0.6616
-0.7757,-0.5826,0.6310,-0.5452
-0.3399,-0.4631,0.6180,0.0665
-0.2409,0.0137,0.1967,0.4911
0.2165,0.1674,-0.5038,-0.2827
-0.1056,-0.2506,0.8023,2.3467
0.3362,0.2649,-0.2160,-0.2614
0.4741,0.2015,-0.1415,0.0076
0.2866,0.1555,-0.6053,0.0001
0.3657,-0.0039,-0.4627,0.0179
0.3529,0.1104,-0.2289,-0.8796
-0.0528,0.0769,0.1708,0.0767
0.6195,-0.1775,1.0721,-0.5372
-0.2452,-0.0480,1.3181,-0.0175
-0.7367,0.1612,0.9868,0.3535
0.2662,0.1669,1.3704,0.7488
-0.4995,0.3975,1.3193,0.5469
-0.2219,-0.0976,0.4947,1.1394
0.1560,0.4591,1.0092,-1.0953
-0.1071,0.5104,0.0029,-0.3966
-0.2769,-0.2020,-0.0446,-0.2203
-0.1719,-0.2969,-0.1475,0.4828
-0.0801,-0.1937,-0.1455,-0.2198
0.3578,0.5564,0.5237,0.6990
0.6549,0.5412,0.3474,-0.7690
-0.3118,-0.4406,0.0789,1.2821
0.2044,0.3444,0.8637,1.3667
0.2120,0.1483,-0.1815,0.2089
0.0591,0.1609,-0.7466,0.2819
0.3175,0.1226,-0.3686,-0.2684
0.4848,0.2557,0.2057,0.4796
0.1163,0.1234,0.4508,0.0408
0.2157,0.0475,-0.5788,-0.4194
0.2145,-0.1058,0.0456,-0.4347
0.3460,0.2736,-0.3870,0.3458
1.3205,0.7490,-0.1795,-0.2547
0.1399,0.0719,-1.0466,0.2079
0.2772,0.4269,0.7205,1.4765
-0.4752,-0.7283,-0.1880,2.1788
0.1860,-0.2717,0.4587,-0.4583
-0.1108,0.0655,-0.1943,0.4571
0.3028,0.1578,-0.5180,0.0891
-0.1474,-0.6792,0.0827,0.1662
0.1599,0.3778,-0.2149,-0.7283
-0.1112,-0.7820,0.4724,0.7471
-0.1343,0.1019,-0.4835,0.6658
0.2103,0.4685,-0.0402,0.2730
-0.8555,-0.2570,0.1423,-0.1603
-0.0689,-0.1868,0.2985,0.2547
-0.2782,0.3062,-0.6388,-0.4521
0.5193,0.0552,-0.4316,0.0145
-0.1891,-0.2430,0.4913,0.5739
-0.3347,-0.2156,-0.5550,1.1095
0.3655,0.3462,-0.2959,-0.5247
0.3754,0.3850,-0.4203,-0.5821
0.4986,0.4601,-0.4037,-0.6467
-1.0895,-0.4747,0.1898,-1.2526
-0.3819,-0.2679,0.6652,2.7029
-0.3806,0.5163,-1.1062,0.1208
0.2409,0.2405,-0.0339,-0.1301
0.3890,0.3078,-0.3915,-0.5721
0.6988,0.3030,0.5185,-0.6148
0.2655,0.1315,-0.9551,-1.1624
0.0134,0.1929,-0.7756,0.3297
-0.6020,-0.0763,0.0888,-0.4517
-0.0176,0.2245,0.0731,0.1969
0.1203,-0.1241,0.0084,0.7025
-0.5656,-0.4403,0.0770,1.6638
0.2838,0.0138,0.0794,-0.1466
-0.7533,-1.3585,0.1624,-0.2782
-0.7493,-0.4624,-0.2369,1.0756
-0.5294,-0.2790,-0.5041,-0.5133
0.5234,0.0392,-0.1222,-0.0938
0.2672,-0.1309,-0.3549,-0.4465
-0.0039,-0.0178,0.1957,-0.3879
0.2425,0.2146,-0.4807,-0.6114
0.7495,0.7148,-0.3487,-0.7472
-0.4354,-0.4012,-0.4100,-0.8926
0.3872,0.4806,-0.2808,-0.6296
0.3362,0.1233,-0.6410,-0.5465
0.2717,-0.4140,0.0355,0.4326
0.0729,0.0564,-0.9257,-0.0922
0.2574,0.3147,0.5607,1.1320
0.2217,0.1240,0.2626,2.5452
-0.2180,-0.1930,-0.4255,-1.1410
0.5299,0.4917,-0.0053,-0.2908
-0.2055,-0.1510,0.5584,-0.2959
-0.0386,0.1441,-0.1635,0.2982
0.4282,-0.2528,0.1881,-0.6384
-0.4887,-0.3118,0.4596,0.0788
0.2834,0.3001,-0.3804,-0.2632
-0.2313,0.0355,-0.1758,-0.0764
-0.5043,-0.6451,1.1287,1.6331
0.6236,-0.5574,0.3647,1.3760
-0.9391,-0.2938,0.4617,-0.2263
-0.1299,0.3743,0.0177,-0.4953
0.2846,0.3470,-0.5450,-0.7071
0.3404,-0.0634,-0.1318,-0.0691
-0.2447,-0.2560,-0.0476,-0.1504
-0.1012,-0.7391,0.3073,-0.7503
-1.6457,-0.8339,0.3704,-0.0218
0.1354,0.2252,-0.6569,-0.3866
-0.0584,0.2566,-0.8269,-0.9167
-0.0199,0.3159,-0.4065,-0.6182
-0.1023,0.0025,-0.4766,-0.5717
0.2713,-0.0696,-0.1263,0.2685
-0.4647,-0.0045,-0.2228,-0.3055
-0.5280,-0.3639,0.3019,0.1738
0.6106,-0.2059,1.2971,0.6238
-0.4464,-0.3611,1.1400,0.8023
0.6736,0.3265,-0.2025,0.0209
-0.9523,-0.3100,-0.4945,-0.7859
0.6693,-0.2550,0.0385,0.0959
-0.0482,0.1574,-0.3164,0.8674
0.1483,-0.0381,-0.1390,-0.1709
-0.1280,-0.1357,-0.1188,0.1774
0.2912,0.3270,-0.4095,0.6983
0.3631,-0.4375,0.1012,0.7689
0.5144,0.2158,0.1094,-0.6259
-0.5081,-0.0256,-0.1722,0.5324
0.2533,0.0514,-0.1519,-0.1332
0.0630,0.1287,-0.1013,-0.2604
0.2264,0.2446,-0.0132,0.4548
-0.3559,-0.5780,0.3606,0.8717
0.0424,0.0834,0.4233,1.3522
-0.1499,0.0702,-0.4932,-0.6791
-0.5184,0.0252,1.0531,0.0214
-0.4332,0.0383,-0.1785,-0.5169
-0.2536,-0.1165,-0.3482,-0.6277
0.3126,0.2698,-0.1128,-0.3466
0.3205,0.5156,-0.2882,-0.2784
-0.2218,-0.2821,0.3355,-0.4951
0.1195,0.2407,-0.2518,-0.6515
-0.3769,0.0266,0.3752,-0.5310
-0.6448,-0.3196,-0.3695,-0.1150
-0.0556,0.1872,-0.6319,0.6022
-0.1206,-0.3240,1.3556,0.3330
-0.5956,-0.1672,-0.2244,1.5669
-0.2952,0.4960,-0.4125,-0.1058
0.1611,0.0831,0.4975,0.2952
-0.0896,-0.0817,0.3762,0.5444
-0.7684,-0.5238,0.2797,0.4410
0.4987,0.3996,-0.1642,-0.5415
0.1237,0.3078,-0.1385,-0.5106
0.2747,0.2191,0.2269,0.0735
-0.0279,0.2002,-0.3855,-0.5791
-0.2154,-0.4816,0.0635,-0.2724
-0.1413,-0.0464,-0.2650,-0.3289
-0.0731,-0.8561,0.2554,0.7656
0.3624,0.3162,-0.0330,0.2815
0.5171,0.5171,0.1988,0.5085
-0.1441,-0.0253,-0.2472,0.3629
0.1703,0.1556,0.3864,1.2708
0.3621,0.5099,0.0189,-0.4062
0.4370,0.2760,0.3140,0.5632
-0.2496,0.0214,-0.5051,-0.5490
-0.1544,0.2934,0.2125,-0.1431
0.2530,-0.2583,0.3660,-0.1182
0.4361,0.1121,1.0653,-0.4512
0.2908,0.1419,0.4987,-0.2260
0.8064,0.3176,0.0247,1.2038
0.4573,0.4816,-0.6742,0.1382
-0.1946,-0.5525,-0.1939,0.1255
-0.1743,0.1903,0.1492,-0.2947
0.5156,0.2584,-0.6277,0.2280
-0.4241,-0.1475,0.4561,1.8650
-0.1279,-0.1740,0.1331,0.3821
-0.5241,-0.4099,-0.4680,-0.0488
-0.0886,-0.1791,-0.1424,0.1360
0.3420,0.5148,-0.0923,-0.5879
-0.1133,-0.2411,-0.6686,-0.3913
0.0374,0.2020,1.3644,2.2406
0.5868,0.2818,-0.3372,-0.5063
0.0738,0.0626,0.1838,-0.3319
0.4453,0.4650,-0.0156,-0.1729
0.3730,0.2723,0.0151,0.2174
-0.1220,-0.2640,0.1155,-0.0159
0.0507,-0.0852,0.2349,0.5216
0.2033,0.1094,0.1927,-0.1430
-0.4929,-0.1579,-0.0807,0.1832
-0.5390,-0.6573,0.1928,-0.4967
-0.0130,0.0811,-0.3730,-0.1752
-0.3426,-0.6414,0.2393,-0.6817
-0.3434,0.1153,-0.3167,-1.0370
0.2310,0.3492,-0.1357,-0.7371
-0.0024,0.2138,0.4888,0.2483
0.0725,0.0418,0.9779,1.2283
-0.4265,0.2409,0.2404,0.2145
-0.1124,-0.4321,0.3428,0.6773
-0.1892,-0.4835,0.2754,-0.2959
-0.3377,-0.2588,0.2327,1.3566
0.2484,0.3078,-0.6490,-0.3674
-0.0362,-0.3429,-0.4561,0.3450
0.0149,0.0370,0.6123,0.5362
-0.6566,-0.5475,0.3937,2.0140
0.0735,0.1470,-0.1513,-0.3479
0.2053,-0.3474,0.3817,-0.2416
-0.0364,0.0512,-0.1773,-0.0015
0.3364,-0.1391,0.7601,0.0505
0.1602,-0.0585,1.0126,1.6525
0.1781,0.0562,0.3454,0.8037
-0.0862,0.1935,0.1749,-0.1637
0.3915,0.1202,0.0173,0.1109
-0.6536,-0.2734,0.1628,-0.2212
-0.5527,0.1121,-0.0453,-0.2150
-0.2764,-0.0235,0.7676,-0.3553
-0.3302,-0.2228,-0.0929,-0.2218
-0.0647,0.3279,1.2523,2.2023
-0.0657,-0.3909,-0.2694,0.0469
-0.3693,-0.1900,-0.7899,-0.6130
-0.0863,0.1696,-0.1156,-0.4372
0.0695,-0.2479,0.4234,0.5393
0.0388,-0.2928,0.3238,-0.5180
0.0160,0.0607,0.4780,0.3515
-0.1971,-0.1856,-0.4425,0.1668
0.3283,-0.1752,-0.3034,-0.4550
0.0689,0.2857,0.5558,0.6014
0.5541,0.1684,0.6655,-0.0339
0.4107,0.1050,0.3325,0.0166
-0.7343,-0.1869,0.5407,-0.2015
0.4309,0.4819,-0.2590,-0.2337
-0.2728,-0.0931,0.7233,0.1091
0.0103,-0.2799,0.2750,0.7076
0.0694,-1.0120,-0.8855,-0.2801
0.5136,0.4793,-0.4095,-0.7825
-0.0421,0.0589,-0.1471,-0.7686
0.5341,0.3073,-0.0946,-0.3128
-0.1826,-0.2222,-0.8145,-0.4040
-0.5010,-0.4667,0.6289,-0.1520
-0.1221,0.3114,0.5201,-0.5421
0.5246,0.6795,-0.7477,-0.5550
-0.1826,-0.7659,0.3136,0.5827
-0.0182,0.3303,-0.1209,-0.5501
0.0959,0.3104,0.0582,-0.0964
-0.0670,0.2453,-0.4605,-0.7804
0.1617,-0.4007,1.8320,1.2830
0.5177,0.4868,-0.3453,-0.0486
0.2303,0.2505,-0.3792,-0.1554
-0.3197,0.0111,0.2306,0.1776
-0.2250,-0.1094,-0.5482,0.3740
0.1242,0.2030,-0.1861,-0.1186
-0.0807,0.2660,-0.2478,-0.4857
-0.4190,-0.0832,0.5279,-0.2846
-0.1008,0.0292,-0.0402,-0.2330
-0.2019,-0.1062,0.2001,0.2341
0.4806,0.5236,0.0526,0.7450
0.5626,0.4385,-0.1945,-0.8223
-0.0621,-0.0311,-0.1239,-0.3338
0.3322,0.4023,-0.4381,-0.6966
0.2848,0.3376,-0.0999,-0.2321
-0.0380,-0.2309,0.4911,-0.0908
0.0651,0.2865,0.8787,-0.2727
-0.2305,-0.0063,0.1876,-0.4184
-0.7746,-0.3381,-0.6944,-0.3929
-0.2550,0.0984,0.0086,-0.1444
0.0571,0.2811,-0.1463,-0.1530
0.4360,0.4337,-0.1001,-0.2036
-0.4426,-0.2596,-0.8791,-0.2947
-0.2722,0.0542,-0.9309,-0.8166
-0.7414,-0.5470,-0.3404,0.0717
0.0261,0.1187,-0.9015,-1.2711
-0.2336,-0.2947,-0.0414,-1.0694
-0.5388,-0.4595,-0.8431,-0.5671
0.3786,0.4508,-0.1803,-0.6233
0.1671,-0.4658,-0.4214,1.0289
-0.5744,-0.8260,0.4014,0.0013
-0.0526,0.1338,0.3875,-0.2196
0.2122,0.2333,-0.0553,0.0617
-0.1395,-0.8233,-0.7443,-0.3744
-0.5875,-0.2122,1.3648,1.7094
-0.2678,-0.2520,0.7024,0.5975
-0.1238,0.0064,0.0867,0.2255
0.0135,-0.0787,-0.3887,-0.9053
-0.2323,-0.1703,-0.6275,0.1396
0.0496,-0.3107,-0.2654,-0.1917
0.2585,0.0680,-0.3175,-0.4256
-0.0769,0.0677,-0.0960,-0.5036
0.1195,-0.5347,0.1577,-0.5547
-0.0767,0.0254,-0.4851,-0.7466
0.4716,0.4747,-0.1685,-0.0269
0.8452,0.0728,0.8016,1.6995
0.2917,-0.1650,0.4467,1.4923
-0.3603,0.2127,0.2325,-0.1344
0.3234,0.3260,-0.5389,-0.2275
-0.2047,0.3136,-0.3909,0.1672
-0.2904,-0.3206,0.5046,-0.7321
0.3095,0.4152,-0.7931,-0.8928
-0.3720,-0.6710,0.2856,1.1360
0.0740,0.1295,-0.2219,-0.3092
-0.1471,-0.1594,0.2475,0.5761
-0.2956,-0.1069,0.3335,0.4037
-0.1733,-0.3844,1.2683,2.0866
0.3274,0.1838,-0.1871,-0.1294
0.4359,-0.2910,0.3964,0.9071
-0.0078,-0.2046,-0.2452,-0.8665
0.0093,0.2065,-0.2659,0.5035
0.3339,0.3117,-0.4076,0.3173
0.2004,0.1386,0.5360,0.1380
0.2472,0.2027,-0.2945,-0.6338
0.3386,0.0844,-0.1867,-0.3731
0.0687,-0.0260,0.2133,-0.4842
0.8691,0.4598,-0.5466,-0.3769
0.3587,0.2079,0.1632,-0.1008
0.3655,0.3761,-0.1107,-0.4715
1.1118,0.6705,-0.0237,-0.3354
0.3668,-0.0480,0.1061,-0.0281
0.3732,0.2739,-0.4094,-0.6590
0.0939,-0.1211,-0.0719,-0.0822
-0.0748,-0.2808,-0.1795,-0.6817
-0.3989,-0.4732,0.3100,-0.2647
0.1754,-0.6654,0.0825,0.0304
-0.0585,0.1302,-0.8810,-0.5788
0.0623,-0.0271,0.4684,0.2020
0.3804,0.5750,-0.0124,1.3866
0.0466,0.1323,-0.2623,-0.4224
0.3932,-0.0131,-0.1777,-0.1811
0.1108,0.2036,0.3305,-0.3680
-0.0652,-0.1275,0.1508,-0.7426
-0.5128,-0.2222,0.0190,0.1614
0.3476,0.5997,0.0918,0.3144
0.2978,0.2901,0.0077,-0.6959
0.0870,0.2159,-0.2329,-0.1172
-0.0713,-0.6112,0.1079,0.0995
-0.0207,-0.0530,0.0331,0.2253
0.2883,0.3454,-0.3491,-0.3642
-0.3626,0.1474,-0.4622,0.8646
-0.1753,-0.2940,0.2491,-0.0517
0.0235,0.4312,-0.0884,-0.8592
0.1213,-0.3382,0.6112,1.0191
-0.3529,0.1336,-0.3396,-0.4321
-0.3658,0.2654,-0.2129,0.0910
-0.4864,0.2916,-0.0151,-0.2953
0.4019,0.3202,-0.4178,0.3361
-0.7476,-0.7182,0.3675,0.0518
1.1531,0.4247,0.5519,1.4721
0.3615,0.1183,-0.2396,-0.4461
-0.1982,0.0189,0.0631,-0.2204
0.4923,0.1546,-0.3848,-0.2957
0.0539,-0.6618,-0.8818,-0.5305
0.3561,-0.1086,0.3328,0.0013
-0.3418,-0.3821,0.7089,-0.1313
-0.2149,-0.2787,-0.2509,-0.0315
-0.1669,0.3235,-0.1001,-0.3422
0.1261,-0.1430,-0.1169,-0.5064
-0.8030,-0.4506,-0.2043,0.0578
-0.0008,0.2730,-0.4185,-0.1710
-0.0489,0.1862,-0.4688,-0.3189
-0.3597,0.2386,0.0633,0.0631
-0.0538,0.1084,-0.3059,-0.2779
-0.5031,0.1886,0.3954,-0.4149
0.2047,0.2040,0.4161,0.3477
-0.6008,-0.0645,0.0919,-1.0798
0.2195,0.0009,-0.1477,1.2243
-0.4789,-0.5351,-1.3222,-0.7996
-0.4376,-0.6628,0.6856,-0.7676
-0.2545,0.1060,0.3375,1.1677
0.3607,0.2769,-1.4976,-0.3420
-0.0872,0.3074,-0.0248,-0.4459
-0.6996,-0.1658,-0.2671,-0.5757
0.3527,0.1592,0.8291,0.0435
0.0454,-0.1693,-0.4065,-0.1557
-0.2136,0.4499,0.3908,-0.4276
0.5299,0.6310,-0.8953,-0.1733
0.1848,-0.1450,-0.8249,-0.6916
0.4630,0.3209,1.1502,0.2975
-0.4008,-0.1641,-0.4645,0.5033
0.1830,0.3125,0.7979,0.3766
0.2531,-0.4456,-0.8342,-0.6182
-0.0843,0.1444,-0.0641,-0.2777
-0.1850,0.1057,-0.4150,0.0414
-0.0837,-0.3582,0.1699,-0.6007
-0.0585,0.1281,-0.2489,-0.2940
-0.1651,-0.4446,0.0870,0.7946
-0.6993,-0.3292,-0.2867,-0.3325
0.2709,0.1622,-0.2815,-0.3375
-0.0754,0.0007,0.4208,0.4720
0.3668,-0.1235,-0.2523,0.1818
-0.2607,-0.1456,-0.0818,-0.9579
0.4044,0.3051,-0.6463,-0.1261
0.1253,0.0071,-0.7059,-0.2882
0.0843,0.0853,-0.4395,0.4572
0.2854,0.2144,-0.1627,-0.1962
0.2440,0.1874,-1.2663,-0.2966
-0.5144,-0.5996,-0.1286,-0.2336
-0.3355,-0.1979,-0.2318,-0.2179
-0.4773,-0.6195,0.4838,-0.1062
-0.2541,0.2160,-0.1526,-0.5047
-0.0543,-0.0511,0.1874,1.0037
0.3650,0.5386,-0.2021,-0.3531
-0.0112,-0.0667,-0.4472,-0.7808
-0.2786,0.2569,-0.6836,-0.2310
-0.2130,-0.0660,-0.4768,-0.5926
0.1117,0.0286,-0.2212,-0.5331
0.5952,0.4979,0.6449,0.0811
-0.6856,-0.2241,0.6032,1.5284
0.2844,0.5887,0.4587,1.6552
0.1082,0.3637,0.0665,1.7860
-0.1523,-0.1192,0.1995,-0.5229
-0.0116,-0.0884,-0.0473,-0.7375
0.2685,0.1419,-0.1801,0.3931
-0.7793,-0.6517,0.2831,-0.3349
0.2768,0.0323,-0.1867,0.2039
-0.0853,-0.1862,0.2991,-0.3124
0.4871,0.2287,0.0734,-0.2672
0.1681,0.0201,0.2475,-0.6120
0.6597,0.4469,0.3676,-0.4946
0.0565,0.0520,-0.1686,-0.6599
0.4254,0.2290,-0.5434,-0.5322
-0.0227,-0.2155,-1.0197,-0.7290
-0.2535,-0.2331,-0.3141,-0.4318
0.0233,0.1230,0.0611,-0.5326
0.6105,0.3675,-0.7230,-0.3331
0.1892,0.2970,-0.3597,-0.4712
-0.7698,-0.2277,-0.1069,0.1494
-0.0739,0.1637,-0.4811,-0.4728
0.5598,-0.3795,-0.0450,-0.3410
0.0379,-0.2724,-0.4798,-0.7397
-0.7251,-0.5546,0.5829,-0.7236
0.2904,0.2242,-0.3446,-0.5133
-0.6053,0.1455,-0.6842,-0.4452
-0.3715,0.1045,-1.0404,-0.3307
-0.3032,-0.0323,0.7908,-0.2757
-0.3470,-0.0398,-0.2792,-0.3770
0.0548,0.1446,-0.4167,-0.5243
-0.1136,-0.4612,0.2066,0.2644
-0.0311,-0.1665,-1.0022,-0.5765
0.1797,0.3808,-0.5977,-0.5845
-0.0282,0.2358,0.0601,-0.3903
-0.0943,0.1880,0.2485,-0.4830
-0.1853,0.0402,0.5484,1.0130
0.2648,0.3901,-0.6065,-0.5854
-0.0564,0.1332,0.7671,-0.4050
-0.9515,-1.2505,-0.2477,0.4258
0.1189,-0.0975,-0.8946,-0.0670
0.4801,0.0432,-0.2581,-0.8060
0.3638,0.1200,-0.5430,-0.4241
0.6597,0.4855,-0.1200,-0.4716
0.4702,0.1489,0.0362,-0.7915
-0.2671,0.1526,0.0519,-0.3458
0.2605,0.2836,-0.3878,0.8632
-0.1393,-0.2615,0.2632,-0.0645
-0.1833,0.0688,-0.0892,-0.1107
0.6291,-0.1011,0.3113,0.9096
-0.0316,0.2691,0.5582,-0.0278
-0.1526,0.2412,-0.0812,-0.3103
-0.3152,-0.3093,0.0519,-0.4927
-0.3069,-0.0733,1.0870,1.5036
-0.1496,0.5737,-0.1867,0.1129
0.1287,0.5308,-0.3047,-0.6573
0.3647,-0.1227,0.2697,-0.5839
0.2388,-0.1084,-1.0869,-0.4565
-0.1392,0.3296,-0.2521,0.7635
-0.0260,0.1354,0.0305,-0.3151
0.3837,-0.0263,-0.3373,-0.1617
0.1539,-0.0915,0.0061,-0.3838
-0.5566,-0.7072,0.1713,-1.1100
0.0405,-0.0176,-0.0603,-0.5880
-0.1002,0.1902,0.2548,0.0262
-0.5034,0.0579,0.8884,-0.2150
0.0087,0.0695,0.2498,1.7482
0.1854,0.3438,0.4231,-0.2077
0.2820,0.4780,-0.1925,-0.0444
0.4276,0.1936,-0.0704,-0.0046
0.5503,0.6037,0.0810,0.0086
-0.3992,-0.1863,0.1480,-0.8810
0.7350,0.8269,-0.0513,-0.4418
-0.0568,0.0869,-0.0109,0.0603
0.2876,0.2760,-0.1302,-0.7642
0.1950,0.0686,-0.1316,0.7698
0.3229,-0.1193,-0.2159,0.3665
0.3870,0.2383,0.0471,-0.0685
-0.6459,-0.3736,-0.0256,0.0207
0.3218,0.2112,0.0508,-0.0782
-0.2243,0.1106,0.1723,-0.2738
0.0440,0.0899,-0.6056,0.4931
0.1442,0.3506,-0.1677,0.2196
0.6206,0.4660,-1.2151,-0.3727
0.2719,0.1793,-0.0922,-0.3388
-0.1999,-0.4234,-0.0574,-0.2173
0.3869,0.2551,0.2205,-0.3563
0.3943,0.4075,0.2188,0.0374
0.4023,0.4109,-0.6274,-0.5583
0.0500,0.1455,-0.8960,-0.5351
-0.0482,-0.1402,0.5072,-0.1968
0.2819,0.4856,-0.1247,-0.0208
0.0644,-0.2375,-0.7781,-0.2560
1.1573,0.5638,-0.1406,-0.0396
0.5586,0.3783,0.0061,-0.5534
-0.2342,0.0484,-0.1656,0.0680
-0.0046,-0.3084,-0.0550,-0.1358
0.4102,0.3358,-0.0725,0.0016
-0.7437,-0.6165,-0.2472,-0.1707
-0.0538,-0.0305,1.0099,-0.6423
0.2751,0.3175,-0.3322,-0.4339
-0.0342,0.3479,-0.4771,-0.1919
0.0246,0.0497,-0.1362,-0.3454
0.3410,0.5155,-0.6886,-0.5213
-0.5979,-0.5339,0.5096,-0.2544
0.3509,0.2123,0.0095,0.2290
-0.0174,-0.3897,0.3654,-0.0073
-0.2458,-0.5440,0.6967,2.4041
0.6464,0.0268,0.8355,1.3487
0.0575,-0.0261,1.0162,1.3639
0.2331,0.5404,-0.1432,-0.4467
-0.0882,-0.2977,-0.0987,-0.9260
0.2400,0.3654,-0.3314,-0.5150
-0.2421,0.2409,-0.3571,0.0755
-0.2042,0.1061,-0.2279,0.1288
-0.7725,-0.6909,1.4333,1.1831
-0.2263,-0.0628,0.0126,0.7019
-0.3020,0.2199,0.0748,0.8732
0.0921,0.1498,-0.4651,0.8156
-0.2155,0.1976,-0.9918,-0.3541
-0.5920,-0.4182,1.4255,-0.2990
-0.1878,-0.2648,0.1843,-0.2043
-0.1107,0.0930,0.0053,-0.5907
-0.2394,-0.3537,0.3720,-0.3374
0.2566,0.4981,-0.4606,-0.0896
1.0185,0.5842,-0.6961,-1.2612
-0.2568,0.1450,-0.1157,-0.0214
-0.3014,0.2421,0.3004,-0.1758
-0.1112,0.1401,-0.6816,-0.6945
-0.0981,0.1339,0.0663,0.6443
-0.9816,-0.6585,-0.0498,-1.1193
0.4495,0.3154,-0.0946,-0.3560
0.2222,0.1488,1.2209,1.4058
-0.2123,-0.0031,-0.0266,-0.3615
0.1500,0.0946,-0.4882,0.3097
-0.4045,-0.4608,0.0239,0.7274
0.4519,0.4978,-0.6650,-0.6267
0.2215,0.0892,-0.7348,-0.9157
0.4826,0.3659,-0.5257,-0.3427
0.3546,0.5957,-0.6953,-0.1995
0.2412,-0.0979,-0.1711,0.3088
-0.3310,-0.0126,-0.2343,-0.0385
-0.2667,-0.6817,0.1461,3.4157
0.1397,-0.0457,-1.0764,-0.6776
0.5132,0.3892,-0.4382,-0.7523
-0.3412,-0.0157,-0.4038,0.3681
0.6819,0.5092,-0.4860,-0.4740
0.3504,0.2990,-0.6760,-0.3367
0.2266,-0.1603,0.8941,0.8098
-0.3549,0.1106,-0.0068,0.2699
0.6864,0.7025,-0.3563,-0.5033
0.3502,0.4530,0.8037,1.5292
0.1513,0.1240,-0.4169,0.2264
-0.1228,-0.1766,0.5213,-0.1456
0.3717,0.3098,0.2152,0.1952
0.2597,0.1830,-0.0346,-0.1063
-0.5375,-0.1275,-0.2745,-0.5837
-0.1564,-0.4602,0.1167,0.4396
0.5549,-0.0442,-0.8130,-0.9334
0.0750,0.2712,0.0218,0.4066
0.5717,0.5189,0.2037,-0.2070
-0.5224,0.0072,-0.3196,0.1136
-0.4250,-0.0920,0.1597,-0.2344
-0.0003,-0.1182,-0.2393,-0.4981
0.2389,-0.1619,-0.1333,0.0009
-0.2727,0.3246,-0.5356,0.0589
-0.3093,-0.2177,0.3427,0.9475
0.0844,0.2000,-0.2601,-1.2500
0.1498,-0.5075,0.3513,0.7328
0.3159,0.1822,-0.3838,-0.3166
0.7024,-0.0102,1.0495,1.1534
-0.0295,-0.1984,-0.4523,-0.5948
-0.3516,-0.1813,-0.1531,-0.2882
0.1344,0.1175,-0.4312,0.0468
-0.0032,0.1678,-0.2167,-0.3820
0.1166,0.2985,-0.1034,0.1613
0.2980,0.2233,-0.5002,-0.5282
0.6129,0.5122,0.1751,-0.4090
-0.0498,-0.1043,-0.5800,-0.7651
-0.3874,-0.8570,0.2219,1.6272
-0.2862,-0.4044,-0.2233,-0.2559
0.0894,-0.3379,0.3049,0.0606
0.1132,-0.2461,-0.1192,0.2756
0.1335,0.0345,-0.3016,1.0636
0.6206,0.5449,-0.3025,-0.3910
-0.2667,-0.4221,0.0335,-0.3555
0.0389,-0.0073,-0.3806,0.1080
-0.3654,0.2495,0.1131,0.1756
-0.0220,-0.2242,0.1512,-0.5678
0.3688,0.3345,-0.6813,-0.2338
-0.2670,-0.1402,0.0774,0.5634
-0.1198,0.1875,-0.8267,0.9795
-0.0055,0.0459,-0.4743,-0.8753
-0.0207,-0.8607,0.6431,-0.2165
-0.6052,-0.1056,0.3452,0.4221
0.1723,-0.5668,0.9516,1.5416
-0.0662,-0.0196,-0.4559,-0.5455
0.0303,-0.0987,-0.2405,-0.0010
0.1417,0.1089,0.3197,0.1452
-0.1556,0.0876,-0.6236,-0.7832
-0.2522,-0.0859,-0.8310,0.1185
-0.0775,-0.0893,-0.6002,0.6998
0.1483,0.3432,-0.2125,-0.1588
-0.6349,-0.0656,0.6217,-0.1803
-0.7229,-0.1441,-0.1489,-0.6284
0.2194,0.3975,-0.2599,-0.4831
0.1869,0.2726,-0.6368,-0.6318
-0.1114,0.2237,-0.1012,-0.8348
-0.2343,-0.1635,0.1378,-0.2968
-0.8501,-0.0422,0.3367,0.0348
-0.2357,-0.4756,-0.2489,-0.2664
-0.0875,-0.1576,-0.3132,-0.2668
0.0551,0.3925,-0.4443,-0.6343
-1.0711,-0.6427,0.3413,0.4044
0.1141,0.2069,-0.1534,-0.2822
-0.4511,-0.9726,0.5046,-0.0699
-0.4083,-0.0017,0.7817,1.4886
-0.9750,-0.6064,0.0627,-0.0851
-0.4488,-0.6038,0.5930,-0.2001
0.3602,0.2535,0.1508,-0.3074
0.1667,-0.3395,0.7142,-0.5084
0.3511,0.1973,-0.2125,-0.5657
0.1600,0.1901,-0.1354,-0.5138
0.1024,-0.0996,-0.0066,-1.2897
0.1603,0.1620,0.4508,-0.7588
-0.0655,-0.3937,0.7100,-0.3358
-0.7241,-0.9594,0.7107,-0.3006
0.8331,-0.5063,0.4109,-0.4177
0.0570,-0.1993,-0.4916,0.5639
0.1424,0.4217,-0.7234,-0.5928
0.0310,-0.0531,0.3086,1.0682
-0.0953,0.1403,-0.2730,-0.5744
-0.4099,0.1079,-0.2467,-0.4874
0.1759,0.2064,0.0088,-0.7180
-0.3184,0.0334,-0.0494,-0.5951
-0.4571,-0.0661,0.6276,-0.1750
0.4528,0.3592,-0.5485,-0.7391
0.5315,0.0931,0.1764,-0.4783
-1.2299,-0.2580,-0.7843,-0.2080
-0.4344,-0.4430,-0.4733,0.1051
0.4505,0.2216,-0.5975,-0.1482
0.3458,0.2768,0.1133,-0.0878
-0.1666,-0.0415,-0.1829,-0.2200
-0.0047,-0.2710,0.3755,0.2002
-0.1360,0.1833,-0.2731,-0.2464
-0.3678,-0.7511,0.9002,0.4306
0.8810,0.5964,-0.6556,-0.7710
0.1830,0.2285,-0.6287,-1.0274
0.2132,0.3485,0.0653,0.1526
-0.1893,0.0025,-0.2240,-0.1842
-0.0518,-0.1447,0.3315,1.4134
0.0662,-0.3626,0.7182,0.0770
-0.5245,-0.2472,0.2340,-0.3064
-0.3724,-0.2487,-0.5919,1.2604
-0.1319,-0.0990,0.3125,0.5752
-0.2209,-0.3395,1.0123,0.5550
-0.2655,-0.6827,0.4624,0.1247
0.1782,0.1751,0.2241,0.0160
-0.0510,0.2884,0.2969,1.4520
0.2803,0.4288,-0.1075,-0.6271
-0.0036,0.2006,0.4236,0.3181
-0.2899,-0.1312,-0.1362,-0.2785
0.6328,0.4470,-0.2012,0.5431
-0.1384,0.0607,0.3586,-0.0289
-0.0424,-0.1389,0.8424,-0.3940
0.6862,0.2462,-0.2907,-0.9917
-0.0174,0.2437,0.0704,-0.1812
0.4572,0.3792,-0.2249,-0.4907
-0.5798,-0.5049,-0.4021,0.0607
-0.0694,0.1412,-0.6598,-0.4052
0.2324,-0.1383,-0.3760,-0.1976
-0.0863,0.0746,-0.3074,-0.5810
-0.4554,-0.8754,-0.1335,0.0523
-0.2706,-0.7007,-0.8371,-0.2594
0.3469,-0.0254,-0.9701,-0.0634
-0.8071,0.0188,0.1581,-0.3173
0.5515,0.4027,-0.0874,-0.0809
-0.7488,-0.3495,-0.2303,-0.2986
-0.7954,-0.1805,-0.0335,-0.6961
-0.4143,0.2972,-0.3474,-0.7248
-0.3152,0.0140,-0.4374,-0.7036
0.3817,0.1309,-0.1218,0.1116
-0.0398,-0.0301,-0.7241,-0.0276
0.2583,0.2591,-0.3088,-0.5921
-0.1586,-0.6440,-0.0260,-0.8864
-0.1747,-0.4593,-0.1088,-0.1833
0.3957,0.2442,0.1045,-0.1707
-0.1363,-0.1040,-0.3239,0.6083
-0.0370,-0.1531,-0.5243,0.2007
0.4732,0.2283,-0.6524,-0.4900
-0.0382,-0.2146,-0.9409,-0.3000
-0.9632,-0.9136,-0.3567,-0.5474
0.3255,-0.1698,-0.2574,-1.6218
0.2318,0.1473,-0.3713,-0.0060
0.3913,0.1264,-0.1459,-1.3965
-0.2492,-0.0931,0.3830,-0.1666
0.0569,-0.1065,-0.9650,0.1272
0.2774,0.2799,-0.2248,1.4662
0.1246,0.2270,0.1982,-0.5252
-0.1500,-0.1835,-0.5693,-0.4283
0.3558,0.3951,0.4374,0.8921
0.1179,0.1955,0.4029,0.2808
-0.1643,-0.3247,-0.3776,1.0264
-0.5777,-0.2710,-0.1159,-0.8066
-0.2718,-0.0639,0.0158,-0.7895
0.2406,-0.1469,0.4607,-1.1523
0.1010,0.1430,-0.0026,-0.4650
0.2630,0.4748,-0.3030,-0.0412
-0.7126,-0.4661,-0.5960,-0.3153
-0.0664,-0.0797,0.1359,0.0607
0.0788,0.0485,0.4818,-0.7864
-0.3122,-0.0275,0.1716,-0.7711
0.6820,0.4487,-0.4552,-0.6394
-0.4993,-0.2279,-0.2639,0.1484
0.2399,-0.3201,0.5737,-0.3227
-1.1057,-0.8139,-0.6764,-0.1577
-0.2690,-0.0581,-0.2677,-0.5608
-0.3159,-0.7087,-0.8694,-0.1707
-0.0035,-0.6187,-0.0446,-0.3269
0.3104,0.1715,-0.4131,-0.2460
-0.1805,-0.2255,0.4976,0.4771
-1.2055,-1.1920,0.4703,0.2872
0.4290,0.0643,-0.3507,-0.5041
0.0681,0.4211,-0.2005,0.1237
-0.3502,0.1680,-0.1001,-0.6694
0.0395,0.0018,0.1909,0.1996
0.1771,-0.4516,0.0540,-0.3020
0.6269,0.4919,0.3285,-0.2263
-0.0828,0.1814,0.5606,-0.2863
0.8547,0.5754,-0.1507,0.0687
-0.1428,0.9212,-0.4738,-0.1448
0.1861,0.0943,-0.1866,-0.3707
-0.1136,0.0748,0.4296,0.8205
0.3117,-0.0270,-0.2807,-0.4240
0.0488,-0.6843,0.8515,0.1519
0.0896,0.0570,-0.3775,-0.2411
-0.1023,0.1956,0.0572,-0.2986
0.1957,0.1990,0.1634,-0.3187
0.3701,0.0661,-0.3861,-0.2903
-0.3685,-0.1616,0.1170,-0.1487
-0.0277,-0.0842,-0.2212,-0.4898
-0.1574,-0.0766,-0.5924,-0.6400
-0.6586,0.1367,-0.1545,-0.6392
-0.5902,-0.2550,0.0172,1.0106
0.2517,-0.1379,0.1009,0.0114
1.0471,0.9751,-0.2360,-0.6596
0.2825,0.3579,-0.1157,-0.8980
-0.0470,0.1038,-0.7206,-0.9946
0.1245,0.0936,-0.5081,-0.5799
0.1597,0.1766,0.2537,-0.5900
0.1783,-0.1469,-0.0814,-0.2468
0.0113,-0.1676,0.0721,-0.1823
0.4124,0.0716,0.0827,-0.5333
-0.0208,-0.0343,-0.5874,-0.3087
0.3994,0.1778,-0.0974,-0.5508
-0.3665,-0.8845,-0.1989,-0.4278
-0.4020,-0.2700,0.2955,-0.3854
0.2967,-0.1308,0.1532,-0.2482
-0.3603,0.0216,-0.3190,0.1406
-0.2598,-0.0943,-0.8971,-0.5637
-0.2735,-0.7279,-0.7790,-0.7500
-0.0317,0.1689,0.6974,-0.2056
-0.7961,-0.3451,0.0162,-0.2707
-0.0558,0.2303,0.1853,-0.6989
0.0779,0.1670,-0.5236,-0.4170
-0.6931,-0.5106,-0.4443,-0.6329
-0.1738,0.0845,0.2449,0.0042
0.7511,0.4637,-0.1637,-0.4819
0.2793,0.2539,-0.4777,0.5231
-0.0880,0.4468,0.4634,0.3874
0.3361,-0.0750,0.5766,0.3731
-0.7323,-0.0694,0.4493,-0.1123
0.8324,0.5641,0.0248,-0.1520
0.2938,-0.2442,1.3157,3.1179
0.5581,-0.2271,0.1920,0.1828
-0.0277,0.0916,-0.0360,0.0408
0.0739,0.1512,-0.1674,-0.2375
0.2317,-0.1420,0.1061,-0.1439
0.1645,0.2078,0.0443,-0.2697
0.4641,0.6173,0.5442,0.3955
-0.1932,-0.4030,-0.0108,0.0137
-0.2528,-0.3469,-0.3313,-0.6169
0.5470,0.1914,-0.0638,-0.5380
0.7069,0.3504,0.2006,0.3299
0.3165,0.4697,0.1925,-0.0989
-0.4407,0.2573,0.1774,0.2821
-0.0641,0.0641,1.2884,-0.2927
-0.2028,-0.4074,1.1355,1.0451
-0.1492,-0.4044,0.6126,0.1531
-0.1068,0.1986,-0.0800,0.1078
-0.3734,-0.6662,-0.5400,0.2710
-0.4172,-0.7524,0.6733,0.4356
-0.0950,0.1247,-0.6822,-0.2313
0.6658,0.3257,-0.6356,-0.9200
0.1924,0.1217,-0.0402,0.7276
0.6103,0.2368,0.2057,0.3163
0.0395,-0.0281,0.7513,0.2623
0.3396,-0.2116,0.5091,1.3429
0.3394,0.4861,0.4138,-0.1446
0.2364,0.5118,-0.2036,-0.2666
0.0705,0.1447,-0.0484,0.5827
0.1990,0.1405,-0.1416,0.4872
-0.0663,-0.0355,-0.2771,0.0208
0.3086,0.1231,0.2967,-0.0353
0.0891,0.1404,-0.0813,0.4920
-1.0457,-1.0098,-0.6954,-0.9721
-0.4313,0.1023,0.1911,0.6038
0.2484,0.2634,0.2395,-0.4878
0.3646,0.4163,0.9979,-0.7216
-0.2794,0.0348,-0.2297,-0.0086
0.5318,0.6319,-0.1342,-0.2911
-0.1189,0.6241,0.1241,-0.4777
-0.1416,-0.0131,-0.2735,-0.2852
0.3885,-0.2178,0.3972,1.3569
0.2852,0.5174,-0.6985,-0.7221
0.0833,0.0235,-1.2154,-0.8764
-0.2233,0.0343,-0.5338,-0.1373
0.0259,-0.0234,-0.7244,-0.1594
0.1939,0.0672,0.5086,3.9598
0.6223,0.3934,0.1449,-0.0654
-0.1088,0.2680,-0.0688,-0.1218
-0.0636,0.2361,-0.0332,-0.1594
0.3861,0.1093,-0.8419,-0.5957
0.1830,0.2181,-0.6391,-0.7203
0.4130,0.1751,0.4993,-0.2271
-0.4228,-0.1060,-0.1385,-0.7578
-0.4180,0.1035,-0.5881,0.2941
-0.2282,0.2233,-0.5303,0.0273
-0.0578,0.5981,0.0212,-0.0144
-0.3680,0.1665,-1.2032,-0.3316
0.0906,0.0917,-0.8391,0.6838
0.1833,0.1856,0.5588,0.0924
-0.1968,-0.2289,-0.3960,-0.1659
-0.0778,0.0613,-0.2031,0.1815
-0.0150,0.3084,-0.6527,-0.5451
-0.6206,0.0175,0.0034,-0.3204
-0.0976,-0.1676,-0.5588,-0.6407
0.2144,0.0024,-0.4520,-0.1694
0.1260,-0.1469,-0.3906,-0.5857
-0.4106,-0.5410,-0.2086,-0.3004
0.0379,-0.1443,-0.7275,-0.6263
0.0463,0.0116,-0.5415,-0.3412
0.1999,-0.2016,-0.3757,-0.5036
-0.0236,0.0499,-0.5124,-0.7665
-0.4011,-0.1982,-0.8679,-0.4773
0.1745,0.5061,-0.3736,-0.4973
-0.3470,0.0885,0.1971,-0.0622
0.1439,0.2937,0.0940,0.0428
0.1395,0.1378,-0.3746,-0.9571
0.1448,0.2329,0.1194,1.0434
-0.1394,0.0598,0.0243,-0.5884
-0.9152,-0.4390,0.2547,0.1737
-0.0517,0.3932,1.8839,0.9087
0.6454,0.3716,0.9013,0.5143
0.0873,0.3230,0.0968,0.3747
-0.5828,-0.6689,-0.0325,-0.1616
-0.2742,-0.0257,-0.6964,-0.0453
0.2660,0.3961,0.7490,0.3137
0.5384,0.5180,0.4497,0.1823
-0.1741,0.0772,0.0193,-0.3738
-0.4536,-0.4682,-0.6166,-0.0699
-0.5673,0.2754,0.2200,-0.4417
-0.5944,0.0349,0.8191,0.9674
-0.0817,0.0263,-0.1998,0.0182
0.0269,0.4540,0.2513,-0.7371
0.5464,0.3875,-0.4647,-0.6072
0.3732,0.1418,0.5564,0.0100
-0.2563,-0.4645,0.5265,-0.2549
0.0447,-0.1379,-0.2034,0.1090
0.2325,0.6671,-0.4882,-0.6859
0.0808,0.2417,0.4766,-0.5404
0.4495,0.1437,-0.1333,1.9081
-0.2638,-0.3733,-0.2501,1.0657
0.0861,-0.1101,-0.0646,0.7050
0.2783,0.1118,1.1130,0.1614
-0.4378,-0.4387,-0.0608,0.0932
-0.9351,0.2756,-0.3452,-0.1745
0.1941,-0.9785,0.1710,0.4294
-0.0102,-0.1562,0.0155,0.1224
0.1215,0.2261,0.4347,0.8817
0.0724,-0.2249,0.6070,1.6400
0.3216,0.4060,-0.9189,-0.4481
-0.0848,-0.2169,-0.4525,0.7168
-0.2451,0.2845,-0.0374,-0.7266
0.4423,0.5809,0.5224,1.4857
-0.0883,0.0392,-0.3665,-0.7440
-0.9768,-0.2449,-0.7338,-0.7735
0.1927,0.3991,-0.3830,-0.4476
-0.5296,-0.2498,-0.5787,-0.5842
-0.0425,0.0669,0.9515,-0.5523
-0.1470,0.1008,-0.9467,-0.0359
0.2004,0.0963,0.2316,0.4890
0.1299,-0.0355,-0.1843,0.0459
0.6464,0.4169,-0.2999,-0.4348
-0.4506,0.1265,0.1361,-0.4325
-0.0022,0.1549,0.4338,0.4491
-0.2887,-0.3247,0.5356,2.7145
0.0057,0.0755,-0.1411,1.1338
-0.2310,-0.3603,0.5542,0.3989
-0.0330,-0.1914,-0.4092,0.6325
0.5091,-0.6479,0.0952,0.1654
0.1425,0.1318,-0.1293,-0.5829
-0.1206,-0.0451,0.1256,-0.2990
-0.5139,0.1543,-0.0008,-0.0186
0.2232,0.1157,-0.7063,-0.5298
-0.7214,-0.4628,-0.3272,-0.3292
-0.1118,-0.0550,0.1764,-0.6165
0.9622,-0.3367,0.2619,-0.0318
0.8997,0.3041,-0.6296,-0.0445
-0.2034,0.1264,-0.5350,-0.1646
0.1722,0.1827,0.3612,0.0954
0.6410,-0.0511,0.5558,-0.0323
-0.1481,-0.0030,-0.0130,-0.4399
0.4211,-0.0511,0.9286,0.3159
-0.1809,-0.1163,0.0942,0.5894
-0.0316,-0.0347,0.3095,1.4639
-0.2784,-0.5607,-0.0479,0.8028
-0.9822,-0.4302,0.0906,-0.1348
-0.0598,-0.3435,-0.0054,0.2492
-0.5052,-0.1037,0.8917,0.5740
-0.3155,0.2118,-0.4077,-0.8747
-0.0973,0.2518,-0.0727,-0.2312
-0.8619,-0.2742,0.0399,-0.1792
-0.4937,0.1918,-0.5096,-0.5174
1.1392,0.5636,-0.3082,-0.2107
0.8358,0.6517,0.1322,-0.1284
0.1881,0.1628,-0.5674,-0.5609
0.2600,-0.0349,0.4509,-0.0653
0.1891,-0.1957,0.0643,0.0762
0.5274,0.5110,-0.3266,-1.1193
-0.1112,-0.3946,0.1632,-0.8263
-0.3699,-0.2058,0.4140,-0.1486
-0.0840,-0.2589,0.5798,0.2864
0.1739,0.0863,-0.3030,0.0652
-0.2880,0.1216,-0.4512,0.0271
0.0816,0.0422,-0.7444,-0.8334
-0.7214,-0.2642,0.2185,0.0527
0.3956,0.1952,1.2183,0.6026
-0.2638,-0.8690,-0.0368,-0.5452
0.4477,0.3261,-0.7268,-0.7785
-0.5706,-0.5662,-0.3632,0.1644
0.0560,-0.0368,-0.5105,-0.2261
0.0969,0.0319,-0.5101,-0.7112
-0.8098,-0.3393,-0.8490,-0.4443
-0.5955,-0.3819,-0.4798,-0.6223
-0.2007,0.1392,-0.3020,0.9777
-0.0959,0.2572,-0.2120,0.3881
0.3552,0.1632,-0.1718,-0.4673
-0.4618,-0.3266,0.3834,0.7293
0.1735,0.3612,-0.0641,-0.3906
0.5295,0.4641,0.1779,-0.9883
0.1870,0.0283,0.1027,0.1243
-0.0171,0.0995,0.0029,0.6237
0.0690,0.0315,-0.1818,1.2204
0.1920,0.2447,-0.3225,-0.2001
-0.1159,-0.0625,0.2648,-0.1130
0.3519,0.5687,-0.7091,0.3097
0.0390,-0.4337,-0.1122,-0.5444
0.0833,-0.2419,0.0015,-0.6591
-0.2477,-0.3598,0.2893,0.5439
-0.1768,0.0103,0.3559,0.6083
-0.3792,-0.4786,-0.0052,-0.5994
-0.4910,-0.1041,-0.3951,-0.5500
-0.4683,-0.2147,0.1562,-0.3500
-0.3391,0.0647,-0.3112,-0.2718
0.4302,0.2749,-0.0231,1.1014
0.3981,0.1827,-0.5584,-0.2701
-0.0887,-0.0961,-0.1245,0.0490
0.0004,0.2035,-0.1682,-0.6086
0.2127,0.2707,-0.3706,0.2082
0.6265,0.6550,0.3634,-0.4570
0.3391,0.0250,-0.0079,1.0007
-0.1231,0.1488,0.0969,0.4373
0.3849,0.0028,-0.6568,-0.4873
0.2202,0.0212,-0.1331,-0.2674
-0.2415,-0.4891,0.3814,0.3927
-0.0189,0.0456,0.5514,1.4579
0.1759,0.2101,0.0288,-0.6060
0.2069,0.5519,-1.0643,-0.3123
0.3096,0.4089,-0.0315,0.0656
0.1295,-0.2243,-0.0405,-0.4311
-0.2011,-0.3222,-0.7636,-0.0901
-0.4056,-0.5693,0.0077,-0.0406
0.0014,0.2842,0.1044,-0.6988
0.2151,-0.0196,-0.1930,0.2162
-0.0624,0.0672,-0.6543,-0.2904
-0.6308,-0.3087,0.0288,-0.1260
-0.0258,-0.0631,0.5759,0.4776
-0.6494,0.1314,-0.0347,-0.0417
0.2269,0.5253,-0.3924,-0.5684
-0.0107,-0.3061,-0.6024,-0.4064
0.5006,0.3104,-0.5017,-0.8772
0.3274,-0.0922,-0.0453,-0.5611
0.0279,-0.2238,0.9668,-0.4494
-0.0455,0.1485,-0.4080,-0.2776
0.0707,-0.2351,-0.1226,-0.6416
0.2583,0.5310,-0.7108,-0.5785
-0.4516,0.0898,-0.6418,-0.0670
0.3813,0.5846,-0.6469,-0.3240
-1.1617,-0.2094,0.0235,0.3513
-0.4471,-0.3324,-0.3927,-0.6011
-0.3080,0.2883,-0.3602,-0.2449
-0.1231,0.0494,0.0340,0.3228
0.1754,0.4018,0.1633,-0.6568
0.4748,0.3603,-0.3462,-0.0797
0.3534,0.1285,-0.3122,-1.0768
0.1169,0.0673,-0.3570,0.0574
-0.3457,-0.0539,0.6483,-0.2840
0.1844,-0.2176,-0.8108,-0.8510
-0.0648,0.0924,0.2905,0.6005
0.5295,0.0941,-0.0107,-0.7206
-0.3724,-0.4210,0.4175,0.0708
0.2862,0.2742,-0.3986,-0.1966
0.0236,0.4391,0.2408,-0.8268
-0.1443,0.3692,-0.5173,-0.2515
0.3070,-0.2347,0.9182,0.1664
0.3047,0.1247,-0.4681,-0.2669
-0.1572,-0.1292,-0.2873,-1.0929
-0.0565,0.0959,0.0932,0.3771
0.2262,0.2050,-0.2443,-0.8083
0.0577,0.1005,0.2332,-0.6958
0.0712,0.1719,-0.0242,-0.3768
0.2206,-0.0740,-0.7356,-0.5659
0.0743,-0.0930,0.5332,0.9906
0.1521,-0.1665,-0.1941,-0.4342
0.0410,-0.0112,-1.0144,-0.8187
-0.4457,-0.7985,0.1224,-0.2315
-0.2823,-0.0563,-0.4386,0.2811
-0.1501,-0.1409,-0.5632,0.0462
0.1154,0.2674,-0.3624,-0.3867
-0.0748,0.2392,-0.1503,-0.2053
-0.2372,0.1017,0.1472,0.9127
0.0843,-0.4596,0.1019,-0.5980
-0.0807,-0.0267,-0.4139,-0.6955
-0.2724,-0.1030,0.8837,1.9051
0.4306,0.3784,-0.0560,-0.6187
0.2703,0.0857,0.0557,-0.6163
-0.1990,-1.1640,-0.7361,-0.7982
-0.1724,0.2302,-0.1132,-0.3085
-0.2374,-0.1800,-0.3019,0.2993
0.1547,-0.0385,0.1771,-0.8385
-0.4710,0.1858,0.0356,-0.4636
0.5000,0.5036,-0.4312,-0.3865
-0.2822,-0.0081,0.3397,-0.1543
-0.0728,-0.3113,0.2674,0.9228
0.0856,-0.4449,1.0574,0.4292
-0.3003,-0.6373,1.1695,1.3960
-0.5679,-0.4416,0.7174,1.5740
0.4426,-0.5157,-0.5186,0.0022
0.2130,-0.6134,0.8025,1.0029
-0.1720,0.3217,-0.0500,0.1917
0.2829,-0.2136,-0.5073,-0.7433
-0.3180,-0.5209,0.5032,1.3376
0.1737,0.2183,0.2651,0.0348
0.1595,-0.3964,0.9403,0.2383
0.4809,0.2974,-0.2911,-0.0761
0.2074,0.3971,0.4883,-0.3663
0.8122,-0.1419,0.8009,-0.1561
-0.2017,-0.4039,0.0864,-0.2602
0.1934,0.1783,0.3342,0.1317
0.3408,-0.1718,0.2618,0.7336
-0.3964,-0.2332,-0.0214,1.0280
0.6808,-0.4438,1.3440,1.7460
0.2859,0.4335,0.0317,0.9380
0.2566,-0.1382,0.2025,-0.3176
-0.4647,-0.6049,0.5434,0.6279
-0.2780,-0.1181,0.6857,-0.1455
-0.1137,-0.4201,0.7027,1.8577
1.2787,0.8645,0.3229,-0.2184
0.0512,0.0010,0.7101,0.1074
0.2846,0.0078,-0.3539,0.4102
-0.2114,-0.4373,-0.3680,0.6233
-0.3285,-0.4290,0.3507,1.3285
0.0000,0.1593,1.2957,0.0651
0.3972,0.0209,-0.0850,-0.0268
-0.1158,0.3880,-0.1857,0.1171
-0.0219,0.4642,-0.0378,1.2894
-0.3399,-0.4816,0.8816,0.5263
-0.6114,-0.2184,0.7148,0.3406
0.2662,0.3504,-0.4442,0.1656
0.0545,0.0657,0.7246,0.7394
0.0839,0.0518,0.6253,0.3158
-0.7774,-0.0766,0.4005,0.9457
-0.2416,0.1023,0.1426,0.5692
-0.1753,0.3130,0.3419,0.3837
-0.4139,-0.1254,0.6001,0.7048
0.3795,0.2945,-0.2166,-0.3959
0.4671,0.0712,0.3317,-0.4748
-0.1018,-0.0662,0.6643,1.4370
-0.0292,-0.0292,0.1667,-0.4984
0.1290,0.2668,-0.2246,-0.6037
0.6130,0.2801,-0.6868,-0.6790
0.0702,0.2061,0.5035,-0.5310
0.2588,-0.4643,-0.3644,-0.5405
0.1565,0.5586,-0.1871,-0.2020
-0.3340,-0.5096,-0.1227,-0.6286
0.3437,0.2863,0.3758,-0.2428
0.3836,0.1588,0.1343,0.3270
-0.3303,-0.7724,0.2513,0.5204
-0.6003,-0.1621,0.0344,-0.8924
0.2405,0.4266,-0.3296,-0.6057
0.6377,0.2260,0.0975,-0.4630
0.0411,0.0332,0.2985,-0.2302
-0.1899,-0.2942,-0.8750,-0.4819
0.6107,0.3467,0.3905,-0.5260
-0.6582,-0.1516,0.5921,-0.2636
-0.2064,-0.1785,-0.0804,-0.6392
0.0361,0.1051,-0.0594,0.1192
-0.0217,0.4323,-0.2089,-0.0756
-0.6290,-0.1418,0.3628,-0.4915
0.5895,0.6905,-0.4768,-0.0675
1.1360,0.6962,-0.2500,-0.6951
0.3487,0.5128,0.5645,1.4303
0.1354,-0.2884,0.1957,-0.0429
0.0122,-0.2311,-0.4033,-0.3527
0.6395,0.4661,0.4296,-0.2227
-0.2427,-0.0585,0.3305,-0.4522
-0.4707,-0.0434,0.5100,-0.4818
0.0987,-0.1723,-0.5881,0.9797
-0.4007,-0.0358,-0.1906,0.1514
-0.6850,-0.4808,-0.2939,-0.7268
0.1564,0.2986,0.2063,0.3873
0.1851,0.1349,0.3042,-0.3184
-0.2897,-0.5293,0.1588,0.3559
-0.0873,-0.0245,0.0986,-0.2670
-0.3677,-0.1105,0.4969,-0.0726
0.1499,0.3294,-0.4083,-0.4188
0.1383,-0.0510,0.0867,0.4794
-0.2057,-0.4169,1.4181,1.6640
-0.0997,-0.5582,-0.3790,-0.6887
-0.6662,-0.7484,-0.5542,-0.4895
-0.3598,-0.1538,0.1571,-0.3042
-0.5314,-0.1842,0.2931,0.0878
-0.0040,0.3530,0.0749,-0.2786
0.1430,0.1550,0.3411,1.0345
-0.2130,0.2104,-0.1107,-0.3616
-0.3411,-0.0917,0.0400,-0.1998
-0.1822,-0.0678,-0.0693,0.5530
0.2220,0.0968,0.9050,1.1575
0.9228,0.2689,0.1718,-0.0365
-0.1751,0.0264,0.6351,0.2133
-0.1353,0.0732,-0.5535,-0.2648
0.0425,-0.0840,0.2570,-0.3798
0.4119,0.2382,0.0663,-0.7709
-0.1195,-0.0162,0.3569,1.6563
0.4514,0.2525,-0.1523,0.0059
-0.2653,-0.4661,0.4012,1.6684
0.0059,-0.0085,-0.1191,-0.4823
0.1288,0.1811,0.0498,0.1357
0.4486,0.3376,-0.3431,-0.0793
0.0791,0.1257,-0.5523,-0.2423
-0.3326,0.4040,0.0336,-0.2442
0.4772,0.1675,-0.0888,-0.4350
-0.7743,-0.8669,1.6154,1.7462
0.4100,0.1700,0.2811,1.0110
0.3905,0.2283,0.2563,1.7575
0.0493,-0.0032,0.3298,0.1427
0.4950,-0.0608,-0.7537,-0.2604
0.3534,0.4794,-0.2849,-0.4836
-0.3073,-0.1230,-0.0212,-0.2558
-0.2384,-0.2402,-0.1581,-0.3611
0.2791,0.2651,0.0289,-0.2664
0.2164,0.2683,0.0088,-0.2157
0.1855,-0.1749,-0.4997,-0.5888
0.8681,0.7397,0.0896,0.1359
-0.1877,0.0369,0.6003,1.1270
-0.3483,-0.5371,0.6923,1.1806
-0.3636,-0.1182,-1.0008,-0.6005
0.2114,0.6058,-0.7233,-0.9166
0.0863,-0.3646,-0.7617,0.5849
-0.2031,0.0097,-0.1240,-0.4033
-0.1622,0.1129,-0.3082,-0.3739
-0.1347,-0.1782,-0.3744,-0.3264
0.2818,-0.1924,0.2232,1.4308
-0.6604,-0.2144,0.0332,0.6632
0.2647,0.3320,-0.1828,-0.5832
-0.5066,-0.5087,2.1108,1.4293
0.2995,0.4527,0.3194,0.5984
0.5355,-0.5354,0.0606,0.7690
0.7949,-0.3747,0.8640,2.0136
-0.4400,-0.7860,-0.3148,-0.1372
0.3693,0.6226,0.0157,-0.6524
0.1244,0.0260,0.1944,0.1368
0.4509,0.2536,-0.0972,0.0307
0.1242,-0.3921,-0.3061,-0.7454
0.0799,0.2707,-0.1417,-0.6694
0.6533,0.4728,-0.4640,-1.4223
0.0731,-0.2035,-0.1430,0.6920
0.0834,-0.2601,-0.0644,0.3592
-0.2102,0.1269,0.7153,1.7827
0.1740,-0.0247,-0.2858,0.0267
0.2164,0.2788,0.1584,0.7483
0.3471,0.3478,0.0234,-0.2370
0.3148,0.3246,-0.6705,-0.5526
0.2311,0.0360,1.1389,1.2364
0.2549,0.0335,0.1741,0.9513
-0.4343,-0.1246,-0.3176,-0.1864
0.6503,0.4973,0.1200,-0.3449
0.2269,-0.3827,0.6600,-0.4849
-0.1764,0.2395,-0.4530,-0.1350
-0.0287,0.4258,-0.0730,-0.1305
0.2600,0.4473,-0.1351,0.0543
0.2956,0.0200,-0.5208,0.8433
-0.1294,-0.3430,-0.5045,-0.3967
0.3322,0.1740,0.4851,-0.0335
0.3297,0.4488,0.7047,1.2858
0.2026,-0.2026,0.0699,-0.6013
0.5285,-0.1769,-0.1296,0.3396
0.3023,0.1445,0.4570,0.7887
0.3628,0.2283,0.9814,1.1184
0.5059,-0.2026,-0.5674,-0.0107
-0.2138,-0.0090,-0.6052,0.8875
0.7091,0.4470,0.6810,0.0791
1.2465,0.5725,0.0454,-0.2017
0.1912,0.3639,0.3475,0.7949
-0.0306,0.0529,-0.2500,-0.4535
-0.4089,-0.2736,0.3618,0.9152
-0.3629,-0.1952,0.3896,-0.2829
-0.1996,0.0363,-0.1398,-0.1554
-0.6743,-0.6734,-0.2055,0.9329
-0.0244,0.2682,-0.6556,-0.2246
-0.5062,-0.2778,-0.2845,-0.2988
-0.5527,-0.4243,0.2437,-0.2371
-0.2745,-0.6557,0.5185,0.0139
0.2930,-0.5215,1.2482,1.5293
0.1505,0.2186,-0.1520,-0.2340
0.4126,0.2473,0.6371,-0.3118
-0.2502,-0.3459,0.4683,0.6572
0.4054,0.3874,-0.1967,-0.4257
-0.2101,-0.3975,0.4327,0.0893
0.6802,0.0621,-0.8077,-0.3796
0.5277,0.6132,-0.2395,-0.1059
-0.5455,-0.3106,0.2102,0.7633
0.1694,0.1290,0.1293,-0.1757
0.6251,0.2696,0.2473,0.6881
-0.0831,-0.2477,-0.4331,-0.6771
-0.2696,-0.1072,-0.4372,-0.1319
0.2148,0.2073,0.3501,0.3135
0.0211,-0.0458,0.3766,0.4331
0.0199,0.2704,-0.2615,-0.5167
0.0410,-0.0497,-0.1620,-0.1924
-0.8886,-0.6915,-0.1549,1.2696
-0.0110,0.0363,-0.0267,-0.6099
0.6636,0.1915,0.4517,2.2019
0.1171,0.0994,-0.0574,-0.6619
-0.7621,-0.2641,0.3046,-0.5522
-0.5143,-0.0805,-0.1827,-0.2505
0.1960,0.1621,-0.0433,-0.2561
-0.2343,-0.6422,0.6495,0.6605
-0.1686,-0.3091,-0.2751,0.2442
0.0169,-0.3584,-0.7899,-0.2263
-0.5353,-0.4805,0.3560,-0.3542
-0.1836,-0.4385,-0.6550,-0.4466
-0.5302,-0.3703,0.2414,0.3094
-1.0136,-0.0629,0.0640,-0.6269
0.2992,0.2504,-0.1315,0.1592
0.3358,0.1097,0.4284,0.6928
0.3737,0.0575,0.6166,0.8347
0.1589,0.0513,0.1407,-0.2578
-0.0868,-0.4235,0.6034,-0.2330
0.1347,-0.1793,1.2653,1.2705
-0.0359,-0.5799,0.3273,-0.4095
-0.3949,-0.4075,-0.4546,0.0956
-0.3818,-0.0706,-0.0839,0.7173
0.2232,-0.2795,0.6097,0.5324
-0.5812,-0.0937,0.1533,-0.1281
-0.1472,-0.1612,0.0256,-0.2496
-0.1216,-0.2109,-0.1581,-0.6790
0.2543,0.3113,-0.1909,-0.0666
-0.0125,-0.5554,-0.3607,-0.6189
0.2586,0.2346,1.1970,0.2621
-0.4081,-0.5082,-0.1654,-0.5389
0.3317,0.3031,0.0241,0.2366
-0.2027,-0.3123,0.5521,0.3983
-0.6486,-0.3706,0.8525,1.6563
0.3227,0.3250,0.3909,0.5182
0.2853,0.0475,-0.2231,0.0459
-1.3716,-1.1004,-0.1623,-0.4114
0.0650,-0.0322,0.7901,0.2242
-0.1010,-0.2204,1.3161,2.0825
0.4237,-0.2692,0.4772,0.4768
-0.4053,0.0552,0.7727,1.5357
0.7320,0.5379,1.0341,-0.1868
0.2278,0.0491,-0.1595,-0.1328
0.5327,0.6067,0.6903,0.3233
-0.3152,-0.1407,-0.6984,-0.0023
-0.8523,-0.5205,0.3503,0.8795
-0.4743,0.0747,-0.2027,-0.0516
0.1030,-0.2813,0.1420,-0.0149
-0.1657,-0.4907,-0.1388,-0.2577
-0.5291,-0.4467,0.5617,-0.1695
-0.3248,-0.3116,0.1074,-0.2717
-0.0789,-0.1069,0.0665,-0.0527
0.7219,0.4333,-0.0024,-0.1201
-0.4491,-0.2283,-0.3717,-0.4253
-0.0935,-0.3763,0.1014,0.6555
0.2068,-0.0559,0.0969,-0.2648
-0.8885,-0.9752,0.3706,-0.8931
0.4003,0.1940,0.0530,-0.1133
0.0582,0.1569,0.7442,1.2655
0.0969,-0.7156,1.5461,0.7669
-0.7086,-0.2345,-0.0603,0.0305
0.5216,0.1004,0.2156,-0.1310
0.0647,0.2729,0.5733,-0.1977
-0.1841,-0.0701,0.5643,0.2968
-0.1170,-0.0342,0.2827,-0.0434
-0.4306,-0.3941,0.7239,1.6849
-0.3588,-0.3457,0.0172,0.1206
0.4736,0.4503,0.0351,-0.1033
-0.3277,-0.3209,0.7180,-0.0945
0.3362,0.5638,-0.4405,0.1052
-0.1950,-0.2025,-0.7291,-0.3181
0.4489,0.5067,0.6598,0.6555
-0.4212,0.1448,0.4720,0.3905
0.0540,-0.2809,0.2187,-0.1616
-0.6633,-1.0517,-0.3946,-0.2144
-0.3442,-0.3214,0.4118,1.4919
0.0085,-0.0719,-0.3296,-0.3237
0.1354,0.2029,-0.5095,0.0168
0.0882,0.2075,0.8835,-0.1671
-0.0981,-0.1700,1.1574,2.2559
0.2153,0.2642,-0.1793,0.1920
0.1573,0.2440,-0.2556,-0.4917
0.1609,-0.0393,0.6449,1.8186
0.0519,0.2166,0.8779,2.1770
-0.5516,-0.1902,0.4877,0.5119
0.3052,0.3081,0.7392,0.2258
0.0020,-0.2345,0.6789,-0.3840
0.5817,0.4217,0.9026,0.4754
0.6429,0.1014,1.0426,0.7980
-0.5271,-0.4702,-0.3743,0.7871
-0.0337,-0.2064,-0.3270,-0.2057
-0.5712,-0.2775,-0.0962,-0.2934
-0.7838,-0.8507,0.5641,1.4722
-0.9243,-0.9568,-0.3773,-0.7308
-0.0184,-0.0832,0.8269,0.1769
-0.2992,-0.5216,-0.0152,-0.0617
-0.1387,-0.0972,0.3353,0.0287
-0.2937,-0.6576,0.7411,0.0978
-0.0080,-0.0361,-0.0130,0.0415
-0.1563,-0.1537,0.5551,0.1207
-0.3511,0.0512,0.2228,-0.2361
-0.4483,-0.2843,0.2338,-0.4041
-0.6347,-0.1030,0.8945,0.0616
0.0851,-0.0337,-0.1104,-0.2698
0.0418,-0.1553,0.3245,0.7883
0.3338,-0.3705,0.1738,-0.6276
0.1367,-0.0953,-0.0376,0.1019
-0.0478,-0.6151,0.3945,0.2636
0.3134,0.3847,-0.5075,-0.5895
0.3935,0.1718,-0.7351,0.0264
0.2540,0.2339,-0.1565,0.0290
0.2234,-0.3715,0.0205,0.3079
0.4267,0.4203,-0.7153,-0.8436
0.1253,0.4614,0.5493,0.4026
0.0641,-0.1888,0.2587,0.1072
0.2963,0.0671,0.3555,0.8671
-0.6649,-0.8738,0.3514,-0.2888
-0.1715,-0.0238,0.0825,0.1363
0.0259,0.2770,-0.6030,0.3007
0.0416,-0.0730,0.2009,1.7841
0.4477,0.1508,-0.2673,-0.5914
-0.4756,-0.0368,-0.3429,-0.6794
0.4474,0.3994,-0.4581,-0.2608
0.1881,0.2725,-0.2701,-0.6300
0.3782,0.3022,0.7699,0.9399
0.6047,0.4008,-0.7861,-0.4894
0.8273,0.4928,-0.8614,-0.6426
-0.3301,-0.5703,0.4911,1.0816
0.2386,0.3388,-0.8269,0.2155
-0.2380,-0.3968,-0.2146,0.5683
0.1544,-0.0711,0.0280,-0.3748
0.4384,0.0365,-1.0889,-0.4704
-0.6337,-0.5575,-0.1219,0.5159
0.0942,0.0816,-0.7749,-0.3722
-0.8101,-1.1111,0.5128,-0.7270
-0.4216,-0.3280,-0.0544,-0.5206
-0.1696,0.0163,0.5043,2.2549
-0.5302,-0.4139,-0.1746,-0.4481
-0.1973,0.0884,0.3499,2.0286
-0.4913,-0.0630,-0.4430,-0.3166
-0.3017,0.0149,-0.2638,-0.0816
-0.1470,-0.4191,0.8403,-0.0552
-0.4942,-0.9970,0.7888,0.6622
-0.1855,-0.0771,-0.4490,-0.9286
-0.2108,0.0118,0.4112,-0.2505
0.5781,-0.3463,0.1382,-0.3829
-0.1547,-0.4247,0.4066,0.4406
-0.5713,-0.2747,0.2711,0.1701
0.4586,0.0711,-0.1022,-0.2813
0.1222,-0.3701,0.2315,1.8256
0.4719,0.0388,0.1770,0.4141
-1.4340,-0.5021,-0.2844,-0.3773
-0.1549,-0.2949,0.0479,-0.5814
0.2467,-0.0497,0.4112,0.7423
0.1565,0.2400,0.5961,-0.6109
-0.2081,-0.1944,0.7840,0.0704
-0.0870,0.0184,-0.0354,0.5347
-0.3216,0.3415,-0.0932,-0.9392
-0.2451,-0.0797,-0.4337,-0.3401
0.2925,0.0879,-0.2201,-0.4005
-0.1060,0.0443,-0.0838,-0.5280
0.0177,-0.0008,0.0078,-0.3305
0.3033,0.1786,-0.2993,-0.4293
-0.5976,-0.5742,0.0899,-0.3741
-0.0162,-0.0008,-0.0283,-0.5961
-0.1222,0.2320,-0.1457,-0.2647
-0.4898,-0.0771,-0.3027,0.6566
0.9050,0.8942,-0.2946,-0.8906
-0.0990,0.2119,0.1258,-0.6923
0.1825,0.0201,0.0727,-0.1037
-0.2791,-0.0266,0.2455,-0.6690
0.1559,-0.2993,0.0612,-0.2354
0.3035,-0.0189,-0.3112,-0.3443
0.1215,-0.3660,0.3474,-0.2859
0.5008,0.0174,0.0223,-0.4312
-0.0022,-0.1010,0.0976,0.1778
-0.0006,0.2443,-0.2266,-0.2465
-0.3762,-0.6554,0.2074,0.9632
0.4801,0.4407,-0.5406,-0.3543
-0.3474,-0.1313,-0.2462,-0.0725
-0.2046,-0.0655,-0.1170,0.8805
-0.3060,-0.4498,0.8239,1.7486
0.2938,0.5075,-0.9716,-0.5950
-0.1683,-0.2849,0.5000,1.0135
-0.1101,-0.2197,1.0819,3.5053
-0.3340,0.2289,0.5238,0.2908
-0.0427,-0.0495,-0.3893,0.0536
-0.7032,-0.4690,-0.2540,0.2045
-0.4340,0.1710,-0.7712,-0.3728
0.1963,0.2141,0.0606,-0.2547
-0.4002,-0.2865,0.0239,1.2022
-0.1630,0.0524,-0.2437,0.7277
0.0797,0.1251,-0.6015,-0.4813
0.3795,0.4129,-0.6396,0.3009
0.3588,0.4433,-0.6511,-0.3025
0.6854,0.5146,-0.8439,-0.4916
0.1831,0.2940,-0.4183,-0.4822
0.6267,0.5786,-0.6216,-0.8261
-0.2891,0.1417,-0.4075,-0.8467
0.2642,0.0571,-0.4337,-0.5408
-0.5741,-0.5421,0.6140,0.3991
-0.0731,0.0092,-0.5746,-0.0467
0.7048,0.3321,0.1921,-0.2662
0.1584,-0.1957,-0.0523,-0.4098
-0.1805,0.2386,1.6691,0.8931
-0.1559,-0.2419,-0.3554,-0.1548
-0.6346,-0.3346,0.0781,1.0200
-0.4191,-0.1271,0.0746,-0.2323
-0.1103,-0.1753,0.3758,-0.3424
0.2751,0.0737,0.3968,0.8329
0.2677,0.3410,-0.4006,0.1150
0.5434,0.2411,0.0828,-0.6656
-0.2357,-0.3888,0.0428,0.3300
0.1473,-0.2411,0.2345,1.1235
0.6407,0.3989,-0.0214,1.4523
-0.1841,-0.1167,1.5382,2.8145
0.3912,0.2044,0.6739,0.4471
0.3142,0.4915,0.3018,-0.2444
-0.0235,-0.1921,-0.5162,-0.4050
0.1382,-0.0180,-0.0939,-0.1303
-0.1627,0.1495,0.2950,-0.5250
-0.3500,-0.7382,0.0013,-0.1477
0.3293,0.1023,0.0089,-0.1945
-0.3072,0.0122,0.8539,0.1237
0.2339,-0.4334,0.6989,0.3909
0.2602,0.2925,0.1695,0.8785
0.7052,0.4767,-0.3760,-0.9163
-0.1203,-0.4128,0.8326,0.4465
-0.2623,-0.4400,-0.0952,-0.5643
-0.0883,0.1937,-0.0361,0.2300
-0.2552,0.2581,-0.3503,0.1890
0.2060,0.1201,-0.2893,-0.6135
-0.3092,-0.3932,0.0654,-0.2092
-0.0447,-0.3181,0.1945,-0.4424
0.3080,0.0379,0.1134,-0.6177
0.0933,-0.2990,-0.9653,-0.2480
-0.5765,-0.6229,1.3034,1.4402
-0.1113,0.0342,0.6077,0.0823
-0.1676,0.0475,-0.1476,-0.3189
-0.6370,-0.4369,0.2512,0.2517
0.1796,0.0957,0.2707,-0.2596
-0.2217,-0.1917,-0.5736,-0.2271
-0.1319,-0.0638,-0.2041,-0.2593
-0.1017,-0.0029,-0.2846,-0.3020
0.0177,0.0335,-0.1736,-0.3804
0.4237,0.2207,-0.6693,-0.4349
0.8579,0.2065,-0.6064,-0.4941
-0.1040,-0.3062,-0.4804,0.5773
0.3297,0.2896,0.2836,-0.0928
0.1796,0.4768,-0.4590,-0.8441
-0.3160,0.0461,-0.2241,-0.4286
-0.7896,-0.0566,-0.4491,-0.5278
-0.0923,-0.0575,0.5926,0.2680
0.6192,0.2436,-0.3115,-0.7173
0.0308,0.8556,0.3243,-0.6871
0.7687,0.6441,0.4205,0.1192
-0.0229,0.1946,-0.4161,-0.4662
-0.0289,0.0925,0.6463,0.2504
-0.4694,-0.2133,0.0711,-0.7057
0.4123,0.5890,-0.1691,-0.5290
0.0852,0.3047,0.3758,-0.3017
-0.3780,0.4905,0.5503,0.0803
-0.0100,0.2293,0.2958,-0.8391
0.2687,0.4147,0.3836,-0.0572
0.2081,0.4412,-0.0853,-0.2016
0.1296,0.3281,0.0220,0.3799
-0.2932,0.1505,-0.0273,0.0266
0.4100,0.6380,0.1554,0.6919
-0.2666,0.0909,0.4355,1.2559
0.0596,0.1286,-0.5666,-0.4909
0.2284,-0.2189,0.4471,0.7076
-0.5317,0.3240,0.1065,0.1891
0.1191,-0.3474,0.6299,0.4383
0.3328,0.0876,0.0153,-0.4706
0.3248,0.0078,0.0883,-0.4957
0.1565,0.0778,0.1627,0.0398
-0.4980,-0.1028,-0.7576,-0.2152
-0.0456,-0.2257,0.8650,2.0796
0.0463,-0.0204,-0.2981,-0.1891
0.0718,0.5235,1.3115,0.0915
0.6657,0.0343,0.9434,0.2450
0.0054,-0.0641,-0.1121,-0.3481
0.4102,0.1925,0.3588,1.1562
0.3758,-0.4923,0.7113,1.1735
