100
-30.007476 93.011893
111.701279 115.921126
-194.690308 -182.448054
180.777501 156.975333
-63.078662 -19.164941
-215.599940 -203.353888
162.143992 133.950909
-190.558682 -19.879416
158.001010 89.297554
-167.803642 -162.062616
-191.312570 3.853054
-156.612148 -44.176432
-118.303457 -58.633105
181.664066 113.232594
-161.090516 -129.243376
183.730106 82.047134
-208.345648 -93.545449
234.862587 78.779796
-51.325172 71.539624
128.963567 85.835596
-163.978662 -221.917126
-166.015931 -194.521081
-30.605461 -57.815753
-85.515805 -157.704791
111.015595 171.888257
26.707836 25.040580
213.378887 127.438435
-91.656210 -84.277287
229.663344 147.011243
-145.540966 -178.592077
-162.789129 -248.588614
208.721531 68.594909
280.511585 77.062811
60.393156 89.285106
-189.191948 -74.102947
-111.201642 -212.374227
140.796111 173.320473
122.121079 199.827624
145.817070 117.055443
154.570065 154.738107
-211.140520 -9.916597
147.712886 197.647664
-7.538475 30.439596
-139.963766 -111.346058
8.708304 124.202295
-34.738985 -11.117798
36.740937 125.580751
102.364832 72.585172
24.363072 144.156520
-68.843679 80.714750
61.165069 3.786710
-57.543626 -65.097939
100.637998 48.480192
-113.509274 -129.508696
-118.947659 -154.474872
-52.289420 45.213154
228.170980 47.352584
-108.649366 -22.127909
-27.549007 9.702289
128.881469 60.830463
-217.219321 -164.619737
-141.389788 -207.376680
234.435011 106.613319
257.218929 90.959278
-43.630104 -107.152561
-82.762832 -123.044067
86.527683 133.853544
-202.949127 -118.811118
11.001459 57.098958
93.559239 11.607014
10.394449 0.888421
-128.415263 -36.882886
-158.334187 -75.901060
-16.839522 60.074223
276.576533 109.691384
-133.568820 -4.093759
71.765106 55.991481
-187.241075 -209.465777
81.089589 108.792705
-76.987585 9.588950
251.456031 126.763239
-4.372072 83.487471
133.036228 28.999451
-179.244762 -96.598196
-122.389753 -94.451356
31.375746 88.186809
191.581773 47.486939
77.677751 170.795153
-114.938945 -185.659089
255.612389 59.254796
44.344188 64.105604
210.082961 98.558669
-93.725722 -52.230834
-140.834055 -142.731532
-136.000811 -234.683876
-81.275362 44.284668
-192.110479 -237.857893
128.639921 141.816220
-21.602805 -98.144933
-8.890755 -29.601635
