0.2866,1.1290,-0.1787,-0.2458
0.3928,1.3378,0.0144,0.1488
-0.0293,0.1716,-0.2920,-1.2079
-0.8340,-0.9367,-0.4147,-0.1389
0.0765,-0.3425,-0.1630,-0.6841
1.2724,0.9821,-0.3202,-0.2432
-0.1708,-0.1933,0.0110,-0.0733
0.1360,0.1001,-0.1649,-0.4698
-0.8174,1.1668,-0.2882,-0.1587
-0.3396,-0.7867,-0.2069,-0.5803
0.4466,0.6322,-0.1166,-0.0266
0.0360,0.7790,-0.0792,-0.5383
-0.9937,-0.9968,-0.0246,0.4729
-1.1016,-0.8214,0.1689,-0.2579
-0.3135,0.1613,0.3654,0.6060
-0.4780,-1.0383,0.1768,-0.1392
-1.2105,0.4764,-0.3309,0.2154
-0.2583,-1.5193,0.1007,-0.3116
-2.2257,-1.6574,-0.6628,-0.4881
0.5892,1.3894,0.0800,-0.0948
1.2765,0.5348,0.4176,-0.3264
-1.7540,-1.6376,-0.3676,-0.5423
-1.2713,-1.3119,-0.5658,-0.7559
-0.4583,-1.1505,-0.0486,0.0526
-0.3154,-1.0616,0.0121,-0.4100
-0.9335,-1.1728,-0.0359,0.0553
-1.3042,-1.6529,-0.4175,0.3307
-1.6754,-1.3991,0.0017,-0.0232
-1.1067,-1.2907,-0.0511,-0.7668
0.0720,-0.3906,-0.0774,-0.2206
0.5160,-0.1265,0.2270,-0.1320
-0.6742,-0.2717,-0.3217,-0.5482
1.1451,-0.3484,0.2992,-0.3936
0.5702,1.4593,0.0405,0.2480
-0.5085,0.2615,-0.2137,-0.3726
0.0787,-0.1079,-0.1860,0.3531
-0.4324,0.0736,-0.3316,0.9192
-0.0851,-0.5352,-0.4798,-0.1697
-0.0938,1.4816,0.3660,0.3579
0.6940,0.2289,0.0461,0.2264
-0.1384,1.3298,-0.0125,0.5801
-0.1510,0.7627,-0.0019,-0.1046
-0.7724,-0.9085,-0.3040,-0.0245
0.0020,0.7312,-0.0476,-0.0785
0.1232,1.2679,-0.1641,-0.5804
0.5158,0.5641,-0.2869,0.3725
-0.3242,0.0548,-0.0347,0.1995
0.8005,0.6144,0.6927,0.4436
-0.0639,-0.3561,-0.4338,-0.2118
0.9520,0.5052,-0.1810,-0.4090
0.6912,0.5148,0.0826,0.0283
0.1193,-0.2007,-0.3017,-0.2484
0.3038,0.0646,0.0627,0.0870
-0.1050,-0.5509,-0.5414,-0.7621
0.5596,-0.7001,-0.1486,0.2229
-0.1151,0.3128,0.1632,0.2002
-0.0374,0.2253,-0.6123,-0.6616
0.1351,1.0189,-0.0056,-0.0223
0.2945,-1.0081,-0.5498,0.0487
0.0471,-0.3820,-0.3039,-0.1156
0.2738,0.3269,0.0953,0.1332
-0.1531,0.5050,-0.3331,-0.2293
-0.3867,-0.3901,-0.2224,-0.1904
0.0301,0.8453,0.4838,0.4393
0.0440,0.2314,0.0221,0.0643
-0.1776,-0.1158,-0.4289,-0.3565
0.2690,-0.0271,0.0689,0.4581
0.4673,0.1352,0.2346,0.2948
0.0881,-0.1642,-0.0213,0.1306
0.1061,0.2302,0.1149,0.2349
1.9725,0.0230,0.1728,-0.3773
0.4424,0.7616,0.4336,0.7021
0.0694,-0.1602,-0.0897,-0.1305
0.2514,-0.5346,0.2062,0.6839
0.5779,0.9628,0.1071,0.2740
-0.1607,0.3123,0.1712,0.1583
0.2154,-0.2127,-0.0390,0.1707
-0.3032,-1.0257,-0.1781,0.0675
0.7313,-0.2702,0.1486,0.0116
1.0244,0.3184,-0.0583,-0.2761
0.4714,-0.6930,-0.0663,0.1494
0.3821,1.1385,0.1014,0.1991
-0.1583,0.8905,-0.3066,-0.3211
-1.0604,-1.3599,-0.7423,-0.1526
-1.8162,-1.1082,-0.2463,0.3081
-1.2688,-1.4036,-0.3556,-0.7053
-0.0336,-0.5796,-0.2825,-0.0247
-0.0665,-0.7821,0.0227,-0.1015
-0.0184,-0.6672,0.0634,-0.1729
-0.4483,-0.7232,0.3002,-0.3219
-0.2808,-0.4124,-0.0702,-0.5869
-0.5668,1.2223,-0.1769,-0.1712
-0.2141,-0.9632,0.0001,-0.3934
0.0620,-0.1879,0.6168,0.5087
0.6419,1.4546,0.3780,0.3197
0.4458,-0.7657,0.0587,-0.0399
0.8730,0.4712,0.1839,0.0565
0.2553,1.4051,0.2492,0.0520
-0.2637,-0.2489,0.5257,0.0550
-0.4267,0.3654,0.4528,0.5265
-0.4574,-0.5184,0.4600,0.1287
0.1074,0.8703,0.0543,0.0921
-0.2951,-0.4477,0.1058,0.0437
0.3982,0.1042,0.2374,-0.1475
-0.4072,-0.4586,0.0926,0.1104
-0.3897,-0.5198,-0.0811,0.0560
-0.2359,-0.6197,-0.0995,0.1184
-0.4385,-0.8607,-0.0248,0.4686
-0.1824,-0.1126,-0.0076,-0.0964
-1.2303,-0.9525,-0.0148,-0.1537
1.0947,0.3186,0.0931,0.1368
0.9165,1.5312,-0.1627,-0.3037
1.1546,1.1842,0.5912,0.3432
0.5710,1.0506,0.5537,0.1499
1.0206,1.7762,0.3991,0.6305
0.4112,-0.6594,-0.1547,-0.0283
-0.1454,0.0897,0.1869,0.3841
0.7395,0.9862,-0.0238,-0.4685
0.4308,0.4036,0.0652,-0.1891
1.6571,1.1441,1.3745,-0.2676
1.0082,-0.3485,0.1430,-0.2941
1.5720,0.0293,0.2013,-0.3199
0.2537,2.0693,0.3048,0.4173
0.9341,-0.4738,0.4155,0.0108
0.9915,0.2212,0.2423,0.4009
0.1866,0.2251,-0.2402,-0.2299
0.0878,0.1031,0.3987,0.9691
-0.3135,0.1305,0.2361,0.1104
0.1035,-0.2460,0.2300,0.3488
0.2928,-0.3778,0.3416,0.0985
-0.1310,-0.1251,0.1142,0.1974
-0.4103,-0.6462,-0.0233,0.1315
-0.1798,0.0713,-0.0359,0.1489
-0.0812,0.3528,-0.2806,0.4732
-1.5721,-1.2663,-0.0785,0.4853
-0.4319,0.6317,0.0245,0.0302
0.1514,1.3934,-0.3516,0.2123
-0.0572,-0.7263,-0.1703,0.5062
-0.0159,1.5813,0.1529,0.2853
-0.4204,-0.5093,-0.0382,0.0470
-1.0530,-0.1187,0.2476,0.3854
-0.5904,-0.4265,-0.3449,0.3602
-0.6747,-0.4513,0.3102,0.2735
-0.4390,0.6716,-0.1882,-0.0627
0.5268,-0.2476,0.4086,0.2718
0.6867,-0.1396,-0.4550,-0.1591
0.3164,-0.4919,-0.0743,-0.2300
0.6690,-0.2686,-0.3556,-0.4567
0.6152,0.4352,0.2313,0.2355
0.9796,-0.4510,0.1215,0.3758
-0.1800,1.0582,0.0530,0.3911
-0.8340,-0.4326,-0.1859,-0.1869
-0.7105,-0.7392,-0.2765,-0.1780
0.4477,-0.9961,-0.3055,-0.4076
-1.4969,0.3839,-0.5076,-1.0238
0.5679,0.2853,-0.1224,0.0366
0.6554,-0.8445,0.0833,-0.1593
0.8877,-1.0643,-0.2290,-0.1000
-0.7603,-0.6346,-0.2119,-0.3733
-1.3823,-0.8838,1.2444,0.6811
-0.2395,-0.5924,-0.5584,-0.2580
0.0350,-0.7986,-0.2613,0.3869
1.0793,2.1919,-0.4857,-0.2755
-0.4855,0.9216,-0.5184,-0.2660
-0.8659,-0.1297,-0.2606,-0.1900
-0.5069,-0.9480,-0.2184,-0.3264
-0.0629,1.2383,-0.0353,-0.1057
0.9510,0.6728,-0.2481,-0.3285
-0.1286,-0.7709,-0.2976,-0.5458
0.4158,-0.2897,-0.4487,-0.6985
1.1686,-0.1046,-0.1213,0.4095
1.2252,-0.2592,-0.0818,-0.3261
0.5516,0.1381,0.1388,0.2060
0.4978,-0.2759,-0.0963,-0.1388
-0.0872,-0.6409,-0.0844,-0.2114
-0.3506,0.6113,-0.2659,-0.2019
-0.2981,-1.0161,-0.1778,-0.6507
-1.4447,-0.6068,-0.9428,-0.8200
-0.7228,-1.3761,0.0725,-0.0852
0.6745,-0.8070,0.0639,0.1555
0.4483,-1.3481,-0.0622,0.2223
1.2135,-0.6195,0.1324,0.5180
0.1871,0.4381,0.2401,-0.1477
-1.0224,-0.7047,-0.1525,-0.0835
0.0397,0.2654,0.0622,0.5138
0.8220,0.5792,-0.6315,-0.3038
0.6076,0.0279,1.1376,0.9156
0.1095,0.1421,-0.0131,0.4784
0.7621,0.3006,-0.0054,-0.1859
0.6682,0.8543,0.2062,0.2944
0.1882,-0.0306,0.2150,0.5832
1.0046,0.8489,-0.4512,0.2840
-0.0696,-0.0978,0.1928,0.0451
0.0415,0.2759,-0.2617,-0.4713
-0.0066,-0.3429,0.1344,-0.2070
0.1576,-0.3242,0.1420,0.4857
-0.5447,0.1622,0.4259,0.2168
-1.1667,-0.1567,-0.1316,-0.5138
-0.8911,-1.1805,-0.3812,-0.4063
-1.6597,-0.6634,0.6232,0.3876
-0.0956,-0.5821,-0.5477,-0.4014
-1.2879,-0.0424,0.0151,0.1353
-0.2331,0.3982,-0.7392,-0.7582
-1.1357,-1.1211,0.2415,0.1755
0.7036,1.7424,-0.0415,-0.4352
0.0784,1.2098,0.3228,0.5719
-1.2822,-0.1654,-0.3551,-0.7019
0.9135,2.6373,-0.1811,-0.4321
0.5871,-0.1614,0.2369,0.2565
-1.0682,-1.2568,-0.2465,-0.2624
-0.0501,-0.5517,-0.0873,0.2730
0.1043,0.1007,-0.2142,-0.2528
-0.4118,1.1534,-0.2362,-0.3018
0.8846,0.1769,0.1051,0.1265
-0.9335,-0.5631,-0.2366,0.0740
0.5615,0.4517,-0.1538,0.0338
1.3447,0.0803,-0.0728,0.1727
0.0765,0.7410,-0.0177,-0.1114
0.3319,0.4547,-0.1514,-0.3417
0.0760,-0.9830,-0.1646,0.0374
0.2925,0.3397,-0.0635,-0.0289
-0.6740,-0.5769,0.0398,-0.0620
0.3743,-1.0472,-0.2155,0.1272
0.1784,1.3670,-0.2804,-0.4306
0.2694,2.4623,-0.1132,0.0968
0.9856,0.4736,-0.0493,-0.5397
0.6624,1.0142,0.0253,-0.0700
0.4645,-0.2140,0.1674,0.2005
0.3939,-0.2031,0.0969,0.1461
-1.1793,-0.9582,0.1971,-0.3624
-1.4573,-1.1756,-0.2125,-0.4856
-0.4413,-0.2425,0.2090,-0.0515
-0.3547,-0.4343,0.0903,0.1484
0.0773,-0.9684,0.0209,-0.0569
0.9995,0.2666,0.1585,0.3370
0.9603,1.0263,0.7493,0.5855
1.1172,0.0661,0.1778,0.5339
-0.5820,-0.5657,0.0039,-0.4160
-0.6393,-0.8869,0.1352,0.0021
-0.2564,0.7330,0.4378,0.5833
-0.8663,-1.1695,-0.0540,-0.3216
0.3155,0.5031,0.0185,-0.2261
0.1117,1.0780,0.1194,-0.0426
0.7223,-0.2458,0.0227,0.0484
0.6526,-0.4581,0.0945,0.1971
-0.2106,-1.4652,-0.0291,0.1187
0.6225,-0.2236,0.4970,0.2557
-0.1566,-0.3006,0.0871,0.1992
-0.0194,-0.5740,-0.1735,0.1056
0.0822,0.7376,-0.0576,0.1046
0.3702,-0.1683,-0.1929,0.1585
0.5757,-0.1982,-0.0582,0.0162
-0.1474,-0.3626,0.0439,-0.1255
-0.0419,-0.2147,-0.0458,-0.1670
0.6884,0.2969,-0.0199,-0.1964
-0.7789,-1.0166,0.2939,-0.0918
0.1390,-0.5095,0.5721,-0.1161
1.5636,0.2349,0.5642,0.8014
1.0297,0.9217,0.5558,1.0787
0.4824,-0.2421,-0.1596,0.2507
0.8716,0.5907,-0.3728,-0.1783
0.2234,0.2864,0.1086,-0.6993
0.4152,-0.2961,0.4049,0.8178
0.3736,0.7106,0.0002,0.2373
0.5210,0.4673,0.1501,-0.1802
0.5975,-0.7440,0.0162,0.2521
-0.0869,-1.0862,0.0375,0.0232
-0.0576,-0.3857,0.0888,0.2274
-0.2187,0.0395,0.1415,0.2065
1.0141,2.0231,0.2228,0.6047
-0.2101,-1.0814,-0.1542,0.0579
-0.1286,-0.0730,0.0733,0.1349
0.1694,-0.6538,0.0848,-0.0496
-0.6853,-1.1034,0.0295,0.0899
-1.1988,-1.2489,-0.0176,0.3663
-0.5683,-0.8612,0.4724,0.3341
-1.7027,-0.9644,-0.0317,-0.0510
0.6188,0.4173,0.5117,0.0208
-0.7634,-1.0097,0.1023,-0.1519
0.4967,1.7236,0.0381,-0.1862
-0.0335,-0.4820,0.1839,0.0383
1.0844,0.4483,-0.0439,-0.4062
0.6284,0.3396,0.0726,-0.4444
-0.0015,1.6080,-0.0634,-0.3080
0.5894,0.1751,0.2233,0.9365
0.5317,1.7488,-0.2701,-0.4046
-0.3884,0.1848,0.4363,0.3463
-0.3781,-0.0465,0.1685,0.1490
-0.2211,0.0864,0.0392,0.0748
-1.6304,-1.4392,-0.2572,-0.2150
0.3362,-1.0691,-0.6113,-0.1642
-0.8497,0.8760,0.0371,0.1347
-0.1407,0.6610,0.2426,0.4277
0.3891,0.2769,-0.1891,-0.1948
1.0003,1.2543,0.2435,0.1959
1.3369,0.2975,0.1561,-0.3546
0.6521,0.6410,0.6650,0.3066
1.4764,0.1115,0.0678,0.2784
-0.0009,-0.1366,0.2405,-0.1557
0.4190,0.1040,0.3291,0.0774
-0.3453,-0.5119,-0.0556,-0.0705
-0.1754,-0.4483,0.0779,0.1859
-0.2573,0.7120,-0.0557,-0.0847
-0.7713,-0.0766,1.1373,1.2395
-0.8959,0.2481,0.1783,0.1451
-0.2589,0.3178,0.2035,0.5626
0.1332,-0.0399,0.3919,0.4144
0.3037,1.0137,-0.5581,-0.1963
0.2116,0.2392,-0.1003,0.2908
-0.9496,-0.8792,0.2616,0.2068
-1.1616,-0.0681,0.0048,0.7448
0.0494,-0.4271,-0.0427,-0.4142
-0.1318,0.1704,0.0427,0.7299
0.0677,0.2069,-0.2160,-0.0199
-0.2033,-0.8787,0.2114,0.1109
0.9572,-0.4286,0.7975,0.9256
1.2748,1.0401,0.1305,-0.1004
-0.7048,-0.3380,-0.5649,-0.2018
0.3887,-0.6233,0.1904,0.0716
0.7585,-0.8734,0.5443,0.3515
-0.3753,-1.0496,0.1308,-0.0739
0.3089,-0.9905,0.0821,0.6007
0.5229,0.4895,-0.1582,-0.1547
0.0304,-0.7292,-0.4386,-1.1736
-0.3625,-0.8220,-0.0764,0.2408
0.6718,-0.2218,-0.0701,-0.2694
0.7284,0.0964,0.0903,-0.2394
-0.4106,-0.4207,-0.1530,-0.2467
0.5024,-0.6435,-0.0943,-0.2640
-0.9035,-0.5600,-0.0285,0.2362
-0.4622,0.0267,0.0864,-0.3916
-0.5983,0.0200,0.3233,0.3787
0.4336,0.1388,0.0710,-0.0196
1.1854,1.1576,0.1560,-0.1839
0.5510,0.5717,-0.1346,0.0480
-0.3993,-0.1283,-0.0141,-0.2700
-0.8784,0.6128,-0.2891,-0.5409
-0.7325,-0.9071,0.0972,-0.2333
-0.0289,3.1069,-0.1391,-0.3517
-0.2803,0.0044,0.7107,0.6983
0.5089,0.5159,-0.0213,-0.0509
0.4406,-0.0783,-0.0494,-0.4950
-0.0683,0.8732,0.0415,0.3766
-0.3490,-1.1539,-0.0504,-0.3218
0.4207,-0.2685,-0.3646,-0.2423
0.1355,0.5260,0.0443,-0.4842
-0.0898,-0.1114,-0.2157,-0.2388
-0.0401,-0.3649,0.0821,-0.3492
0.3196,1.7440,-0.0145,0.1208
-1.1943,-0.3306,0.3264,0.5047
0.6545,0.4840,-0.1508,-0.3478
-0.7133,-0.8935,-0.4663,-0.0271
-1.6268,-0.4982,-0.0468,-0.1263
-1.3450,-0.2007,0.0587,-0.0597
-1.8189,-0.9817,0.2211,0.2957
-0.5519,-1.2577,0.0883,0.6960
0.4912,-0.4102,-0.4589,-0.1956
0.9019,1.1436,-0.2523,-0.1505
-0.3441,0.4486,-0.3833,-0.6495
-1.0568,-0.2047,-0.3769,-0.5125
-0.2561,0.4480,0.0160,-0.0070
-0.1927,0.7003,-0.0523,-0.3076
-0.2076,0.0480,-0.3396,0.0498
1.1047,0.4539,-0.2438,-0.1897
0.0001,-0.2825,0.3836,0.2148
-0.3599,-0.4465,0.1073,0.5333
-0.2677,0.8341,-0.4204,0.2739
0.5779,0.3320,-0.2341,-0.1615
0.5931,0.0480,-0.2619,0.0360
0.4027,-0.4823,0.0109,-0.0258
0.6386,0.3703,-0.1251,-0.2883
-0.5756,-0.8218,-0.1050,0.2027
0.7056,-0.1524,-0.2842,-0.6208
0.0695,1.4238,0.1229,-0.0382
-0.0868,2.3773,-0.0752,-0.3943
-0.8578,1.1284,0.0981,0.1158
-0.6877,-1.3975,-0.4809,0.0209
-0.6688,-0.9683,0.0859,0.0096
-1.2978,-1.1224,0.2107,0.0872
0.5960,-0.4723,0.1153,0.5281
-0.0947,2.7298,1.3263,0.5765
0.8191,0.8315,-0.4870,-0.4206
1.2194,-0.2649,0.4692,0.4594
-1.2228,0.9438,0.0451,0.1159
-0.4495,-0.9080,-0.0645,0.0137
-0.2012,0.9956,0.0180,0.3703
-0.8233,-0.1013,0.2628,0.3060
1.0199,-0.4971,-0.3958,-0.2757
0.4655,0.6840,0.4370,0.6035
-0.2753,1.5583,0.0595,-0.0432
0.5226,-0.2089,0.3876,0.4304
-0.5623,0.5885,-0.2456,-0.0913
0.0358,0.9218,-0.3848,0.2222
-0.4399,-1.0672,-0.4604,-0.1357
-0.3368,-1.1866,-0.3833,0.0470
-0.5589,0.1652,0.0254,0.0278
-0.0571,0.0890,0.2185,0.0092
0.5228,0.5033,-0.1730,0.7336
-0.0806,-0.1719,-0.1261,-0.5104
-1.5523,-1.1084,-0.2141,0.1630
-0.2756,-0.2355,0.0706,-0.1303
-0.1811,-1.3969,0.0642,-0.3906
-0.5077,-0.6204,0.0715,-0.0645
0.1877,0.3698,0.0039,-0.0759
0.1026,-0.0498,-0.2431,0.1112
-0.3426,-0.2849,-0.3951,0.2181
0.1617,1.7033,0.1484,0.3478
-0.2810,1.2987,0.2981,0.1249
-1.3013,-1.6772,0.4863,0.5504
-1.1145,-0.5169,0.1842,-0.3153
0.2630,0.9437,-0.2060,-0.0088
-0.1277,-0.5856,-0.0876,-0.1473
-0.2115,-0.3233,-0.1015,-0.2808
0.4337,-0.0227,-0.1624,-0.0685
0.2276,-0.4736,-0.0851,0.3270
-0.0436,-0.3408,0.0043,-0.0146
-1.2079,-0.5925,0.3419,0.0692
-0.9037,-0.8099,-0.0311,0.2458
-0.2856,-0.7120,0.1495,-0.2704
-0.5365,0.5140,0.0426,0.1913
-0.8142,-0.9769,0.2901,0.2094
0.8730,0.0844,0.2047,-0.0938
-0.3121,0.2891,-0.0502,-0.2555
0.4006,-0.0032,-0.0304,0.1045
-0.6702,-0.8996,0.0809,-0.1790
-0.3849,0.7303,0.5849,-0.0796
0.6881,-0.0661,0.5627,0.1072
1.3575,0.4319,-0.1617,-0.3119
1.5137,2.3228,-0.1389,-0.3968
0.8479,1.5976,-0.2227,-0.5854
1.1624,0.4075,-0.1899,-0.2743
0.3473,0.7827,-0.2889,-0.1534
0.9086,1.1196,-0.0562,0.2387
0.2188,-0.8133,-0.3677,-0.1085
1.0778,0.1699,-0.0118,0.2164
-0.1770,-0.6679,-0.1066,0.1925
-0.4697,-0.7709,-0.3203,0.2740
0.0793,-0.0935,0.0187,0.1803
-0.8299,-1.1860,-0.0259,-0.0082
-0.1142,-0.0939,-0.2729,-0.1318
-0.7013,0.0335,-0.0229,-0.2493
-0.0327,-0.1140,-0.0050,-0.3422
-0.6430,1.0632,-0.1780,0.1425
-0.8672,-0.7679,0.1065,0.0357
0.5421,1.0256,-0.1008,-0.3924
0.4245,0.2010,-0.1032,-0.3497
-0.3057,2.5957,-0.5642,-0.9285
-0.1389,0.3403,0.1326,-0.1740
-0.2797,-0.3709,-0.2319,0.5477
0.4767,0.4705,0.0661,-0.3726
-0.0517,1.0037,-0.0017,-0.0630
-0.0820,-1.0826,-0.2143,0.1873
0.4273,0.1936,0.2675,0.3373
2.4796,0.2384,-0.1615,-0.6274
0.0063,-0.1588,-0.0443,-0.1411
-0.1849,-1.3117,0.2262,0.1294
0.7964,0.5080,-0.0435,-0.3780
0.2454,1.1902,-0.3305,-0.1625
-1.5480,-1.2748,-0.1659,-0.0301
-0.6126,-0.2009,0.2287,0.4687
1.3352,0.5512,-0.0702,0.2653
-1.4598,-1.7315,-0.0560,-0.1571
0.3202,0.9792,0.0760,0.4771
-0.4688,-0.6781,0.0193,0.5428
-0.5813,0.4573,0.4080,0.6602
-0.3507,-0.9713,0.1034,0.3206
0.6480,-0.0720,0.0837,-0.1279
1.2822,0.3121,0.1914,0.7845
0.9503,1.2062,-0.0935,0.0565
0.0703,-0.5222,0.1813,0.0821
-0.2704,-0.9297,-0.5391,-0.4235
-0.9241,-0.6605,-0.0093,-0.2499
-0.2329,-0.6321,0.1876,-0.3557
-0.3491,1.2234,-0.0687,-0.2588
0.8233,-0.0025,0.1612,0.4254
-0.1931,-0.0701,-0.4911,-1.2546
0.3821,-0.8451,-0.1618,0.1560
-0.7533,-1.0408,-0.1460,-0.2019
-1.3765,-1.2156,-0.1835,0.4532
-0.8704,-1.3034,-0.0719,0.1356
-1.2612,-1.1459,0.0661,0.1944
-0.3996,0.6416,-0.2336,0.0138
-0.2589,-1.1924,-0.0008,-0.0605
0.3204,0.4071,0.2133,0.0653
0.6097,0.1488,-0.2424,-0.6634
0.4523,0.4174,0.3285,0.5377
-0.5190,-0.3667,-0.1255,0.2792
-0.6440,-0.6113,-0.1408,-0.3051
0.3303,-0.5662,0.0387,-0.4558
0.0283,-0.9345,-0.1118,-0.0840
0.6473,0.5361,-0.0326,-0.1781
0.6635,-0.3068,0.2165,0.2333
-0.1456,-0.4589,0.1019,0.1902
0.3949,-0.5598,-0.2082,-0.1357
-1.1077,-0.6276,0.0785,0.6177
-0.0503,2.2324,0.0859,-0.1521
0.4061,0.2633,-0.2486,-0.6584
0.0775,0.6500,-0.1248,-0.1653
-0.1328,0.1051,-0.1672,-0.5793
-0.8968,-0.8605,0.2255,0.1194
-0.6976,-0.6014,0.1766,-0.1291
-0.0804,0.4637,0.2396,0.0047
-0.9347,-1.1322,-0.2429,-0.0375
0.4096,1.8641,0.7506,0.4933
-0.0586,0.0404,-0.7548,-1.0096
-0.2301,-0.9879,-0.1022,-0.0247
-0.7166,-0.8635,-0.2629,-0.2665
-1.3657,-1.0543,-0.1994,0.0486
-0.2646,-0.5900,0.4634,-0.3780
0.6300,0.4935,-0.0811,0.1373
-0.3760,-0.2236,-0.1883,-0.2949
-1.3928,-0.7434,0.0907,0.0286
1.5703,0.1450,-0.3178,-0.0109
-0.0794,-1.1549,-0.0342,-0.1999
-1.5660,-1.3985,-0.3235,0.0332
-0.0986,0.7378,-0.3443,-0.0707
1.3581,0.4410,-0.0747,-0.0399
0.5366,-0.0110,-0.0156,-0.2770
-0.2270,-0.2571,-0.3377,-0.3765
0.9926,0.9769,0.3961,0.1398
0.7992,0.3920,-0.4989,-0.7104
0.3885,0.1935,-0.2504,-0.2943
0.6014,2.1445,0.1792,-0.2840
-0.5133,-0.7974,-0.3017,-0.5119
0.0827,-0.5158,-0.2213,-0.5732
0.6233,0.6027,0.3179,-0.1973
0.3380,0.6474,-0.2597,-0.4193
0.5686,0.9722,0.6833,1.0767
1.4025,0.1807,-0.0255,0.0493
1.0553,1.0536,0.1330,0.0429
0.9468,0.7554,-0.1346,0.2726
-0.7750,-0.4901,-0.0240,0.0596
0.1047,0.1158,-0.1354,0.0420
0.0973,0.0045,-0.1866,-0.2237
0.1525,0.5208,0.1682,0.5942
0.5032,0.6474,0.5559,0.1634
0.6357,-0.2433,-0.7234,-0.6513
-0.1320,-0.2506,-0.0017,0.1949
-1.2955,-0.9756,0.0800,0.1745
-0.5373,-0.3155,0.2665,0.0294
-1.0269,-1.3407,-0.2294,0.2698
0.4550,1.7017,-0.2667,-0.7487
0.2368,-0.7181,-0.3017,-0.0396
-0.0572,-0.4942,0.0637,0.1850
1.5660,0.0736,-0.0266,-0.2231
0.2773,-0.7004,-0.2122,-0.3924
-0.4713,-0.0116,0.1100,0.0362
-0.2431,-0.0693,0.2484,-0.1013
-0.9056,-0.8058,-0.3717,0.4226
0.3676,-0.4671,-0.1781,-0.0302
0.5877,0.4204,-0.0983,-0.1135
1.3751,-0.2753,-0.2338,0.1527
0.3909,-0.5608,-0.3932,0.1209
0.4638,-1.2061,-0.3104,-0.2846
-0.5794,0.2267,-0.2529,-0.2629
0.6280,0.2711,0.3655,0.1281
0.5803,2.9229,0.3075,0.6932
0.6426,0.0450,0.3498,0.5635
0.4328,1.1606,0.1958,0.2432
-0.4754,-0.9768,0.2327,0.4303
0.2541,0.1638,0.4468,0.5864
1.6602,0.6324,-0.2634,-0.0166
0.1245,0.2784,0.2930,0.4353
0.5849,0.2775,0.2374,0.2958
0.9193,-0.0004,0.2235,0.2509
0.5364,-0.3368,0.2608,0.1654
-0.2116,-0.2896,-0.0028,0.2979
0.5917,1.0297,-0.0820,-0.0806
0.9523,-0.1312,-0.1711,0.2675
0.1479,1.7488,0.2814,0.4328
1.6034,0.7963,-0.0583,-0.4153
0.5021,0.2754,0.3655,0.7084
0.5164,0.8359,-0.2110,-0.7558
0.2391,-0.2806,-0.2574,0.0874
0.4416,-0.1844,-0.1519,0.5574
-0.4830,0.3120,-0.3628,0.2167
-0.0939,-0.6208,-0.0497,-0.1363
0.3534,0.2968,-0.0315,0.0263
0.7560,0.9239,0.2243,-1.7215
-1.7035,-0.4543,-0.0806,0.0035
0.5514,0.1321,-0.1715,-0.1445
0.0020,1.1192,0.2169,0.0216
0.0857,-0.3571,0.2472,-0.0315
-0.0344,0.6672,0.5601,0.3952
0.7908,1.2965,0.5730,0.7012
-0.1040,0.5426,0.2432,0.5359
-1.6706,-0.8641,-0.6086,-0.1203
-1.1280,0.7606,0.5227,0.6983
0.7443,0.3691,0.1369,-0.0817
0.9237,1.1513,-0.0997,-0.3436
0.5371,1.5389,-0.3619,-0.7653
0.1001,-0.1052,0.0042,0.2652
-0.6051,-0.0230,0.2904,0.1010
1.3672,1.3525,-0.1180,-0.0427
-1.2256,-0.2923,-0.2551,-0.3622
-1.0410,-0.2662,0.0972,-0.1044
0.3097,-0.1066,0.1199,0.1829
0.5716,0.9414,0.0253,0.1398
-0.1568,0.8503,0.0398,0.0115
0.6296,0.9178,0.8486,1.0075
0.9978,0.4604,-0.4480,-0.4748
-0.3953,-0.4608,-0.1819,-0.1594
-0.2251,-0.8151,0.1942,-0.2237
0.6279,-0.2605,-0.2787,-0.0626
-0.9930,-1.3745,-0.2119,-0.0570
0.2136,-0.5659,-0.2554,0.0135
0.1741,0.5781,0.1022,0.4303
0.1139,-0.6820,-0.2048,-0.1091
-0.1458,0.6045,-0.6869,-0.4347
0.2273,-0.2402,-0.1154,-0.2422
-0.7289,-0.7284,-0.0460,0.0163
-0.1378,0.3546,-0.0075,0.2924
0.2881,0.0573,0.0639,-0.0500
-0.4807,0.1628,-0.3700,-0.3469
-0.1580,0.3370,0.0924,-0.0648
-1.0427,-1.0183,-0.1250,0.0126
0.1050,0.1673,-0.1867,0.7661
-0.0125,-0.6572,-0.2401,-0.3732
0.3888,0.0111,-0.3677,-0.4576
-0.6097,-0.7201,0.0285,0.0501
0.6711,1.0374,-0.0607,-0.2915
-0.9313,-0.5553,-0.3110,-0.0966
-0.4653,-0.7603,-0.5209,-0.4820
0.5040,0.3195,0.2910,0.0909
-0.8341,-1.2986,-0.1711,-0.2934
-0.6023,-1.4441,-0.0023,0.0654
0.2699,-0.8761,0.0041,0.0251
-0.3265,-0.9720,-0.2016,-0.0835
-0.1919,-1.1688,-0.1968,-0.1534
-0.3575,0.4311,-0.1908,-0.1064
0.2117,-0.6310,-0.1162,-0.1213
-0.8588,-1.1155,-0.0813,-0.3702
0.8610,-0.1571,0.5421,1.3348
0.0766,0.4835,-0.0528,-0.3139
-0.1161,-0.9520,-0.2829,0.0257
0.2162,-0.6643,-0.3355,-0.2321
-0.0258,-0.2584,0.1554,0.1306
0.2710,-1.2388,-0.3041,-0.2820
-0.0083,-0.6991,-0.4432,-0.1481
1.0962,0.9670,0.3007,0.5380
0.5498,0.1334,0.2541,0.0888
0.5864,-0.4916,-0.2111,-0.3548
-0.4060,1.0465,0.7501,0.5558
-0.2263,0.1708,-0.0012,-0.6146
0.4066,0.0881,0.1845,-0.1083
0.5718,-0.9006,0.0790,-0.2382
0.2140,1.0387,0.0467,-0.2885
-0.1124,-0.2920,0.2206,0.0394
-0.2313,1.6396,-0.2805,-0.0102
0.3976,0.0095,-0.3607,-0.6893
0.1996,-0.3843,-0.0604,0.1090
-0.0924,-0.1601,0.1029,-0.3241
0.0047,1.6089,-0.4610,-0.5271
-0.0302,-0.6793,-0.0283,0.0790
0.9317,0.2413,0.1771,-0.1866
-0.2532,-0.2525,0.0722,0.1711
0.1583,-0.0023,0.1097,-0.3809
0.6776,-0.8672,-0.4749,0.0597
-0.2900,-0.5733,0.9583,0.3886
-0.6146,1.0120,0.7591,0.7585
0.5463,-0.8609,-0.1202,-0.2246
-0.2487,0.7818,0.2338,0.5529
-1.2056,-1.5074,-0.1898,-0.2747
-0.1600,1.0449,0.1507,-0.1957
-0.4383,-0.6870,-0.4748,-0.1770
0.3262,0.6392,-0.1792,-0.3171
0.0167,-0.1248,-0.0449,0.1074
-0.6337,-1.3043,0.2830,0.2177
0.0268,-0.2794,0.2087,0.2457
-1.0276,-1.1199,-0.0074,0.6277
0.1887,1.3063,-0.5072,-0.1849
0.2001,0.1778,0.1075,-0.1534
0.4457,0.5031,0.3701,0.3039
-0.5875,-0.7041,0.2744,0.4948
0.4235,0.0049,0.2669,0.1568
0.3653,-0.1153,0.0045,-0.0257
-0.0942,0.4360,-0.2226,-0.5391
-0.5255,-0.4704,-0.0160,-0.2321
0.3542,1.6225,-0.0245,-0.3032
-0.1141,0.8568,0.2761,-0.0520
-0.6490,-0.3040,0.0613,-0.0356
-0.7174,0.2798,0.0925,0.1797
-0.2369,0.0872,0.3483,0.2404
-0.3476,-0.6996,-0.2368,-0.4261
-0.9081,0.3445,0.7109,-0.0756
-1.2787,-0.5196,-0.0746,0.1566
-0.2378,0.3877,-0.1266,0.3185
-0.2568,0.1144,-0.2266,-0.1462
-0.4909,-0.3249,0.0198,-0.3193
-0.5916,-0.6391,-0.0228,-0.4535
-1.0311,-0.8306,0.4002,-0.2420
-1.2602,-0.9288,-0.2583,0.0258
-0.6672,-0.9222,-0.2483,-0.2990
-0.9083,-0.8404,0.0932,0.2332
-0.6930,1.0206,0.2796,0.0279
0.4982,1.6119,0.0965,-0.1224
-0.7780,-0.5915,-0.0729,-0.1589
-0.5576,0.0834,0.2786,-0.0409
-1.0146,-1.4760,0.1502,0.1400
-1.2637,-0.3753,0.3091,0.0834
0.1725,1.2803,0.3990,0.0432
-0.1525,-0.8205,-0.4543,-0.6145
-0.4544,-1.4640,-0.1055,-0.1707
-0.6193,0.1490,-0.0496,-0.4934
-0.7648,-1.0574,0.2211,0.1680
-1.5324,-0.9771,-0.1044,-0.2854
-0.9115,-0.2017,-0.1134,0.0451
-0.5484,-1.0271,-0.2216,0.2065
1.6539,0.8061,-0.0693,0.1250
0.9573,0.8804,-0.2393,-0.1864
-0.3246,-0.2494,-0.0563,-0.2569
2.5197,1.4205,-0.0021,-0.0336
1.0186,-0.5028,-0.1326,0.2336
-0.2423,-0.3962,-0.3237,0.3795
0.1750,-1.3252,-0.2144,-0.1130
0.4899,-0.8983,-0.0036,0.1275
-0.1679,-1.8600,-0.1783,0.1188
-0.8701,0.2728,0.0609,-0.1305
0.7440,0.7733,0.0016,0.4741
-0.1311,-0.4953,-0.5672,0.0747
0.0330,-0.3255,0.4923,0.0834
0.6177,1.9845,0.0219,-0.3110
-0.6613,0.3802,-0.1292,-0.1863
-0.1300,-0.1103,0.3854,0.2865
0.0841,-0.6545,-0.0092,-0.1324
0.1945,0.4079,-0.0594,-0.4763
-0.2402,-0.5530,0.2342,0.0659
-0.2442,-0.2661,-0.1177,0.2721
0.0894,-0.2860,0.0615,-0.4734
-0.9021,-0.3475,0.7336,0.6750
-0.2255,-0.6900,0.2188,0.0709
-1.0459,-0.8556,-0.0297,-0.2213
0.2798,-0.6840,0.1259,0.1839
-0.2220,0.4399,-0.2025,-0.3503
-2.1236,-0.9646,-0.1728,0.1626
0.5284,-0.1317,-0.0137,-0.2814
0.3113,-0.4558,0.1298,-0.2245
-0.2299,-0.2171,-0.1154,0.0244
-0.2348,0.1253,-0.1233,-0.2560
-0.1709,-0.5790,-0.3058,-0.1099
0.2609,-0.5200,0.0459,0.1279
-0.0871,-0.5233,0.1405,-0.1420
0.5430,-0.3058,-0.1767,-0.0601
0.2026,-0.3997,-0.3088,-0.3108
-0.3296,-0.4202,0.1012,0.3150
-0.6833,-0.2694,0.1510,-0.2587
-0.8611,0.7837,-0.2195,0.1814
0.0184,1.5367,0.0485,0.0451
0.1952,1.7390,-0.0852,-0.2273
-0.0953,-1.0008,-0.1888,0.3089
-0.2073,0.4691,-0.2379,-0.4885
-0.1090,-0.1274,0.0544,-0.3134
-0.0346,1.2370,-0.5689,-0.6117
0.0151,-0.1265,0.3180,-0.0456
-0.1885,0.2746,-0.0613,-0.4296
-0.2727,-0.2039,-0.2364,-0.7022
-1.2668,-0.8515,0.3576,0.7151
0.6241,-0.1199,0.5909,0.1643
0.6405,-0.1496,0.0388,-0.1424
0.1310,-0.3752,-0.2580,-0.4602
-0.5559,-0.6067,-0.1261,-0.1649
-0.8063,0.1488,-0.2550,0.2872
1.0010,0.0104,0.7989,0.3688
-0.5838,-0.4346,-0.3317,-0.5490
-0.6960,-1.2661,-0.2978,0.6452
-0.2920,-0.7401,-0.3902,0.2574
0.4365,-0.2457,-0.2209,-0.0231
0.4360,-0.2619,0.1812,0.2964
0.4565,-0.2667,0.2092,0.0408
-0.5278,-0.7608,-0.4533,-0.5667
0.7661,1.7485,0.1629,-0.0509
-0.2079,-0.1640,-0.0794,-0.3217
-0.0660,-0.6827,0.2327,0.2051
0.7202,0.6435,0.0815,-0.4924
0.0276,0.4197,0.0267,-0.0125
-0.3316,-1.3633,-0.1550,-0.3047
0.8599,0.6298,-0.1246,-0.2935
0.9023,0.9300,0.0625,0.1853
0.3934,0.2409,-0.2948,-0.2103
-0.3304,-1.0215,-0.2563,-0.4163
-0.4406,-0.8503,-0.0826,-0.1362
-0.2450,0.6501,-0.1817,-0.2740
-1.0008,0.2871,-0.5375,-0.4829
-0.2478,0.8511,-0.2734,-0.0556
0.9597,-0.1142,-0.1293,0.0309
0.2308,0.3187,0.0497,-0.1605
0.2597,0.3680,-0.2442,-0.9482
0.9627,-0.2628,-0.1096,-0.4109
0.7759,-0.7964,-0.1203,-0.3286
0.9629,2.2703,0.0293,-0.6162
-0.2166,-1.0959,0.0182,-0.1925
-0.3821,-0.3142,0.2076,0.2989
-0.4283,-0.3674,0.5806,-0.1606
0.2481,-0.0932,-0.1706,-0.2560
-0.3418,0.2577,0.0356,0.1446
-0.3231,0.3848,-0.3592,-0.3140
0.2911,-0.2398,0.2791,-0.0055
-0.0562,0.2298,-0.1117,-0.0316
0.8916,-1.1277,0.0211,-0.1632
-0.0193,-0.2395,-0.0705,-0.4907
0.4928,0.3446,-0.1769,-0.3076
0.1657,1.2671,-0.9174,-0.7241
0.3379,-0.0534,-0.3615,-0.4516
-0.1419,-0.6151,-0.0667,0.0780
-0.2145,-0.1352,-0.0804,0.3455
0.2343,-0.5834,-0.1612,0.2194
-0.3147,0.8021,0.0928,0.0329
-0.8669,-0.9205,-0.1624,-0.2293
0.0776,0.0096,0.4826,0.3852
-1.2185,0.1732,0.1673,0.6109
-0.6283,-0.5497,0.0252,0.2994
0.6196,-0.1460,0.3176,0.6136
-1.8036,-1.2604,0.3848,0.7340
-0.6264,0.3354,0.1694,-0.0360
0.4618,1.5551,0.3031,0.4845
0.6352,1.5042,0.0323,-0.2210
1.1367,1.0563,0.0035,0.3284
0.6576,1.0595,-0.0136,0.1636
-0.0673,-0.1708,0.0197,0.0523
-0.0044,1.5237,0.6774,1.0110
0.4141,-0.2113,0.0663,0.0410
-0.2685,1.1595,0.0732,0.1642
-0.3908,-0.2073,-0.1677,-0.0384
-0.3690,1.2423,0.0617,0.2062
-0.0487,-0.0811,-0.1099,0.0503
-0.9452,-0.4317,0.5947,0.6909
-0.0085,-0.8639,-0.2490,0.0793
-0.0586,-0.4914,0.0951,0.0144
0.8314,0.1159,-0.0143,0.7431
-0.7619,-0.8341,0.1622,0.3126
-0.2997,-0.4684,-0.1377,-0.2899
-0.6326,0.0644,-0.2663,-0.3230
-0.2618,0.0745,-0.0542,-0.0758
-0.1242,1.7406,0.1421,-0.2257
0.8125,0.1748,0.2545,0.0887
-0.2727,1.8418,0.1689,0.6644
0.0179,-0.1407,-0.0276,0.3007
-0.3659,-0.4432,-0.0773,-0.2055
-0.3870,-0.6711,-0.3570,-0.2326
-0.0924,-0.8591,-0.1255,0.0685
-0.2648,0.4453,-0.0582,0.3581
-0.5285,-0.3380,0.1529,0.2171
-0.2836,-0.2345,-0.0025,-0.3040
0.0828,1.3522,-0.2157,-0.0408
-0.5695,-0.1628,-0.1342,-0.3120
-0.1686,-0.5239,0.0789,0.1043
-0.6421,-1.1491,0.4521,0.4647
-0.2149,1.2071,-0.0918,0.0503
-0.7548,-0.3424,-0.0660,-0.5242
-0.4729,-0.5945,-0.3907,-0.2912
-0.1478,0.4889,0.0560,-0.2079
-0.2983,-0.5235,-0.1468,-0.0419
0.1691,0.2409,-0.0534,0.1572
-0.0372,-0.2596,0.0114,-0.0816
0.6714,0.2639,-0.0667,-0.4391
-0.6525,0.2638,-0.0693,0.0613
-0.8911,-1.0550,0.1548,0.7778
-0.3583,1.4422,-0.4935,-0.7367
-0.7374,-0.5383,-0.0800,-0.3216
-0.8575,-0.2678,0.3022,0.2025
1.2169,0.0116,0.3094,0.2374
-1.1899,0.0583,0.0576,-0.0751
-0.3581,0.1315,0.4860,0.3331
-0.9202,-0.7439,0.1487,0.4279
-0.2765,-0.2836,0.5139,0.9557
0.8121,-0.7508,0.0535,0.3142
-0.3443,0.2250,-0.1300,-0.1825
-0.5132,-0.9137,-0.3855,-0.1065
-1.0974,-0.9013,-0.1685,0.1119
-0.6427,-0.0064,-0.0107,0.1979
0.6798,-1.4540,0.2571,-0.1103
-0.1980,0.3553,-0.1221,-0.1334
-0.4418,-0.6645,-0.1301,-0.4806
-0.6399,-0.1931,0.2279,0.0587
0.0956,-0.8903,-0.2307,0.0042
-0.3959,0.0794,0.3577,0.3172
0.0304,1.2705,0.7161,0.5722
0.2844,1.8449,0.0549,-0.0648
0.0314,-0.0374,0.6133,0.4642
0.1507,1.2789,0.3181,0.4839
0.5480,0.0849,0.5366,0.0074
-0.2621,0.8834,0.3706,0.0142
0.4626,0.3425,0.1603,-0.3658
0.3102,-0.2093,0.1292,-0.1785
-0.7854,-0.7102,0.0768,-0.1781
-0.4672,-0.1682,0.1377,0.0330
0.6095,0.8266,0.2455,0.1563
0.0756,1.4733,0.3746,-0.0253
1.3539,1.9080,0.4008,0.2788
0.9368,0.3633,0.2140,-0.3055
0.8366,-0.2313,0.4837,0.3338
0.2276,-0.0429,0.3805,0.3518
0.5908,0.5949,0.1744,-0.1966
0.6109,1.0280,0.3885,0.1509
0.3924,0.1090,0.2970,0.2051
1.0502,2.2477,0.4607,1.0145
0.0544,0.0690,0.2359,0.6281
-0.4301,-0.8498,0.2887,0.3442
-0.1792,-0.1442,-0.2397,-0.3575
-0.1314,-0.4366,0.3022,0.9184
-0.1747,-0.8302,-0.2231,-0.4161
0.1637,0.2564,0.1316,-0.1115
0.4733,0.3792,-0.5618,-0.6236
1.0474,-0.1647,0.0204,-0.1094
0.6811,0.6615,0.2762,-0.1923
0.0851,-0.7045,-0.1351,-0.3305
-0.0628,-1.1883,-0.5435,-0.5048
-0.1024,0.6369,-0.5171,-1.0853
-0.4717,-0.7370,-0.0418,0.1272
0.5317,-0.0097,0.0206,0.4406
0.9471,0.4756,-0.0241,0.2184
0.4067,0.1546,0.0983,0.4610
-0.5532,-0.1041,0.4408,-0.0448
-3.8791,-1.7408,-0.7972,-0.5157
-1.4692,-1.4259,-0.2305,-0.3047
-0.0409,-0.2509,-0.1367,-0.1331
-0.0664,0.6750,-0.4162,0.2234
1.4014,0.3924,-0.1783,0.1607
0.6601,-1.0104,-0.2107,0.1638
1.1431,-0.1968,0.1652,0.2857
0.0891,-1.1820,-0.3639,-0.3247
-0.6850,-1.4939,-0.5170,-0.3654
1.0011,1.4674,0.6495,-0.1965
-2.2384,-1.7397,-0.4575,-0.6941
-0.4316,-0.3768,-0.3249,-0.3768
-1.2447,-0.8548,-0.2830,-0.0906
0.2908,0.6539,0.1551,-0.3557
-0.9765,-0.8107,0.9927,0.3512
-0.8761,-1.8425,-0.2118,-0.5035
0.1335,0.4950,-0.2481,0.0198
-0.1367,-1.1798,-0.2602,-0.5671
-0.4493,-0.3542,-0.0899,-0.1340
0.2183,-0.2503,-0.5869,-0.6280
0.1990,-0.2745,0.0670,-0.0882
-0.8704,-0.7043,-0.6151,-0.7118
0.5893,-0.0928,0.0328,0.1599
0.2615,-0.6257,-0.1628,-0.5094
1.0133,0.1936,-0.0292,-0.3048
-0.4340,-1.1225,-0.1110,-0.1481
-0.2031,-0.6590,-0.4236,-0.0984
0.0809,0.5732,-0.2242,-0.0389
0.1834,-0.0586,-0.0650,-0.2596
-0.1268,-0.5102,-0.4005,-0.2996
0.6156,-0.5324,-0.0198,-0.2859
0.1266,-0.1584,-0.2921,-0.7715
0.6355,0.4715,-0.0401,-0.1689
-0.1720,-0.1529,0.3064,0.1640
0.1102,-0.2553,0.4152,0.6552
0.2065,0.9539,-0.6808,-0.4970
0.6076,1.5558,-0.2694,-0.3481
0.0845,0.3544,0.2983,0.1713
-0.1950,0.4659,0.6602,0.7650
1.2398,1.2938,-0.8657,-0.3815
0.2413,2.9652,0.0627,0.3613
0.1741,-0.0436,0.0139,-0.1292
0.8589,1.0718,-0.0693,0.0795
0.5875,-0.1683,0.0426,0.1494
-0.8950,-0.4585,0.3481,0.7090
1.8246,-0.1010,-0.1325,-0.1776
0.9527,-0.4475,-0.2342,0.0910
0.8329,0.8802,-0.3967,-0.3658
1.2285,0.1627,-0.1643,-0.2882
1.3502,0.1325,0.4979,0.5713
1.2172,0.1843,-0.0747,-0.2355
0.6183,-0.9603,-0.1826,0.2654
-0.2077,0.6013,-0.0228,0.0468
-0.7182,-1.2621,0.1436,-0.1653
-0.3570,0.8292,0.0831,-0.1195
-1.5069,-1.4974,-0.5448,-0.0219
-0.3821,-0.6888,0.0551,-0.1765
-0.4607,-0.9237,-0.0227,-0.1942
0.4537,0.3695,0.0005,-0.1295
-0.0739,-0.8068,0.2229,-0.1690
-0.0066,-1.0010,-0.0788,-0.4251
0.9665,-0.4725,0.0530,-0.2850
1.2932,0.8819,-0.1966,-0.3491
-0.0953,-0.5935,0.0286,-0.1418
-0.6881,-0.0325,-0.1568,-0.3999
-0.1195,-0.8189,0.0426,-0.1051
-0.0621,-0.4259,-0.1933,-0.1784
-0.3242,0.3186,-0.1361,-0.2317
-0.7013,-0.5703,0.1435,0.1403
-1.2025,-0.7409,0.3247,0.3441
-0.2546,-0.2563,-0.1565,0.1369
-0.7278,-0.9740,-0.1652,-0.3844
0.4758,0.3994,-0.2881,-0.4343
-1.2880,0.1033,0.4735,0.2837
-0.6710,-0.8504,-0.2677,0.0571
0.7855,1.0882,-0.0901,0.2041
0.1141,1.1172,0.1080,0.2027
1.0052,-0.2209,-0.1538,-0.3813
-0.9408,-1.2422,0.7071,0.2685
-0.3572,0.6489,1.1722,0.9073
-0.0221,-0.4125,0.2834,-0.1812
0.2667,-0.1234,-0.0775,-0.1462
-1.1453,-1.3361,-0.1863,-0.2606
-0.1627,-0.3258,0.1404,-0.4333
0.7116,0.6194,-0.4528,-0.5573
-0.5700,-0.1977,-0.4657,-0.0284
-0.7754,-0.6848,-0.0052,0.2959
-0.2690,-0.1952,0.1358,-0.0547
0.8956,-0.4172,0.5922,0.7643
0.7954,1.3970,0.2356,0.4062
-0.7391,-0.7747,0.3807,0.3126
0.0721,1.2261,-0.5577,-0.2395
0.2490,0.9959,0.3795,0.7307
-0.7298,-1.0964,0.2622,0.2472
0.7880,0.6140,-0.0339,0.1963
-0.3683,-0.9360,0.0919,-0.0695
-1.4947,-0.5241,-0.5206,-0.3336
-0.3528,0.9013,0.4901,0.0622
0.1715,-0.4113,0.1589,0.2627
0.0413,-0.3410,0.1481,-0.0516
0.4108,0.4705,0.2294,0.0112
-0.2110,0.3017,-0.0960,-0.5197
-1.1573,-0.7345,-0.0075,0.8842
-0.7045,0.4337,-0.3327,-0.2332
-0.0746,-0.4225,0.2069,0.3067
-1.9705,-2.1019,0.3989,0.4353
-1.4269,-1.4403,0.1916,-0.0148
0.1512,-0.2059,0.1702,-0.4523
-1.4687,-1.0159,0.0070,-0.0833
0.6145,0.9760,0.1760,-0.0572
-0.4221,-0.9999,0.6244,0.2890
0.1282,1.7708,-0.1500,-0.4130
-0.2795,-0.0069,0.0733,0.2800
-0.7972,-0.0041,-0.5817,-0.4765
0.3867,-0.2024,0.2627,-0.1178
-0.1239,0.2094,0.2968,0.4012
0.2579,-0.2803,0.1704,-0.0949
-1.3125,-1.3400,-0.1191,-0.6382
-1.2586,-1.1402,-0.3738,-0.1946
0.0033,-0.0578,-0.1654,-0.3374
-0.8205,-0.9408,-0.1668,-0.3263
0.4598,0.0710,0.1752,-0.0082
-0.1846,-0.8990,-0.1713,-0.3757
0.5333,1.4041,-0.5468,-0.2434
-0.3420,0.5604,0.0326,-0.1679
-0.5045,-0.1120,-0.0351,-0.0237
-0.1817,-0.4186,-0.2785,-0.0413
-0.1107,-0.4201,0.0565,0.0918
0.6007,0.0817,0.3389,-0.1346
0.1639,1.4453,0.4001,0.2866
0.3820,-0.0032,0.4173,0.0533
0.1772,-1.1524,0.1392,0.0241
0.5539,0.3450,0.4626,0.3174
0.4935,0.1891,0.1737,-0.1147
0.0501,-0.3298,-0.3192,-0.5109
0.5182,0.1275,0.0004,-0.0570
0.3409,0.1852,-0.1538,-0.0019
-0.9201,-0.9473,-0.2645,-0.0926
0.1783,-0.0404,-0.2541,-0.4468
-0.4109,0.1900,-0.0560,-0.6400
0.1729,0.0098,-0.4623,-0.7986
0.5929,0.0813,-0.1868,-0.3600
0.0910,0.1863,-0.2033,-0.5156
0.0935,-0.1198,0.3010,0.3564
0.4151,-0.4813,-0.0958,-0.1795
-0.2050,-0.2785,-0.0926,-0.1362
0.4090,0.7495,0.2205,-0.5562
-0.1255,-1.3140,-0.2446,-0.1196
0.0891,-0.1344,0.5407,0.8311
0.4336,-0.2611,0.1322,0.3597
0.7858,-0.4711,-0.3901,-0.2565
0.4112,-0.0863,-0.3302,-0.0358
0.2225,0.2693,-0.0057,0.0256
0.2797,-0.3849,0.0610,0.2109
-0.9948,1.2053,-0.1590,-0.1363
0.4440,0.5353,0.3041,-0.4360
0.2339,1.3466,-0.5475,-0.6982
-0.2951,0.3393,0.1624,-0.0159
-0.4305,0.1332,0.3833,-0.0220
-0.4531,0.0149,-0.2103,-0.2451
0.9685,-0.3454,0.6851,0.3445
-0.0127,0.6671,0.3036,0.2749
-2.0337,-1.2754,0.0102,0.6547
-1.3220,-1.1272,-0.3171,0.6439
0.3772,1.1714,0.2724,-0.4102
-1.3552,-0.8256,-0.2319,0.2834
-1.7526,-0.9141,-0.3250,0.4026
1.2175,0.7999,0.6868,-0.1480
0.1958,-0.1453,-0.1199,-0.0634
0.0415,1.3368,-0.0625,0.1685
0.9241,1.7706,0.5826,0.1314
-0.0726,-0.5969,0.2920,0.3316
0.3183,0.7725,0.4863,0.3290
0.6679,1.6161,-0.0442,-0.0776
0.0180,-0.1244,-0.0641,-0.3712
0.0261,0.1611,-0.1298,0.1005
1.1760,1.0686,-0.5407,-0.1326
0.3744,0.4102,0.1097,-0.0704
0.2706,1.6294,0.2464,-0.0928
0.5418,-0.1320,0.1161,-0.1196
-0.6792,-0.7034,0.0937,0.3662
-1.2501,-0.4699,0.0113,0.2919
-0.1084,-1.5106,0.0573,0.4160
-0.1054,-0.8591,-0.0679,-0.5790
-0.0368,-0.6170,0.5332,-0.0630
-0.2769,-0.2961,0.1003,-0.0464
0.4380,-0.3548,-0.3300,-0.2691
0.1711,-0.6891,0.0275,0.2938
-0.4181,-0.8561,0.1760,0.3833
-0.9095,-0.9688,-0.4037,-0.1920
-0.4395,-0.7156,0.1302,0.3307
-0.3232,0.1193,-0.4701,-0.3164
0.0557,0.0769,-0.0134,-0.1279
-0.5610,-0.1242,0.5477,0.4556
-0.1709,-0.5274,-0.2443,-0.1424
0.9454,1.4169,0.1063,0.0725
-0.3734,-0.7492,-0.0685,-0.1692
-0.3233,-0.5479,-0.3753,-0.4681
0.5448,-0.0952,0.2075,0.4464
0.6497,0.2892,0.0970,-0.0187
0.5941,-0.1943,0.0304,0.3304
0.5646,0.2939,0.0726,0.1402
0.7664,0.6364,0.0849,0.3126
0.6081,0.1456,0.2802,0.1145
1.2244,-0.1262,0.0252,0.0008
0.3095,1.5123,-0.2372,-0.5495
0.9091,1.2628,-0.6484,-0.9570
-0.8785,-1.0234,-0.3764,-0.7031
-0.4333,1.6812,0.1331,-0.1767
0.6661,2.0941,0.1347,-0.0028
0.9658,0.2538,-0.0495,0.1996
0.1856,0.6057,0.1463,0.3847
0.5264,0.4484,0.6911,0.7479
0.6613,-0.1771,0.4148,0.5312
0.4337,-0.5117,-0.1105,-0.1361
-1.4436,-1.6220,-0.6710,-0.9480
0.3993,0.3096,-0.2553,-0.0026
0.8138,-0.0056,0.0222,0.1902
-1.7184,-1.3829,-0.4068,-0.3711
1.3182,0.7160,-0.2577,-0.1001
0.0279,-0.3426,-0.2950,-0.4395
0.5958,0.2517,-0.0295,-0.2486
0.3073,-0.5253,-0.5363,-0.0548
-0.1067,-0.6229,-0.2569,-0.6337
-0.2074,-0.2067,0.3645,0.9091
0.7409,0.4424,-0.1623,0.4279
-2.1836,-1.4746,-0.2372,0.0904
-0.8976,-1.3395,0.0641,0.3729
-0.1445,-1.1298,-0.2569,-0.4535
0.1387,-0.9253,-0.1495,-0.4287
-0.2461,-0.4090,-0.1867,0.1383
0.0596,0.8895,-0.3829,-0.1774
-0.6192,0.7072,0.3247,0.3261
-0.8120,-0.8334,-0.0468,-0.3655
0.9125,1.9476,-0.0821,0.0482
-0.1729,-0.1496,-0.1237,0.3607
0.5542,1.5264,0.0181,-0.3709
1.0481,0.2246,0.7521,0.6656
0.2357,0.7578,-0.0513,0.0793
0.1622,-0.4371,0.0034,0.0018
0.3448,-0.9811,0.3050,0.8422
-0.2355,-0.4952,0.1242,-0.1673
0.4765,0.5219,-0.0233,-0.3127
-0.1597,-1.2346,-0.0968,0.3425
0.4980,-0.1210,0.2144,0.3068
0.0629,-0.2972,-0.3630,-0.2743
-0.2865,0.2772,0.8440,1.1523
0.3009,1.3088,-0.1813,0.3027
-1.0251,0.7769,-0.0348,0.3751
-1.0933,-0.8742,0.1132,0.2587
-0.3692,0.1433,-0.0116,0.2990
-0.5263,-0.2591,-0.0005,0.5390
-0.0573,0.2969,0.1460,0.2165
0.0547,-0.5594,-0.4079,-0.2619
-0.7195,-1.4571,0.1104,0.6344
-0.1714,0.7710,-0.2824,-0.0527
0.4451,0.5837,0.7958,0.4461
0.0030,-0.3937,0.0384,-0.2897
0.4344,0.9198,0.2615,0.1179
0.8192,1.2943,0.7269,0.4193
0.4443,1.1081,0.1516,-0.2151
1.1450,0.6253,0.1805,0.3367
0.0666,0.8459,0.2334,0.1768
1.3666,0.1719,-0.1219,0.0363
0.5359,0.0620,0.0719,-0.4609
-0.4525,0.6921,0.4128,0.3457
1.0026,1.7629,-0.1258,-0.0617
0.2974,0.8382,0.2349,0.3130
-1.0284,-1.1360,0.4687,0.2346
-0.1192,-0.7475,0.7473,1.0191
-0.5481,-0.1930,-0.3115,0.4313
-0.5777,-0.1658,-0.1565,-0.1050
0.6603,0.3735,-0.1266,-0.1397
0.1241,-0.8193,-0.1978,-0.0453
0.7290,0.0288,0.1970,0.1415
-0.1416,0.0762,-0.1403,0.3042
-0.2097,0.6605,-0.0459,-0.1749
-0.8888,0.1898,-0.3292,-0.2516
0.8170,-0.3960,-0.0784,-0.1913
-0.1826,-1.2344,-0.2860,0.4984
-0.6007,-0.3458,0.1754,0.0516
-0.8522,-1.0810,-0.0918,0.3408
-0.0335,1.4499,0.0142,0.1090
0.4372,0.8940,-0.2271,-0.1210
0.7019,-0.0314,-0.1707,-0.3746
-0.6859,-1.1300,-0.0774,0.1461
-0.1994,-0.6124,0.0594,0.1043
-0.3120,-0.4307,0.0461,-0.2044
0.6072,-0.3653,-0.0705,0.1230
0.3758,-0.0561,-0.1107,-0.0137
0.4242,0.5417,0.0503,0.1987
0.7153,0.4831,0.1471,0.2998
0.1578,0.4484,-0.0654,0.3156
0.4341,0.4232,-0.0232,0.1422
-0.0503,-1.2855,0.3344,0.4604
-0.9750,-0.2426,0.0679,0.5837
-1.3762,-1.2727,-0.0154,0.6147
1.0872,0.5600,0.3298,-0.1280
-0.3101,-0.5128,0.3190,-0.2719
-1.0951,-0.9705,0.1265,0.2040
0.3675,0.2145,0.2431,-0.2745
-1.7279,-0.5861,-0.2644,-0.1814
-0.2173,-0.4074,-0.1735,-0.1709
0.1417,0.3282,0.6950,0.3152
0.7862,0.5057,0.0807,-0.4720
0.2317,0.0009,-0.1265,0.0354
0.6617,1.3831,0.1819,0.0558
-1.2028,-1.3580,-0.1152,-0.2146
-1.7455,-0.6529,-0.2232,-0.0130
0.3438,-0.0971,-0.1022,-0.0888
-0.0413,-0.0672,-0.5210,-0.3363
0.6796,0.6253,0.0179,-0.0693
0.1541,0.2830,2.2371,0.3931
0.9349,0.3748,-0.0894,-0.8990
-0.2449,0.9513,-0.0398,0.0597
0.7610,2.1004,0.2781,0.5061
-0.1791,0.3219,0.7328,0.3431
-0.4297,0.4923,-0.0301,0.0709
0.0205,0.8035,0.1637,-0.0221
-1.2097,-0.0588,-0.2491,0.1090
-0.1979,1.4065,0.3403,0.4817
-0.1250,0.0622,-0.3299,-0.3664
0.2634,0.6555,0.4374,0.4763
0.5936,0.1212,0.3126,0.1604
-1.4562,-0.6404,0.3036,0.5632
-0.3030,0.0900,0.2365,0.1173
0.2149,0.0574,0.2032,0.4784
-0.2038,-0.9379,0.1352,0.1427
0.0750,-1.0324,0.1635,-0.0143
1.5459,0.9543,-0.1033,-0.1653
0.8614,-1.2537,-0.0572,-0.0055
0.3566,1.9273,0.5834,0.3854
0.4447,-0.0978,0.2391,0.5890
1.6115,1.2494,0.1137,0.3981
0.8736,0.4787,0.3895,0.1477
0.2000,1.0308,0.1381,0.0758
0.0871,-0.4754,-0.0255,-0.2148
0.7433,0.7431,0.1766,-0.1118
0.2563,-0.4339,0.0735,0.0709
0.4095,0.0496,0.1385,-0.2122
0.2996,0.0938,0.0982,-0.1615
0.8749,0.1746,-0.0931,-0.4663
1.0019,2.5562,0.2189,-0.1032
0.6926,1.4852,0.2021,0.5123
-0.6376,-0.9636,-0.3664,-0.2701
-1.0505,-0.9125,0.0067,0.0759
0.0914,0.9430,-0.3013,-0.4254
0.3668,-0.2404,-0.0569,0.2047
-0.2700,0.2051,0.3903,0.1663
-0.0854,-0.1138,-0.2542,-0.0381
0.2956,-0.5525,-0.4688,-0.2317
-0.7211,-0.9087,0.2723,0.5643
0.9146,1.0946,-0.2327,-0.3698
-0.8284,-1.0626,-0.0703,0.0131
0.1044,-0.1399,0.3582,0.4370
0.2232,1.9321,0.5188,0.6550
-0.1870,1.5414,-0.1072,0.0522
-0.3957,1.1780,-0.0436,-0.0324
-2.6802,-1.2365,-0.2583,-0.7726
0.5656,1.4379,-0.2932,-0.1971
-0.3737,-0.5228,-0.0796,-0.0674
-0.0984,-0.2952,0.1743,0.0603
0.1348,0.1792,-0.5224,-0.1996
-0.4354,0.8521,-0.0568,-0.0949
0.6089,1.2947,0.2511,0.5383
-0.6755,-0.6020,-0.1077,-0.1808
-0.2222,0.7105,-0.0649,-0.4263
-0.2822,-0.1358,0.2941,0.0792
-1.4457,-1.2944,0.1003,-0.0011
0.4050,-0.3288,-0.0344,0.1922
0.4570,0.6368,0.0933,-0.0482
-0.5881,-0.4747,-0.4372,-0.4835
0.5122,1.1220,0.3632,0.2675
0.3912,2.6394,0.0581,0.0940
0.4557,0.0630,-0.1085,-0.1339
0.9707,0.7054,1.0366,1.6814
1.0053,0.4789,0.7117,1.0489
0.9160,0.5357,0.1188,0.0491
0.4340,0.1504,0.3346,0.0366
0.6299,1.1605,0.1229,0.0883
1.2907,-0.3953,-0.1855,0.7092
-0.0803,-1.3267,-0.6821,-0.5436
0.4461,-0.5296,-0.5262,-0.5652
0.7872,0.0283,0.2816,0.1394
-0.7139,-0.4546,0.0839,0.3527
0.2007,0.9080,0.2460,0.4881
-0.0551,0.2851,-0.3038,-0.3654
0.2493,0.5030,-0.0530,0.1287
-0.3550,-0.8244,-0.3755,-0.4770
0.9178,-1.2689,-0.4444,-0.0942
0.9737,1.6879,-0.1200,0.0753
0.1635,1.9780,0.2774,0.6929
1.1157,0.1882,0.1394,-0.1904
0.9697,0.3107,0.1198,0.2478
0.5447,1.1854,-0.2753,0.1999
0.6140,0.0758,-0.1289,0.1584
-1.2954,-0.8709,-0.1241,-0.3129
-0.3861,-0.4212,-0.2663,-0.0917
0.6524,0.1597,0.2012,0.2630
0.3120,-0.0026,-0.0181,-0.0297
0.0521,0.1988,0.1435,0.2925
0.6629,0.3616,0.1477,0.2241
0.9193,2.0400,-0.0656,0.1042
0.1578,0.0027,0.7510,1.0227
0.8417,1.5782,0.6656,0.6557
-0.3254,0.5262,-0.2669,0.0709
0.7026,1.3839,0.3105,0.2995
1.9519,-0.5393,-0.1847,0.0434
0.2954,0.6899,0.6441,0.6312
0.2317,-0.2982,-0.2671,0.1302
0.0641,0.8586,0.2899,0.4327
0.6605,-0.8895,0.2386,0.1660
0.5850,1.1972,0.0363,0.3563
-0.2946,-0.0155,-0.3885,-0.2432
-0.9297,-0.3721,0.1584,0.0624
0.9792,0.4201,-0.2693,0.1059
0.3770,-1.0153,0.5239,0.6632
0.1582,-0.2225,0.0006,-0.1789
0.4288,-0.0718,-0.0090,0.2000
0.9447,-0.0738,0.0603,0.0297
-0.7859,-0.5963,0.2914,0.1354
0.1859,0.2071,-0.2224,0.1062
-0.8388,-0.7653,0.1442,0.0389
0.0211,0.1549,-0.1945,0.4797
0.5368,1.2001,0.4395,0.4351
0.4304,-0.3356,0.1621,-0.0158
-0.7041,-0.9588,-0.0806,-0.2228
1.2400,0.0241,0.6408,0.6186
-1.4562,-0.9734,0.1509,0.1104
0.3150,-0.1854,0.0410,-0.4602
-1.2975,-1.7301,-0.3740,-0.0010
-0.2294,0.1764,0.5595,0.5767
1.4733,1.0607,-0.0531,-0.1834
0.9158,1.4039,0.0608,-0.0835
0.9874,1.0226,0.1959,0.0860
0.1111,-0.0802,0.2539,0.7222
0.6078,-0.4881,0.4142,0.2482
0.4571,-0.9219,0.2593,0.1122
0.5602,0.7721,0.0747,0.1128
0.7227,0.6807,0.2680,0.3226
-1.2322,-1.4847,-0.4588,0.0973
0.5238,0.4317,-0.1295,0.1394
-0.7577,-0.8713,-0.2523,-0.0298
0.1304,0.6316,-0.3281,-0.5413
-0.3536,-0.0544,0.1669,0.1446
-0.7773,-0.1381,-0.4300,-0.7684
0.5112,1.2555,-0.1136,-0.0272
-1.3046,0.4332,0.0340,-0.0442
0.0120,1.7143,-0.0296,0.2318
-0.6281,-0.3793,-0.2171,-0.5588
-0.2879,0.4795,0.0413,0.1299
-0.5402,0.2940,-0.0798,0.0237
0.6886,-0.0903,0.0772,0.1526
-0.1651,-0.7655,0.2129,0.2138
-0.8451,-0.0821,0.1830,0.4216
-0.5676,-0.6186,-0.6122,-0.4269
0.7668,-0.0819,-0.0853,0.2813
0.5284,0.8744,0.3308,0.6334
0.0431,0.7582,-0.1533,0.2820
0.5026,-0.2472,-0.1695,-0.2279
1.2515,1.7214,0.1934,0.4672
-0.5259,-0.0060,0.0527,-0.0756
0.6064,0.3253,0.6480,1.0412
-0.5860,-0.6664,0.3142,-0.4717
0.6349,0.7191,0.0796,0.0378
0.2758,0.4846,0.1695,0.0903
0.2964,0.9716,1.3310,1.1645
-1.3295,-0.0599,-0.4937,-0.5692
-2.0210,0.3007,0.2582,0.1926
-0.5084,-0.0016,0.1602,-0.0121
0.1858,0.3250,0.2037,0.0833
0.2353,0.8239,-0.3373,-0.2870
-0.1736,-0.3885,-0.8072,-0.5243
-0.2972,-0.4113,-0.1487,0.0001
0.9051,-0.8159,0.0346,-0.4023
-0.5826,-0.2225,-0.7044,-0.7291
0.9130,0.0315,0.0384,-0.0259
-0.2899,-0.2141,0.1645,0.1767
-0.7161,0.4574,-0.0226,0.6618
-0.5444,-0.8002,0.4342,0.5299
0.0107,-0.0626,-0.1986,0.4368
-0.2320,0.9079,0.1006,0.5612
-1.1084,0.0182,-0.4216,-0.0558
-0.8741,-0.4882,0.3221,0.6752
-0.1467,-0.9246,-0.0385,0.4577
-0.4115,-0.6918,-0.0341,-0.2108
-1.1264,-0.7350,0.1536,0.6705
-0.6805,0.0294,-0.3181,-0.1495
0.1285,-0.8314,0.1640,0.0724
-1.5556,-1.2703,-0.3452,-0.7218
0.1317,0.1006,0.2085,-0.2374
0.2850,-1.0552,-0.2031,-0.0571
-0.0321,0.1844,-0.1974,-0.1109
-0.6359,0.3694,-0.1867,-0.2046
0.2437,-0.0629,-0.3413,-0.2457
-0.4042,-0.5168,-0.5184,-0.4796
-1.3224,-1.3033,-0.4951,-0.2467
0.6618,1.2122,0.3359,0.6631
0.5549,1.1447,0.5191,0.9925
-0.2330,-1.0461,-0.1007,0.3376
-0.7133,-0.6467,-0.1039,-0.1093
0.4201,-0.0155,-0.1932,0.2822
0.9624,-0.5238,0.0818,0.3700
0.4198,-1.0011,-0.2172,-0.2843
0.0924,0.1644,0.0528,0.6465
0.4900,1.5201,0.1609,-0.1966
-0.1453,-0.6131,0.1941,0.1506
0.1142,-0.6266,0.3305,0.8567
-0.6537,-1.2922,-0.2184,-0.4996
0.6094,0.3986,-0.0145,-0.2492
0.0817,-0.1568,0.3331,-0.2221
-0.5844,-0.2153,-0.6593,0.2414
-0.5364,0.4116,-0.5259,-0.7527
0.3143,-0.2168,0.1283,-0.0188
-1.2350,0.1767,-0.2012,-0.3659
0.7858,-0.4425,0.3633,0.5331
-0.1785,-0.0697,-0.0521,-0.0101
-0.3103,-0.9289,-0.0075,-0.0090
0.3336,1.2168,0.1470,0.1478
0.4743,0.5842,0.3553,0.2135
0.0704,-0.2340,0.0188,-0.2122
1.0792,2.2158,-0.0434,0.0022
-0.5204,0.6943,0.0389,-0.0012
0.6449,1.0733,0.2871,0.8086
-1.0920,-0.2604,0.2435,0.1902
-0.2762,-0.0337,-0.0391,0.2506
-0.2459,1.3548,0.5533,0.9848
-0.0114,0.1356,-0.1979,-0.0390
0.7342,0.0480,0.1229,-0.1442
-0.1757,-0.6619,-0.1541,-0.1334
0.4915,0.3214,0.1343,0.4738
0.2446,-0.2922,-0.3469,-0.3542
-0.6825,1.8676,0.5438,0.7536
0.9474,-1.1858,-0.3629,0.1409
-0.1272,1.1363,-0.1781,-0.1963
0.0894,1.8229,-0.1732,-0.2007
-0.0436,-0.1870,-0.0064,0.1634
0.3259,0.4623,-0.1165,0.1185
-0.0110,-1.2778,-0.2647,0.0922
0.0306,-0.2356,0.0255,-0.1267
-0.1486,-0.8800,-0.3192,0.0883
0.0007,0.8247,-0.2001,0.0727
0.4008,-0.2800,0.2167,-0.0728
0.4222,0.7225,-0.4448,-0.0613
-0.8082,-0.0524,0.2212,0.2448
1.0621,-0.5043,-0.2032,0.5785
-0.3114,1.3416,-0.2248,-0.2571
0.4274,1.0428,-0.0595,0.0065
0.0255,0.6184,-0.1925,0.1191
-0.3443,-0.4098,-0.1607,-0.0459
1.4633,0.2430,-0.0566,0.0210
-0.0976,-1.3610,-0.2015,0.5751
-0.0761,-0.1281,0.1020,0.2862
-0.7628,0.0469,0.0114,0.1975
-0.2731,0.3233,-0.2178,-0.2815
0.2816,-0.7160,0.1840,0.4103
0.0705,-0.3431,0.1156,-0.1008
1.4254,0.2715,0.0532,0.3883
0.4560,1.7659,0.4159,0.0127
-0.1813,1.5057,0.1355,0.2635
-2.2566,-1.2780,0.5658,0.1797
-0.0951,0.0716,0.4740,0.5869
-0.4644,0.1637,0.0250,-0.4931
-0.1100,0.1994,0.0973,0.2760
-0.2765,-0.7217,0.1894,-0.6533
-0.9757,-0.6113,1.0115,1.0459
-0.1818,0.9173,0.0491,0.1194
-0.0440,-1.0030,0.0102,-0.3499
0.6973,0.6778,-0.1167,0.1344
0.2154,0.0787,-0.0824,0.3963
0.3989,0.3845,-0.5334,-0.4532
-1.1997,-0.0498,0.0263,-0.7511
1.0229,0.6480,0.3424,-0.3826
0.0519,0.6349,-0.7087,-0.6089
0.6594,-0.3773,0.0714,0.1190
0.6760,0.0550,0.0446,-0.1682
0.7701,0.8843,0.1549,-0.2523
-0.5428,-0.9945,0.1204,-0.3460
0.0755,-0.7458,-0.1557,-0.6376
-0.8298,-0.3566,-0.2767,-0.2748
1.0598,-0.3500,-0.0493,-0.1176
-1.1368,-1.5532,0.0993,-0.2290
-0.0097,-0.7198,-0.4115,-0.4457
0.0551,0.6645,-0.1901,-0.4090
0.1309,-0.3756,-0.2818,-0.3817
-0.4217,-0.7460,-0.1995,0.2355
1.4245,0.0227,-0.6458,-0.7653
0.1616,0.6974,-0.2351,-0.1988
-0.1560,0.1108,-0.2477,-0.0589
0.1019,1.2372,-0.0204,-0.1120
-1.1642,-0.1020,0.1655,0.2194
-0.0100,-0.3044,-0.1014,-0.2365
-0.1256,-0.4020,-0.0164,0.0341
-0.8972,-0.1343,-0.0749,-0.3222
0.6143,0.4425,0.0389,-0.0734
-0.0191,-0.7634,0.1060,-0.2364
-0.1138,-0.1563,0.1244,-0.0448
0.0591,-1.3357,-0.2256,-0.1811
-1.0094,-0.3985,0.2726,-0.0442
-0.6278,-0.2471,0.3906,-0.1630
-0.0360,0.2266,-0.0147,-0.1810
-0.3991,-0.9442,0.2338,-0.1387
0.5872,0.6125,-0.2412,-0.3923
0.1691,-0.5969,0.1263,0.0050
0.5944,-0.1364,0.1773,-0.2360
-0.5923,-1.6536,0.1803,-0.2387
-0.0924,-0.6057,-0.1258,0.1138
0.1342,-0.1016,-0.0098,-0.4017
-1.0108,-0.9476,0.0564,0.1200
0.1419,0.2390,0.0903,0.0231
-0.6751,-0.1805,-0.2931,-0.2962
0.2003,-0.6218,0.0968,-0.3940
-0.9772,-0.9283,0.4232,0.0093
-0.0213,0.0345,-0.2864,-0.7158
-0.1994,-0.5684,0.1477,0.2155
-1.0341,-0.6399,0.0198,-0.4785
-0.8443,-0.1511,-0.2645,-0.0789
-0.1943,0.5883,-0.0072,0.4896
0.6923,0.2403,-0.5146,0.1127
1.2018,0.3733,0.1206,0.2870
1.0266,1.8348,0.4171,0.2263
0.5247,-0.3344,-0.2506,0.5280
0.3383,0.3912,-0.1877,-0.1410
0.6223,-0.2280,0.4815,1.1241
-0.1319,-0.3140,-0.2108,-0.2275
1.1757,-1.0026,0.1870,0.4460
-0.7957,-0.0572,-0.1386,0.2491
0.3194,1.5350,0.4157,-0.0276
0.9275,1.3802,-0.0922,-0.2338
0.6502,-0.7274,-0.3289,-0.6976
0.0135,0.0706,-0.0114,0.0077
1.6317,-0.6835,-0.0225,0.2214
0.4829,-0.8655,0.1175,0.2689
-0.2087,-0.4239,0.0661,0.6074
0.8760,1.2697,-0.2380,0.4723
-0.6783,0.9735,-0.2691,0.4455
-0.2751,0.7684,1.5452,0.3575
0.2482,-0.5517,-0.0486,0.5821
-0.4073,-0.5619,-0.1786,0.4631
0.7790,-0.2879,-0.0515,-0.0974
-0.0610,0.6856,-0.3190,-0.6860
0.7194,-0.5117,0.0830,0.0738
0.0722,-0.0824,0.3077,0.3396
-0.4801,1.0990,0.1366,-0.2248
0.0378,-0.3491,-0.0406,-0.6674
-0.2795,-0.5502,-0.3279,-0.2977
1.2044,0.4217,0.5917,0.5077
-0.8808,1.6006,0.1320,-0.3831
-0.5588,0.1184,0.0924,-0.1481
0.5160,0.4833,0.2213,0.0070
-0.8406,-0.8894,0.0739,0.1134
0.0693,-0.6954,0.1322,-0.1348
-0.4664,1.4724,0.1818,0.6734
-0.7985,-0.1046,-0.1276,-0.6530
-0.8508,-1.7495,-0.4728,0.4706
-0.7671,0.8845,0.3375,0.0954
0.2806,-0.1559,1.0081,0.8053
-0.1021,-0.2585,-0.2002,0.3036
-1.2423,-0.7916,-0.0039,0.0758
-0.2484,2.6964,0.1597,0.4111
-0.2769,-0.8666,-0.3425,0.1343
-0.0759,0.2387,0.0643,0.2075
-0.0346,-0.6844,-0.4080,-0.3975
-0.0155,-0.0553,-0.1488,0.2316
-0.5160,-1.2765,0.1960,0.5894
-0.3304,0.4388,0.0738,0.7230
0.1587,-0.5850,-0.2649,-0.1397
-0.0144,0.3722,-0.2566,-0.3592
-1.0754,-0.7088,-0.3130,-0.1961
0.3886,-0.2299,-0.1052,-0.3540
1.0785,0.6720,-0.4398,-0.4467
0.6902,0.3683,0.0504,-0.0283
0.3500,0.1228,-0.1531,0.0199
0.0719,-0.0788,-0.1097,0.0368
-0.7677,1.0380,-0.0906,0.4771
-0.3293,-0.7740,-0.3081,-0.1413
1.4247,0.2317,0.2885,0.5250
0.2088,-0.1980,-0.7426,-0.6863
0.1158,0.0634,-0.3252,-0.2345
0.7471,0.8863,-0.3921,-0.2934
0.9550,0.0247,-0.0511,0.2063
0.3519,0.5036,0.0984,-0.2729
-1.0144,0.0829,-0.0195,-0.3167
0.0801,-0.1903,-0.1745,0.2895
1.0171,-0.6624,0.1694,-0.5338
-0.9087,-0.9415,-0.2089,-0.1874
0.6459,-0.5519,-0.1292,0.2611
0.3059,0.4178,0.6570,0.4223
0.5545,-0.3839,-0.0621,-0.2541
0.3488,1.4932,-0.4767,-0.0848
0.6280,0.7912,-0.0475,0.3850
-0.0882,-0.1569,0.2972,0.4092
0.3168,0.2085,-0.2074,-0.1984
-0.2322,-0.8568,-0.1397,-0.1127
-0.1413,-0.0320,0.7528,0.0928
1.4306,0.9913,-0.1904,-0.4306
0.5750,0.4038,-0.1732,0.1327
0.0973,-0.3776,0.0424,-0.2513
-0.0208,0.3299,-0.0628,-0.1680
-0.2074,1.8311,-0.1386,-0.2298
0.3016,1.1958,-0.0564,-0.4153
-0.8868,-0.7656,0.3930,0.8583
0.2253,-1.1281,0.6897,0.6237
