100
9.603070 1.120566
45.681570 46.006845
-101.055369 -32.655024
60.251938 66.619923
-4.291177 -14.576127
-112.962169 -26.840393
49.075215 63.239021
-23.285211 -75.390657
76.259085 47.697837
-98.754839 -84.215864
-13.389172 -80.701825
-49.942418 -36.289671
-58.215520 -10.113024
83.361908 70.994995
-58.857467 -69.245034
87.386851 57.100618
-71.006428 -56.152146
126.679439 56.033938
-16.228660 31.050787
65.685672 37.546575
-113.708313 -53.569885
-126.473601 -53.208466
-17.082365 -39.893274
-72.154577 -87.468073
39.718243 87.628699
21.571041 -5.015009
98.559432 30.801265
-86.523217 -15.544774
104.847705 42.093069
-109.993979 -75.499183
-103.332641 -45.737114
120.080252 41.705732
115.571327 65.627121
15.193225 42.674222
-66.274979 -44.896432
-95.148339 -69.329409
64.792833 84.230643
54.226564 92.468845
70.989121 60.150790
70.066824 73.621066
-23.204540 -86.285935
50.824295 80.392083
-5.282197 3.099446
-45.568893 -65.629621
37.318876 2.281089
-19.979293 -17.909308
43.943405 12.397646
56.105661 26.223995
49.853077 3.782834
-6.785093 30.008104
31.882348 -24.308194
-29.740819 -43.441212
61.356867 15.628875
-82.423365 -76.822649
-54.517232 -54.897634
-14.620403 17.538707
112.800089 30.864578
-56.923867 -23.222340
-17.164325 -7.064671
69.391607 26.310301
-98.358825 -18.129771
-105.498985 -61.716654
100.850053 54.994414
127.108886 70.752274
-15.722454 -57.871817
-56.048127 -83.959937
35.103922 55.419033
-80.190628 -61.543631
11.610974 24.406483
46.645598 -14.526365
11.315375 -14.851030
-47.201386 -16.117648
-73.788603 -30.937751
3.541030 15.258021
113.297253 78.364652
-38.202758 -26.047227
40.268836 28.807794
-114.356432 -41.463895
21.957693 59.338082
-33.095182 1.686303
102.286370 66.321564
17.044608 12.423798
82.460844 18.586845
-77.707460 -45.372217
-40.045017 -53.928371
25.000089 30.375937
91.156800 44.096300
28.163801 74.143717
-126.242759 -36.201690
112.905731 53.677807
32.236021 40.139652
97.096001 77.494893
-70.966616 -8.177555
-69.518538 -74.146252
-120.040182 -65.810346
-28.511774 18.044799
-94.618971 -55.027931
59.289085 53.320349
-5.092575 -54.420755
-2.318770 -28.419142
