0.0354,-0.2535
-0.0835,-0.3425
-0.0629,-0.9270
-0.2611,-0.2846
-0.0580,-0.4532
-0.1125,-0.5644
0.2689,-0.2310
-0.0655,-0.0364
0.0782,-0.0707
0.2884,-0.1795
0.2497,-0.0293
-0.1271,-0.5243
0.0841,0.1480
0.0282,-0.2867
-0.0978,0.1919
0.0157,-0.2264
-0.1713,0.0400
-0.0110,-0.0074
-0.2644,-0.5073
0.1608,-0.1664
0.4459,-0.1544
0.0073,-0.4015
-0.3993,-0.3419
-0.1846,-0.6270
-0.0017,-0.2605
0.1225,-0.2214
-0.2367,0.4111
-0.0902,-0.1562
-0.0680,-0.4853
0.2177,-0.1020
-0.0899,0.1292
-0.2508,-0.5072
0.2821,-0.2716
0.4858,0.4753
-0.0421,-0.2272
0.2214,0.3254
-0.2762,0.1687
-0.0168,-0.1353
0.1200,0.3238
0.0952,0.4373
0.2491,0.5151
0.0829,0.0869
-0.3232,0.0918
0.1769,0.0910
0.0223,-0.2667
0.0145,0.3736
-0.2906,0.1131
0.3517,0.5922
-0.2537,-0.0633
0.3292,-0.0788
0.1221,0.4737
-0.0298,-0.2240
-0.0874,0.0477
-0.0520,-0.4968
0.0654,0.2071
0.1745,0.3738
-0.0347,-0.4467
0.3706,0.1827
-0.1299,-0.0429
-0.2306,-0.0110
-0.4053,0.2397
0.1368,-0.0828
-0.2862,-0.0838
0.2728,0.2927
0.0367,-0.0527
-0.1593,-0.0618
0.0561,0.5783
0.0503,0.3530
-0.0303,0.1114
-0.2275,-0.1946
0.2501,-0.1256
-0.3432,-0.0533
-0.0641,0.1770
0.5169,0.1536
-0.1089,0.0072
0.0179,-0.3885
-0.1444,-0.1822
0.1315,0.0006
-0.0519,-0.1784
0.0343,-0.4136
-0.0433,0.0696
0.4194,-0.0404
-0.2938,-0.3421
-0.1929,-0.4308
0.0438,-0.0402
-0.0918,-0.5930
-0.1415,0.0384
0.0089,-0.0442
0.0845,0.0472
-0.4475,-0.1729
-0.2449,-0.5798
0.1209,-0.0646
-0.2474,-0.3082
0.1752,0.3205
-0.0189,0.0764
-0.0017,0.2034
-0.0357,0.1473
-0.0326,-0.0985
0.4615,0.0664
0.3214,0.1643
0.3609,0.2677
0.2392,0.1794
0.0667,0.0987
0.0177,-0.1684
0.1154,0.1773
-0.3118,0.1629
-0.2305,0.0504
-0.3205,0.1380
0.1706,-0.0417
-0.0317,0.1497
0.0077,-0.0470
-0.2513,-0.2899
0.0111,0.0104
0.4582,0.4640
0.3378,0.6732
-0.0092,0.3684
0.2644,0.8062
0.0642,-0.2896
-0.1455,-0.2659
-0.3327,-0.1766
0.0805,-0.0850
0.0285,0.0324
-0.0663,0.8409
0.2602,0.1384
0.4156,0.5323
-0.0204,-0.1093
-0.0821,0.6178
-0.2363,0.0944
-0.3121,0.0185
-0.0326,0.0662
-0.1714,0.0500
-0.0835,0.0173
-0.3557,0.2118
-0.2234,0.4015
-0.2025,0.2597
0.3016,0.5755
0.6020,0.0805
-0.1196,0.1402
-0.0429,0.1667
-0.0628,-0.0027
-0.3772,-0.0796
-0.3364,0.1810
0.0344,0.0860
-0.2287,-0.1935
-0.0915,-0.0755
0.1428,-0.2996
-0.0907,-0.1752
-0.0668,-0.4423
0.0239,0.1204
0.1815,0.0686
-0.2348,0.0773
-0.1156,-0.0560
-0.0580,-0.1677
-0.0536,0.0153
-0.3930,-0.9649
0.1452,0.1023
0.0003,-0.2675
-0.1388,-0.1901
-0.1898,-0.2453
-0.5777,-0.0612
-0.5042,0.0208
-0.6101,0.0461
-0.2437,0.0317
0.0395,-0.0484
0.1269,-0.0361
0.0735,-0.1898
0.1588,0.1542
-0.3844,-0.5012
-0.1671,-0.4982
0.0109,-0.3871
0.0527,0.0471
0.0566,-0.0318
0.1478,0.0488
0.0158,-0.1923
-0.1673,0.2445
-0.1818,-0.0099
-0.0930,-0.4886
-0.2658,-0.5635
0.0806,-0.1928
0.1072,0.1521
-0.0271,-0.0200
-0.0041,0.4435
0.1671,-0.0597
-0.0955,-0.3592
0.4307,0.2093
-0.2600,-0.5303
0.2764,0.4737
0.1153,0.2572
0.2152,0.0009
0.0598,0.0928
0.1127,0.3557
-0.1892,0.0670
0.2205,-0.0210
0.3819,-0.2401
0.0052,0.2058
0.1262,0.2880
0.4095,0.2666
-0.0882,-0.6220
-0.0960,-0.8165
0.2070,-0.0448
-0.1205,-0.0597
-0.3004,0.2185
-0.2790,-0.5077
0.4909,0.0251
-0.2495,-0.4894
0.3006,0.2611
0.0062,-0.4217
-0.0417,-0.0299
-0.3365,0.3263
0.0471,-0.2166
-0.2430,-0.1825
0.3009,-0.0941
0.1607,-0.1907
-0.0304,-0.0650
-0.1177,0.0354
0.0536,0.2331
-0.0007,0.3927
-0.0111,-0.3272
-0.3002,-0.2802
-0.2472,-0.1705
-0.2036,-0.0962
0.0915,0.0758
0.0917,-0.0154
-0.1852,-0.1308
0.0097,0.4961
0.1158,-0.2196
0.0575,0.1518
0.0747,0.3161
0.0045,0.4344
0.2106,-0.2090
-0.0282,-0.1685
0.1911,0.1887
0.1435,-0.1209
-0.1682,-0.0039
0.3226,0.4510
0.2999,0.4127
0.0754,0.6261
0.3092,-0.0381
-0.0408,0.1169
0.0969,0.3054
-0.1146,-0.1013
0.0886,0.0357
-0.1373,-0.0914
-0.0338,0.1919
-0.1701,-0.0505
0.1222,0.0978
0.0651,0.3594
0.0518,0.3303
-0.0402,0.1751
-0.0285,0.4978
0.0326,-0.1190
0.1483,0.0821
-0.0539,0.1985
0.0223,-0.2710
0.1203,0.0176
-0.1067,-0.2158
0.0283,0.1513
0.0954,0.2688
0.1677,0.8907
-0.1323,0.2975
0.0696,0.2058
0.0569,-0.3044
-0.0935,0.8073
-0.0503,0.1880
-0.0828,0.0033
-0.0902,-0.0667
-0.1320,0.0705
-0.2940,0.0408
-0.1583,0.1614
0.1116,0.3910
-0.0612,0.0508
0.0372,0.2094
0.2087,0.1883
-0.0317,0.2865
0.0574,0.1340
0.0299,0.3126
-0.0570,-0.1565
0.2323,0.0538
0.0127,-0.1551
0.0413,0.0881
-0.1768,0.1784
-0.2085,-0.4390
0.0885,-0.0299
0.2203,0.0186
0.1595,0.4528
-0.0265,-0.1295
0.1941,0.4530
-0.3805,-0.1305
0.2145,0.3076
-0.0730,-0.0662
-0.0888,-0.2254
0.0714,0.1210
0.1362,-0.0469
-0.1255,-0.2203
0.1550,0.3165
0.2127,0.0359
0.0777,0.4417
0.4059,0.3611
0.2306,0.1679
-0.0224,0.0072
-0.0511,0.1751
-0.0249,-0.2498
-0.0363,0.0426
0.6467,0.7815
0.0661,0.1201
0.2829,0.5401
-0.0973,0.0784
-0.3385,-0.5181
-0.2773,0.2393
0.2494,0.3434
-0.1633,0.3590
0.0884,-0.0411
0.1580,0.0932
-0.2281,-0.1792
0.2143,0.3982
0.2320,0.6300
-0.4193,-0.1588
-0.1387,-0.3407
-0.1204,0.3950
0.1559,0.5071
0.2694,0.2634
0.0720,0.5035
-0.1394,0.3089
-0.3474,-0.7778
0.1637,0.0984
-0.2987,0.0266
-0.2315,-0.3782
0.2713,-0.0759
-0.2426,-0.1257
-0.3165,-0.1420
-0.1051,-0.0061
-0.1966,0.1857
0.1199,-0.1442
0.1655,-0.1863
-0.1609,0.2632
0.0615,-0.0891
0.2244,-0.3402
0.3072,0.1062
-0.0814,-0.0407
0.0310,-0.0397
0.0504,-0.2923
-0.1615,-0.2774
0.0564,0.2290
0.2356,-0.0500
-0.3752,-0.2237
-0.2850,-0.7580
-0.3587,-0.2910
0.0188,-0.3962
-0.2157,0.0019
0.1590,0.3572
0.0047,-0.2546
-0.0980,-0.3207
-0.0685,-0.4033
-0.1911,-0.3863
-0.2403,-0.0248
-0.2577,-0.1731
-0.0536,-0.4921
0.1615,-0.1962
-0.2813,-0.0985
-0.1187,-0.6168
-0.2698,-0.1076
-0.0641,-0.0874
0.2558,0.2079
-0.1484,-0.2892
-0.0665,0.0383
0.0959,0.4437
-0.2740,-0.1934
0.0227,0.0218
-0.0735,-0.0525
0.0753,0.1834
-0.3143,-0.3578
-0.1324,-0.1104
-0.0546,-0.4933
0.2542,0.1856
-0.0537,-0.4786
0.0613,-0.1677
0.0647,-0.2923
0.0532,0.2242
0.1716,-0.0922
0.2561,0.4660
0.4648,0.6098
0.0908,-0.0541
0.0527,0.1397
0.1517,-0.0236
-0.0609,-0.0638
0.0859,0.2538
0.0140,-0.0423
0.1109,-0.3605
0.2278,0.1625
-0.0975,0.0926
0.3896,0.3399
-0.7055,-0.1578
-0.2481,0.0214
-0.1634,-0.2036
-0.0280,0.1195
0.1357,0.0743
0.2374,-0.2172
0.0289,0.5753
0.4198,-0.4431
-0.1482,0.2393
-0.0802,-0.3005
-0.1643,-0.3720
0.1739,0.2996
-0.2527,-0.2061
0.2565,0.4099
0.1617,0.3260
-0.0692,-0.0047
0.1167,-0.1020
0.2855,0.4370
-0.3548,-0.1651
0.1717,0.1649
-0.1004,-0.0167
-0.0961,-0.1756
0.1278,0.1397
0.0719,0.2547
-0.0890,-0.0756
-0.3482,-0.1195
-0.2603,0.3874
0.0591,-0.2496
0.0213,0.2425
0.1019,0.1590
-0.4117,-0.1592
-0.0008,0.0986
-0.2011,-0.1069
-0.0029,-0.3525
0.0992,-0.0505
0.1642,-0.3678
-0.0811,-0.3419
0.5545,-0.5387
-0.1025,-0.4255
-0.0412,-0.1132
-0.0448,-0.3269
-0.2892,0.0817
-0.2025,0.0092
0.2105,0.2081
-0.0614,0.1419
-0.1977,-0.0523
-0.1265,0.1910
0.1305,-0.3749
-0.0803,-0.0676
-0.0644,-0.2603
-0.3009,-0.2530
0.0663,0.0807
0.0250,0.1846
-0.1861,-0.0175
-0.0506,-0.1385
-0.4132,-0.5934
0.4906,0.2299
0.0001,0.5074
0.0532,-0.5714
-0.2252,-0.0558
-0.3642,-0.1969
0.2153,-0.0604
-0.0765,-0.5018
-0.4557,-0.3043
0.0609,0.3694
0.0838,-0.1913
-0.2288,-0.0813
0.0099,0.0667
0.3958,0.3632
-0.3090,-0.3525
-0.1361,-0.0575
-0.1243,0.3846
0.1918,0.4293
0.3362,0.5033
-0.1240,-0.1679
-0.0267,0.0449
-0.1887,-0.1013
-0.0932,-0.2871
0.0930,-0.0914
0.0204,-0.2833
0.0287,-0.4963
-0.1180,-0.0472
0.0058,-0.1603
-0.0406,0.0209
-0.2437,-0.5627
-0.2811,0.0611
-0.1346,-0.1395
0.0333,0.3224
-0.1281,0.1837
-0.1580,0.0757
-0.0764,-0.2276
0.2312,0.0332
-0.0469,-0.3458
-0.3899,-0.3977
0.1304,0.3057
-0.1794,0.3888
-0.0365,-0.0502
0.1601,-0.0705
0.0313,-0.0099
-0.4590,-0.2411
0.1612,0.4162
-0.0307,0.2163
0.4286,0.2193
0.0325,0.3814
0.1288,-0.0118
-0.1778,-0.5222
0.0357,-0.0974
-0.1417,-0.2357
-0.2220,0.2124
-0.1315,-0.2016
0.1543,0.1880
-0.1260,0.0929
-0.1303,0.2554
-0.3276,-0.3515
-0.1252,0.0024
-0.3191,-0.4832
-0.0423,-0.1822
0.2409,-0.0037
-0.3453,0.2292
-0.0822,0.1183
0.1618,-0.1069
-0.2176,-0.2148
-0.1828,-0.4235
0.1092,-0.1209
0.1021,-0.2235
-0.2685,-0.1069
0.0406,-0.0321
-0.4508,-0.1823
0.0326,-0.0126
-0.0022,-0.3801
0.0163,-0.0554
0.0445,-0.2293
-0.3531,-0.2674
-0.3937,-0.2938
0.0320,0.1009
-0.1616,-0.1930
-0.2188,0.4530
-0.0550,0.2442
0.3034,0.3658
0.4589,0.1934
-0.2984,-0.2922
0.2254,0.1570
-0.0056,-0.2551
-0.0586,0.7731
0.0148,0.2143
-0.0183,-0.4553
0.1053,0.1870
-0.0395,-0.0402
0.2892,0.1330
0.2137,0.3459
0.3032,-0.3685
0.2983,0.1821
-0.0466,-0.4891
0.0939,-0.1507
-0.0756,-0.1376
0.1988,0.5796
0.1370,-0.1985
-0.3494,-0.0556
-0.0628,-0.0498
0.1236,-0.0978
0.0584,0.1159
-0.1417,-0.1107
-0.2045,-0.5531
-0.0832,-0.2388
-0.0255,0.0856
0.0991,0.1335
0.0744,0.3316
0.2616,0.3957
0.1225,0.4412
0.1352,0.3060
0.0368,0.2736
-0.0866,-0.0317
-0.1231,0.6045
0.1709,0.2951
-0.0615,0.1267
-0.0162,0.2888
0.2169,0.1416
0.0983,0.3015
0.2353,0.2603
0.2163,0.0278
0.4569,0.7731
-0.0828,-0.6206
0.1379,0.2090
-0.2377,0.4616
0.4309,0.1881
-0.2309,-0.3189
0.2019,0.1205
-0.2196,-0.9455
0.0310,0.2122
0.0688,0.0037
0.6200,0.2844
0.0217,0.3169
-0.1869,0.1603
0.1912,0.2544
0.4447,0.6249
-0.3675,-0.3591
0.0998,0.1374
0.1819,0.4163
0.1798,-0.3995
-0.0763,-0.2382
-0.2028,0.3692
-0.1518,-0.0191
-0.1142,0.0195
-0.4047,-0.2278
-0.2367,-0.2793
-0.0520,0.2223
0.0883,-0.0773
0.1623,0.3646
0.1183,0.7474
-0.0023,-0.1292
0.1550,0.0021
-0.2022,-0.4323
0.0656,-0.0686
-0.0744,-0.1485
-0.0086,-0.1255
0.1394,0.1177
0.0787,-0.1755
-0.0958,-0.1898
0.0368,-0.1150
-0.2844,-0.1949
0.0200,0.0269
-0.2315,-0.4432
-0.1358,-0.2887
0.1321,-0.0916
-0.1451,0.1781
0.0918,1.1112
0.1289,-0.2113
-0.0233,-0.2975
-0.1468,0.0198
-0.2893,-0.3647
-0.1726,-0.4641
0.1062,-0.1642
-0.0408,-0.0227
0.0867,-0.2272
-0.1126,-0.0263
0.1405,0.0050
-0.1877,-0.0039
-0.2467,0.0040
-0.0514,-0.0338
0.0786,-0.1084
-0.0674,-0.2271
0.0474,0.6537
0.0532,-0.1109
-0.0567,-0.0957
-0.0960,-0.0506
0.2006,-0.0222
-0.0800,0.2427
-0.2585,-0.0164
0.1812,0.4210
0.1443,0.0212
0.1229,0.2700
0.4591,0.2557
-0.1805,-0.5438
-0.0969,-0.1207
0.3245,0.0303
-0.1777,-0.0560
-0.5651,-0.1169
0.0886,0.0478
-0.2545,-0.5234
0.1765,0.1038
0.1161,-0.0414
-0.4060,0.0844
-0.0626,-0.1143
0.2157,-0.0712
-0.1128,-0.0630
-0.3283,-0.4107
-0.0101,-0.3674
0.1880,0.4400
0.2891,0.5736
-0.2127,-0.1421
0.1609,0.6667
-0.1179,-0.1920
0.0727,-0.2532
-0.0169,-0.1893
-0.0237,-0.2398
0.0447,0.0757
0.0486,0.2021
-0.1072,-0.0172
-0.3246,0.2213
0.2824,0.1877
-0.2785,-0.5542
0.3606,0.0186
-0.0472,-0.0881
0.2928,0.0709
0.0472,0.2134
0.0914,-0.2715
-0.0883,-0.2942
0.0578,-0.3318
-0.1856,0.0905
-0.1942,0.0606
0.3479,0.2879
0.0344,0.1534
0.1008,-0.2246
0.3218,-0.1998
0.1672,0.3272
0.6182,0.4387
-0.1895,-0.2790
-0.0452,-0.2491
0.0439,-0.1577
-0.0682,-0.0592
-0.4739,-0.0965
-0.3393,-0.2776
0.0890,0.1576
0.2134,-0.0922
0.0091,-0.1147
-0.1805,0.0103
-0.0617,0.1595
-0.2087,0.0054
-0.0966,0.1761
-0.0302,-0.2607
-0.1443,-0.5148
-0.4502,-0.3769
-0.4723,-0.4520
0.0035,-0.0416
-0.3371,-0.2417
0.0095,-0.1060
0.0835,-0.0115
-0.1300,-0.2331
-0.3172,-0.5774
0.0992,0.0534
0.5695,0.4947
-0.1353,0.3128
-0.1495,0.3519
0.0133,-0.0504
-0.3199,-0.0906
0.2849,-0.0331
-0.2685,-0.4408
0.4772,0.5299
0.0147,-0.2370
-0.0982,-0.0001
-0.0618,-0.1885
-0.1043,0.0233
-0.3011,-0.1285
-0.2941,-0.3523
-0.1746,-0.2517
0.1395,0.0235
-0.2310,0.3754
-0.2155,-0.3456
0.4259,0.0559
-0.0894,-0.3686
-0.3673,0.1653
0.2089,0.3250
0.0555,-0.2748
-0.0826,-0.1935
-0.1465,-0.2218
0.5855,-0.0803
-0.1067,0.4869
-0.0212,-0.0815
-0.1737,0.0416
0.0414,-0.0739
0.0157,-0.2620
0.1160,-0.1565
-0.1010,-0.5251
0.0947,-0.0736
0.0986,-0.4861
-0.2452,-0.0976
-0.1138,-0.4370
-0.0396,-0.2829
0.0724,0.0393
-0.0861,0.1954
-0.0269,-0.3067
-0.1724,-0.4859
0.2619,-0.0508
0.1239,-0.1172
-0.2375,-0.5043
-0.0690,0.4967
0.2808,-0.0187
-0.0587,0.0329
-0.0307,-0.2147
0.1868,0.1597
-0.1339,-0.0186
0.1742,0.1936
0.0492,-0.4086
0.1078,0.3389
0.1114,0.2185
0.0735,-0.0927
0.2143,0.3290
-0.1584,-0.3315
-0.2351,-0.5645
0.0690,-0.2486
-0.2811,-0.3657
-0.0283,0.0183
0.3695,-0.1349
-0.0627,0.0094
-0.0906,-0.5028
0.0984,-0.2691
-0.1367,0.3443
-0.0074,-0.1281
-0.3890,-0.5154
-0.0984,-0.0332
-0.1668,-0.1162
0.0803,-0.3653
-0.1385,-0.0186
0.0594,0.0233
-0.1235,-0.1674
0.0229,-0.6401
0.0282,-0.5283
-0.0756,-0.3097
-0.1052,-0.4821
-0.0900,-0.0564
-0.1406,0.1472
-0.0328,-0.0940
0.0936,-0.0977
-0.3036,-0.3964
-0.0298,-0.2183
0.0067,-0.3874
-0.1462,0.1397
-0.0639,0.0617
-0.2491,-0.7148
-0.0189,-0.1334
-0.2898,-0.3772
0.0136,-0.4665
-0.1955,0.3167
0.0551,-0.0516
-0.0141,0.3140
0.1693,-0.1763
0.0465,-0.0566
-0.0210,0.4055
0.4418,0.4641
-0.1465,0.5602
-0.2206,-0.0185
0.1367,0.2385
-0.3062,0.0236
0.3810,0.4637
-0.0662,-0.1699
-0.0846,0.0530
0.1045,0.3032
0.0328,0.0404
0.2162,0.6700
-0.0172,0.3330
0.1629,0.3101
0.1059,0.0067
0.1044,-0.0109
-0.0931,-0.0418
0.3171,0.4227
0.1535,0.1387
-0.1213,-0.0642
-0.1091,0.3729
-0.0025,0.4054
-0.1568,-0.5174
-0.1084,-0.2918
0.0133,-0.1757
-0.1940,-0.0846
-0.1434,-0.2519
-0.2407,0.0213
-0.2365,0.5777
-0.2097,-0.0264
-0.1940,-0.1434
-0.2049,-0.0778
-0.0229,0.3473
0.1406,0.3318
-0.1541,-0.3272
0.1793,0.1773
0.0433,-0.0771
-0.0758,0.2959
0.2048,0.2812
-0.2393,-0.2523
0.0064,-0.1090
-0.0916,-0.1224
-0.3022,-0.5424
-0.2337,0.0357
0.2331,0.1962
-0.1739,-0.3173
0.0565,-0.2468
-0.2682,0.1326
0.1212,0.0625
0.1108,-0.3175
0.4748,0.2527
0.3244,0.3302
0.2865,0.1014
0.2033,-0.1355
-0.1652,0.0125
-0.0921,0.5509
0.3497,0.6178
0.0227,0.5266
-0.1842,-0.3337
-0.2274,-0.2888
0.0306,-0.0346
0.2347,0.2253
0.4823,0.1000
0.3527,-0.1906
-0.2479,-0.2267
-0.0746,0.2483
-0.0584,0.0178
-0.0586,0.4695
-0.0591,0.0890
0.0002,-0.1182
0.1084,-0.0155
-0.0226,-0.0622
-0.2610,0.0119
-0.0344,-0.0360
-0.1449,-0.2244
-0.0426,-0.0742
-0.3107,0.1332
-0.0162,-0.1379
0.1809,0.2428
0.2485,0.1060
0.0392,0.3047
0.0806,-0.0705
0.0508,0.0811
0.0734,0.2519
-0.0777,0.0258
-0.0035,0.0312
0.0570,0.2111
0.4895,0.8261
-0.1229,-0.1378
0.0326,0.1325
-0.1969,-0.4989
0.1304,0.5692
0.0691,-0.3991
-0.0148,0.2036
-0.1202,-0.4121
0.0625,-0.0125
0.1189,-0.0154
-0.0812,0.0527
-0.1853,-0.3613
-0.0972,-0.9646
-0.0491,0.1467
-0.1280,0.2707
0.1808,0.1854
0.0703,0.1394
0.1899,-0.0169
-0.0800,-0.4634
-0.3163,-0.2813
0.0806,0.1455
-0.0457,0.0969
0.2574,0.3181
-0.0404,-0.0506
-0.1441,0.0868
-0.0998,-0.3232
-0.2362,-0.1738
0.0559,0.1288
-0.1543,-0.6138
0.2109,-0.0513
-0.0822,-0.0550
0.3723,-0.0697
0.0686,-0.1916
-0.5811,-0.4309
-0.0108,0.0729
-0.1755,-0.6373
-0.2418,-0.2950
-0.0364,-0.2463
0.0690,-0.1009
0.0082,-0.3064
0.1448,-0.0252
-0.0765,-0.0966
0.0640,0.0042
0.0841,-0.0063
-0.1143,0.1408
0.0290,0.0108
0.0100,0.0101
0.0960,-0.5070
0.1370,-0.2153
0.1788,-0.0857
0.0112,-0.2312
0.0933,0.1235
-0.0330,0.2640
0.0901,-0.3038
-0.0136,-0.1250
-0.1398,-0.3264
0.3597,0.0637
-0.2730,-0.2211
0.0771,0.5331
0.2205,-0.0643
-0.0343,0.1735
0.0440,0.4031
-0.0908,0.0043
0.3425,0.1702
-0.0165,0.0133
-0.0733,0.0941
0.0449,0.0100
-0.1922,0.7123
0.2384,-0.0546
0.2621,0.2021
0.0210,0.1371
0.2689,-0.1391
-0.2431,0.0111
-0.0445,-0.5787
0.1071,-0.2291
0.1847,-0.1661
-0.3283,-0.2057
-0.2780,0.2402
-0.2232,-0.1561
-0.0825,-0.1804
0.1434,0.1398
-0.0982,-0.0140
-0.2654,-0.4229
-0.1113,0.1731
-0.0512,-0.2826
-0.1461,-0.1046
-0.3631,-0.0422
0.0449,0.2055
0.1634,0.1462
-0.2327,0.2339
0.3092,-0.4325
0.0139,0.1704
0.1634,-0.1237
0.3448,0.1340
-0.0424,0.0943
0.2092,-0.1814
-0.1562,0.2387
-0.2238,0.1151
0.0875,-0.2677
0.1499,0.0346
-0.1870,-0.0717
-0.0543,-0.4690
-0.3079,-0.3303
0.1849,0.4401
-0.4872,0.3760
-0.0951,-0.4100
0.3547,0.6750
0.5502,0.2303
0.1348,0.1975
-0.2560,-0.0815
0.1873,0.3564
0.3624,0.2287
-0.1606,-0.2277
0.2578,-0.3103
-0.3316,-0.5859
0.1093,-0.0612
-0.0546,0.1590
0.1163,0.1847
0.1546,0.2217
-0.3249,-0.3818
-0.1129,0.3965
0.0251,0.4629
-0.2385,0.1386
0.2583,0.2433
-0.2126,-0.1085
0.1515,-0.0082
0.1333,-0.0279
-0.0778,0.0845
0.3542,0.4382
-0.0701,-0.1322
0.0142,0.3062
-0.1719,-0.1787
-0.1902,-0.3626
0.1173,0.1581
-0.0131,-0.0707
-0.2778,-0.3099
-0.2129,-0.3471
0.0406,-0.1031
-0.2165,0.0294
0.2751,0.2029
-0.1935,-0.4251
0.1211,-0.2242
-0.0045,-0.1250
-0.1008,-0.0316
0.2316,0.0315
-0.0455,0.3216
0.0933,0.2393
0.4293,0.1515
0.4388,0.0616
-0.4577,-0.1490
0.0956,0.4028
0.0524,-0.4757
-0.2540,-0.2765
-0.0491,-0.0721
0.0367,0.0165
0.1984,-0.1349
-0.1498,-0.4158
0.2054,-0.4808
-0.1377,-0.7135
0.1247,-0.0733
-0.4259,-0.5696
0.5176,0.4827
-0.1392,0.0845
0.1414,0.0665
-0.0039,-0.2477
-0.1176,-0.0950
0.4759,0.2624
-0.0008,0.2850
-0.0465,0.0388
-0.2824,0.1248
-0.0571,0.2219
0.1551,0.3702
-0.0853,0.0045
-0.0632,-0.1328
-0.4280,-0.3498
0.1108,0.0348
-0.1459,0.0401
-0.1510,-0.5156
-0.2843,-0.0757
-0.1846,0.4395
0.2181,0.4707
0.0630,0.2924
-0.3115,-0.3271
0.2091,0.1278
0.2876,0.2389
0.0000,0.0512
-0.0438,-0.1613
-0.1139,0.2349
0.0687,-0.2722
0.1232,-0.0226
-0.0938,-0.0964
-0.2268,-0.1079
0.0641,-0.0905
-0.2512,-0.2703
-0.4182,-0.0116
-0.1014,-0.1303
-0.2312,-0.3927
0.0784,-0.1043
0.1619,0.1711
-0.0176,0.2778
0.0161,0.5079
-0.3063,-0.3398
0.3187,-0.0652
0.1784,-0.1297
0.1147,-0.1763
-0.0793,0.1675
-0.2069,0.2405
0.0628,-0.2885
-0.0120,0.2682
-0.0832,-0.1436
-0.2913,-0.1755
0.0007,0.1844
0.0569,-0.0747
-0.2618,-0.2083
-0.1684,-0.1530
0.1007,-0.1154
-0.0822,0.0923
0.2315,0.1683
0.2123,0.1179
0.0516,0.0221
-0.0879,0.0686
0.0609,0.1458
0.1025,-0.1239
-0.3016,-0.4378
0.1431,-0.3910
-0.5987,-0.8180
0.2312,0.1119
0.1110,0.0155
-0.0508,0.0371
0.0216,-0.0556
0.1998,0.3905
-0.0067,0.4029
-0.0590,-0.0448
-0.3437,-1.1209
-0.0906,-0.0817
-0.0293,0.1174
0.2478,0.0603
-0.0586,-0.1189
-0.0581,0.0007
0.1688,0.0272
-0.0163,-0.0087
0.1881,-0.1944
-0.1043,0.2881
0.1253,0.1662
0.0531,-0.1602
0.3047,0.4442
-0.0770,-0.1116
0.0149,-0.1172
0.0157,0.2838
-0.1108,0.0095
-0.1137,-0.1283
-0.3326,-0.3115
0.0254,0.0159
-0.0404,0.1198
0.0298,-0.3414
0.2047,0.3878
0.3235,0.4433
-0.0140,-0.0240
-0.0392,0.6644
0.0821,0.1333
-0.0358,-0.1769
0.5807,0.5774
0.0705,-0.3324
0.3457,-0.0872
0.0030,0.4891
0.0795,0.3743
0.1051,0.3730
-0.1383,0.1286
0.2519,0.1762
0.0645,0.4277
0.1097,0.1804
-0.2630,-0.3655
0.2943,0.4036
0.0481,0.0653
0.7072,-0.0273
-0.0590,0.0269
0.1069,-0.0640
-0.1662,0.0431
0.1251,-0.2400
-0.1773,0.6027
0.3511,0.2879
-0.1680,-0.1495
-0.0155,0.0969
0.3690,0.5645
0.1202,0.0459
0.2456,0.0753
0.0078,0.3532
0.3215,0.5460
-0.1555,0.1469
-0.2928,-0.5322
-0.2767,0.1867
-0.3437,-0.2048
0.0646,0.1748
-0.1405,0.1950
0.0759,-0.1363
-0.0250,-0.1875
-0.1097,-0.0912
-0.2311,0.1402
0.2017,0.1152
-0.2305,-0.0913
-0.0856,0.3626
0.1654,-0.1122
0.0114,-0.1764
0.1351,0.1221
-0.1464,0.1212
-0.2816,-0.1834
-0.1860,0.4371
-0.1863,0.5006
-0.0528,0.2682
0.3889,0.3085
-0.4084,-0.0136
0.4714,0.3407
0.2727,0.4522
0.1588,0.2438
-0.2865,0.1918
-0.0506,-0.3358
0.0177,-0.2249
0.1632,0.2689
-0.0935,-0.3407
-0.2902,-0.3552
0.1149,-0.1739
0.4085,0.2378
-0.2271,-0.1579
-0.1906,0.0841
0.7723,0.0257
-0.1662,-0.2209
0.1657,0.0114
0.1079,-0.0118
-0.1182,-0.5470
-0.0673,-0.2270
0.2049,0.3660
0.0712,-0.2699
-0.0560,-0.1204
0.1469,0.2446
-0.0474,0.0732
0.5805,0.6167
-0.0291,0.1082
0.0156,-0.1523
0.4079,0.4321
-0.0195,-0.2561
0.0936,0.3369
0.0827,0.2315
0.4093,0.5765
0.0708,0.0797
0.0275,0.4527
-0.2188,0.2898
-0.1766,-0.2322
-0.2373,-0.2310
-0.0452,-0.2494
0.3531,0.2088
0.1851,0.5712
0.1682,0.3521
0.2703,0.1985
-0.1209,0.1569
-0.2390,-0.0412
-0.0643,-0.2934
0.0915,0.0527
0.1265,0.1288
0.1546,-0.0364
-0.3196,-0.2303
0.3474,-0.0815
0.2114,0.1973
0.2219,-0.1631
0.0271,0.0120
-0.2179,-0.2191
-0.2631,-0.2230
0.3003,0.2019
-0.0260,-0.3560
-0.0505,-0.2785
0.1983,0.4578
-0.1464,-0.3153
0.0113,0.1495
0.5468,0.0905
0.2950,0.5360
-0.1012,0.0229
-0.1911,0.3172
-0.1921,-0.6509
0.0167,0.1996
0.3089,0.1004
0.0707,0.3748
-0.0246,-0.3610
-0.0874,0.2526
-0.4982,0.2335
-0.1488,-0.2918
0.0140,-0.3072
0.2669,0.0738
0.1247,0.1127
0.0289,0.1506
0.0193,0.1018
-0.1060,-0.1531
0.2984,0.4851
0.1510,0.1715
0.0486,-0.1839
0.2078,0.8357
0.4968,0.9181
0.0479,-0.0854
0.1244,0.0585
0.3329,0.2129
-0.0332,0.1921
-0.2156,-0.4708
0.3039,0.0926
0.0875,0.3199
0.2297,0.3337
0.2380,0.5863
0.2521,0.0350
0.2603,0.2595
-0.0835,-0.2704
0.1061,-0.2346
0.0501,0.5748
-0.1346,0.5986
0.0956,0.1263
0.0359,0.2480
0.0266,0.1813
0.0968,-0.0789
-0.0637,-0.2428
-0.3594,-0.1979
0.1167,0.3877
0.0405,-0.0945
0.1796,0.0897
0.0264,0.1736
-0.0013,-0.0103
0.1864,0.6860
0.0654,0.3028
0.0835,0.3100
-0.0738,0.1256
0.0834,-0.1524
0.3179,0.4206
0.0923,0.4343
-0.0312,0.1366
0.0926,0.1448
0.0311,0.5319
-0.3044,-0.2161
-0.0789,-0.0918
0.1860,0.3470
0.2792,0.6555
-0.0740,-0.0362
0.0046,0.2978
-0.1948,-0.0262
0.1169,0.2664
-0.1720,0.3968
0.0314,0.0201
0.2907,0.1307
0.0849,0.2487
0.1708,0.0849
0.0312,-0.1200
-0.0457,0.1930
-0.1034,0.1331
-0.1004,-0.1780
-0.3907,-0.2336
0.8097,0.5301
-0.3194,-0.5634
-0.0182,0.1492
0.1657,0.1630
0.2922,0.5983
0.1944,0.1903
0.2915,-0.1498
0.2721,0.0641
0.1950,-0.2177
-0.3269,-0.2541
0.0418,-0.0219
0.0824,-0.0366
0.2616,-0.3740
0.0900,-0.1606
-0.5217,-0.6785
0.1599,0.1846
0.0598,0.0542
0.2029,0.2429
-0.3107,-0.6094
0.0075,0.2365
-0.0202,0.0420
0.1783,-0.0710
0.2944,0.1710
0.1031,0.3519
-0.0757,-0.6688
0.1020,0.0820
0.1143,0.2618
0.2276,0.5362
0.0455,-0.1761
0.1908,0.6859
-0.0265,-0.0238
0.4448,1.0398
-0.1419,-0.2492
0.2062,-0.4057
-0.1245,-0.1292
0.0997,0.4741
-0.2411,-0.3190
-0.0386,-0.0309
-0.2375,-0.1650
-0.0519,0.0362
-0.2475,0.0632
-0.6629,-0.5270
-0.1518,-0.1680
-0.3006,-0.2358
-0.5210,-0.6385
-0.1515,0.2236
0.0525,0.0005
0.1477,0.3602
-0.0250,-0.0835
-0.1477,0.5500
-0.3381,-0.0889
-0.5469,-0.2495
0.1141,0.4303
-0.2603,0.0732
0.1794,-0.2063
0.2663,0.7397
0.0721,-0.1286
0.0017,0.1859
-0.0209,-0.3726
0.3401,0.2751
0.1200,-0.0482
0.0835,-0.1653
-0.0950,-0.4198
0.1422,-0.2561
0.1561,-0.1626
-0.2200,-0.2316
-0.0574,0.3399
0.1060,0.5627
0.1202,0.3286
-0.3216,-0.0662
-0.1342,0.1259
0.0729,0.1945
-0.0037,-0.2895
0.0628,0.4002
0.2016,0.0997
0.5991,0.3650
0.6134,0.8529
-0.1450,-0.2637
-0.1113,-0.3209
0.1301,-0.0866
-0.2447,-0.2440
-0.4919,-0.7288
0.0579,0.1063
-0.3183,-0.2569
0.1554,0.3848
0.4635,0.0167
0.3863,0.1283
-0.0415,-0.0512
-0.0528,0.1477
-0.1512,-0.3543
-0.1153,-0.2019
0.0048,0.0326
0.0453,0.2942
0.2374,0.2055
0.1546,0.2543
0.4010,0.6078
-0.1374,-0.0447
-0.3626,-0.2176
0.0084,0.0308
0.0555,0.1676
-0.1040,-0.0202
0.2486,0.4690
0.1858,0.0163
-0.1074,-0.1079
-0.0975,-0.3355
0.1739,-0.0108
0.1504,0.0157
0.0194,-0.1164
-0.2502,-0.1998
-0.2474,-0.4444
-0.2036,0.2533
0.0813,0.0919
0.0741,-0.0659
-0.0234,0.2495
-0.1990,0.7849
0.1531,-0.1476
-0.1400,0.1065
-0.4402,-0.0509
-0.1896,-0.2050
-0.5741,-0.1524
0.1522,0.1272
0.0549,0.3923
-0.0197,-0.3320
-0.1370,-0.4450
-0.1815,0.1790
0.0315,-0.0845
-0.0156,0.2059
-0.1304,-0.5303
-0.0124,0.0514
-0.0594,-0.0988
-0.0099,0.0443
-0.1773,-0.2545
0.2545,0.2675
-0.0509,0.1995
0.2016,0.7060
0.3770,0.0721
0.0754,-0.2266
0.0127,-0.0653
0.3640,0.3620
0.2781,-0.4512
0.1634,-0.4518
-0.0388,-0.0750
0.0831,-0.3141
0.2579,0.2251
0.2750,-0.0457
0.1095,-0.1702
-0.1181,-0.1447
-0.1448,-0.2522
0.1099,-0.1362
0.2363,0.1469
-0.1297,0.2545
0.3176,-0.1784
0.0022,-0.2766
-0.1907,-0.4358
-0.0281,-0.0932
-0.1304,-0.0639
0.1233,-0.1897
-0.0532,-0.2569
0.0115,0.0213
0.2348,0.1954
0.1034,0.1903
-0.3440,-0.0399
0.0316,0.0339
0.2899,0.0472
0.1340,-0.0376
0.0751,-0.2727
-0.2633,0.1359
-0.0147,-0.2967
0.0023,-0.0573
0.2314,-0.1383
-0.0764,0.1666
0.0764,-0.0435
0.0153,-0.0552
0.0478,0.0244
0.1467,-0.1764
-0.0457,-0.3124
-0.2021,-0.3772
-0.0653,0.3504
-0.0540,-0.1106
0.0199,0.1306
-0.2502,-0.2530
-0.0562,0.4228
-0.1490,-0.3030
-0.3444,0.6183
-0.1522,-0.0899
0.0207,0.3276
0.0549,-0.0533
-0.0944,0.1735
-0.0399,-0.1245
0.0343,0.1742
-0.0895,0.4767
-0.1107,-0.2803
-0.0220,0.3580
-0.0057,-0.1815
0.3324,0.4477
-0.0077,-0.0663
0.1465,0.1457
0.0673,-0.0885
-0.2197,-0.3566
-0.2551,-0.2811
-0.0506,-0.0645
-0.0289,-0.0786
-0.1584,0.5749
-0.3047,0.0964
-0.1535,0.1817
0.0575,0.2984
-0.1714,0.0577
0.0251,0.1537
0.0177,-0.0643
-0.1211,-0.1617
-0.0531,0.3260
-0.0332,-0.0617
0.1380,-0.0682
-0.0208,-0.1201
-0.1179,0.2208
-0.1007,-0.0630
-0.0289,-0.2734
-0.0388,-0.1298
0.1580,0.1908
-0.2035,0.1625
-0.0744,-0.0712
0.2877,0.3758
-0.2954,-0.2773
-0.2215,0.0370
0.2511,0.0201
0.1177,0.4783
-0.1521,0.0585
-0.2369,-0.4319
0.3976,0.0517
-0.1088,-0.1308
-0.2337,-0.1469
-0.0932,-0.1847
-0.0373,0.2234
-0.1915,0.4003
-0.1778,0.5283
-0.3298,-0.3219
0.0904,0.0999
-0.1747,-0.1640
0.1656,-0.4279
-0.1649,-0.4655
0.1297,-0.0394
-0.1930,0.1238
0.4820,-0.1612
0.1040,0.5191
-0.1087,-0.2129
0.3076,0.4967
-0.2231,-0.6960
-0.0963,0.1313
0.1818,0.0285
0.1910,-0.0294
0.3028,-0.0908
-0.0341,-0.1758
0.0184,0.1530
0.6358,-0.0564
-0.0510,-0.1608
0.1981,0.0339
0.2490,0.1232
-0.3427,-0.3356
-0.1155,-0.0087
0.1132,0.1815
0.3712,0.5407
-0.0292,-0.1467
-0.0352,0.0966
0.0304,0.0955
-0.0252,-0.1595
-0.0156,-0.0168
-0.0146,-0.1346
0.2174,0.2366
0.0094,-0.1741
0.0027,-0.3206
0.3422,0.8009
0.4637,0.4498
