100
-17.352821 21.694569
-46.930287 -24.127697
50.900320 78.878631
-65.380754 -37.206306
8.221882 34.204173
51.639573 69.402666
-56.181689 -31.370401
74.229515 -3.870704
-48.737070 -47.328705
76.003205 49.769005
68.179977 -10.619232
47.380169 17.252802
33.528753 33.293978
-66.156127 -50.645993
65.688388 32.175472
-54.871753 -55.255996
90.158145 27.830199
-78.940644 -70.694752
-9.472778 13.104469
-42.260341 -38.293008
73.243009 78.408731
72.132543 68.499148
33.721666 0.661301
72.941997 22.716495
-83.842665 -15.861513
-11.122096 -13.887552
-44.865585 -72.410893
35.086144 58.955929
-52.441391 -66.087133
72.458606 58.510849
63.420158 83.398007
-42.555221 -61.665098
-69.020386 -78.708752
-43.662997 -8.772003
80.382170 31.060050
62.843196 53.681748
-77.937563 -34.463157
-86.167076 -28.019486
-57.313338 -41.454943
-73.320233 -42.735291
65.998586 -2.196821
-77.100199 -23.853470
-2.888653 -4.463043
56.435275 29.860196
-38.690183 13.795527
16.784338 6.760636
-47.609709 9.553552
-25.687831 -33.796104
-40.891708 4.778590
-9.827261 5.865284
-64.456948 2.068298
37.279694 9.903497
-33.986221 -29.060027
61.544781 42.832565
50.936219 43.136587
-0.323327 8.145001
-57.758524 -73.849640
28.768723 23.599216
10.162447 0.177283
-32.745534 -40.521061
39.204516 67.929695
82.710661 60.972357
-68.142601 -69.444791
-79.018252 -81.506386
49.040971 -5.034451
62.841155 16.835139
-55.613086 -18.019134
84.702538 19.818568
-18.514335 -3.211963
-11.870040 -30.549221
-5.767626 25.636359
38.311414 23.627753
38.458823 46.413044
-22.614987 5.955936
-69.636790 -88.891918
51.726270 7.009412
-36.524135 -18.641732
62.038833 73.592763
-58.510625 -8.211477
13.872480 23.629388
-62.452878 -62.781831
-25.192903 14.668198
-30.862357 -52.013550
86.893991 37.546874
47.515663 32.219718
-31.714147 -6.240553
-48.769409 -83.082174
-70.572241 -11.627097
51.515798 57.879643
-59.618593 -84.160737
-26.968992 -15.000448
-73.809661 -60.118012
26.253304 41.818007
71.381651 39.497004
63.072399 64.099152
3.898946 17.466600
83.318081 71.400123
-66.075772 -27.633892
43.113696 -11.508505
22.807672 -3.093531
