100
-0.819105 -0.234135
-3.325427 -2.657572
5.983610 3.923002
-3.805612 -3.903730
0.220472 1.150729
6.255264 3.964303
-3.913045 -3.413029
0.389108 4.735457
-3.299223 -4.683882
5.016698 5.843772
0.255824 4.740518
2.165541 3.486486
3.362634 2.789203
-4.291217 -4.937962
3.823861 5.950233
-3.649233 -5.433087
2.409191 5.194639
-4.236736 -6.972456
-1.561975 0.625790
-2.367455 -4.280399
6.203347 4.905657
5.754666 5.096802
1.137236 2.408940
3.546755 5.180312
-5.530567 -4.038982
-0.315462 -1.111916
-3.038388 -6.436648
4.992475 2.977667
-3.129055 -6.386342
5.371959 5.581450
6.494765 4.700947
-3.371942 -5.930911
-4.667385 -6.966170
-2.009987 -1.757912
2.534372 4.852965
4.916021 4.748835
-4.876608 -3.856862
-5.271745 -3.212121
-3.685630 -4.125163
-4.430091 -4.052318
0.349791 4.773930
-5.181334 -3.360563
-0.430886 -0.165532
3.331363 6.218456
-0.594455 -2.787674
1.011402 0.713765
-0.833381 -3.216766
-1.746363 -3.732816
-0.797447 -3.199847
-2.332690 0.713284
0.416651 -1.780109
1.500291 2.827092
-1.842288 -3.510515
4.135043 4.891143
4.235432 6.091785
-1.464465 0.620904
-3.455892 -6.861731
2.963736 2.535933
0.780622 0.289164
-2.104198 -4.175349
5.442254 3.099941
5.542782 4.958238
-3.986690 -6.415440
-4.748144 -6.785070
0.836427 3.401140
3.240499 4.343961
-3.062338 -2.955281
2.439690 5.422622
-1.397127 -0.829898
0.063551 -2.443935
0.126159 -0.411057
2.897047 2.809784
2.721467 3.967626
-1.436224 -0.428581
-4.229541 -7.106116
2.430498 2.321752
-2.013579 -2.366268
5.983315 4.531970
-3.625671 -2.136217
-0.192622 1.271242
-3.845216 -6.365284
-1.306490 -0.759003
-1.910005 -4.964362
2.567303 4.781837
3.011998 6.368498
-2.479605 -1.524628
-4.881119 -5.658394
-4.615068 -2.127249
5.169385 4.058795
-4.741124 -6.147143
-2.674999 -1.720516
-4.220426 -6.003957
4.002768 2.580327
3.940465 5.561310
6.123717 5.176861
-1.228409 1.102013
5.878042 5.760512
-4.166779 -3.890753
0.487234 3.158411
0.677737 1.011642
