-0.0717
-0.1496
0.9029
-0.2204
-0.2755
-2.1219
0.4222
-0.1549
-0.3134
-0.5449
-0.4103
0.5358
-0.1097
-0.2509
0.6610
-0.2760
-0.6250
-0.7544
0.6089
0.2860
-0.5259
-1.5985
0.8647
0.3439
0.4666
0.2751
0.1391
0.0609
-0.0337
0.2236
-0.0318
0.4668
0.2640
-0.0450
-0.0183
-0.4622
0.1223
-0.0160
0.0448
-0.0273
-0.6123
1.2032
0.0059
0.2955
-0.1453
-0.0138
0.1321
0.0463
-0.0886
-0.6868
-0.0792
0.2892
0.5861
0.3024
-0.3300
-0.2134
0.7299
-0.4533
-0.4772
-0.1672
0.6395
-0.4741
0.1458
-0.0895
-0.5814
-0.0029
-0.1973
-0.5028
-0.7600
0.8844
0.1679
1.0019
0.4455
0.5961
0.8446
0.8420
0.3400
-0.1192
0.0050
0.3658
-0.0681
-0.1290
0.4403
-0.0286
0.1238
0.4123
-0.1614
-0.0731
0.2791
0.9085
0.0237
0.6288
0.1650
-0.0478
-0.2857
0.1511
1.1275
0.0820
-0.1798
0.0963
1.1649
-0.1221
0.1368
-0.1958
0.4727
0.3879
0.0025
-0.2396
0.4286
0.7471
0.5615
0.2958
-1.6796
-0.3338
-0.4925
-0.5502
-0.6843
-0.2576
0.2435
-0.6625
0.4548
-0.6005
-0.0228
-0.7057
-0.4727
0.0625
-0.2951
0.0330
0.9365
-0.5771
-0.0272
-0.3441
-0.0128
0.3745
0.1098
-0.0836
-0.6842
0.0480
0.1880
0.2556
0.4152
0.4975
-0.2460
-0.1080
0.0761
0.4911
0.0459
0.6220
0.4424
-0.4022
0.0604
0.0119
-0.1204
-0.3007
0.9707
0.2962
0.0532
0.8513
-0.5819
0.7029
0.1801
-0.1489
-0.4883
-0.3951
-0.1571
-0.0048
-0.1040
-0.0668
0.0507
0.9446
0.1493
0.3138
-0.0474
0.3421
0.3778
-0.7546
-0.2855
0.0372
-0.2929
0.5635
0.1468
-0.0382
0.4576
-0.0281
0.1495
-0.4961
0.3454
-0.0145
0.4334
-0.5200
-0.7882
-0.6859
-0.9628
0.6959
-0.3167
0.0477
-0.5304
0.4470
0.4930
0.6049
0.5284
0.1644
0.7565
-0.2211
-0.6701
0.3280
-0.0670
-0.2311
0.3780
0.7997
-0.6558
-0.2337
-1.6297
-0.0926
0.4010
-0.3109
-0.5285
-0.0490
-0.0173
0.5815
-0.2435
0.0910
-0.2808
-0.3997
-0.4402
0.8446
0.7992
0.6203
0.6353
-0.0907
0.9994
-0.4479
0.2494
0.2812
-0.5256
-0.1644
0.3610
0.1172
0.6011
-0.3276
-0.1652
-1.0296
-0.3805
0.3373
-0.5815
0.0741
-0.2195
-0.3310
-0.0298
-0.1996
0.0494
0.0845
-0.4400
0.3401
-0.4125
0.0756
-0.3437
0.8912
0.4970
0.1576
0.0304
-0.0549
0.6942
0.2834
0.4697
1.0038
-0.0265
0.1603
0.5836
-0.9293
0.0478
0.3203
-0.0878
0.5951
0.6554
0.2827
0.9080
-0.1155
0.0387
0.5194
-0.1501
0.2041
0.3432
-0.2535
-0.6023
0.3418
-0.6757
-0.3744
-0.0953
0.1575
-1.2145
-0.6668
-0.2949
-0.8873
-0.5468
-0.6679
-0.0949
-1.4621
0.1633
-0.1324
-0.0694
-0.1591
0.0398
0.5036
-0.5562
-0.2485
-0.3230
0.8079
-0.0173
-0.2690
0.5858
-0.2347
0.2410
-0.3464
0.4661
-0.6689
-0.2568
0.4264
0.4742
-0.0962
-0.1279
0.3348
0.5415
-0.0015
-0.4631
0.2849
-0.5431
1.2289
0.3356
0.3609
0.4875
0.2043
0.6686
-0.0528
-0.0213
-0.4134
0.0143
0.2234
0.6120
0.4211
0.3058
0.2647
-0.4456
0.1615
-1.0994
0.4307
0.1746
0.0932
0.1706
0.0578
0.3079
0.6069
-0.2352
0.9123
-0.0918
0.0565
-0.3901
-0.3949
-0.6965
-0.3289
0.0592
-0.3394
-0.0816
0.6560
0.1954
1.0504
0.2327
0.2142
0.0407
-0.0461
0.2823
0.9604
0.8066
0.2306
0.5857
0.1837
-0.3125
0.2101
-0.9417
-0.1213
0.5760
-0.2709
-0.7237
-0.3841
0.2722
-0.1465
-0.3222
-0.6852
0.4488
-0.2762
-0.4193
-0.0835
-0.0672
-0.3043
-0.0938
-0.0771
-0.7129
-0.5088
-0.6123
-0.1764
-0.2597
0.3990
-0.3022
-0.4102
0.3384
-0.5956
0.5135
-0.1930
0.4026
0.2039
-0.4853
0.0459
0.2112
0.0074
0.4252
-0.2144
0.1496
0.2744
-0.6695
0.9552
-0.4309
0.7356
-0.2530
0.2885
-0.0551
0.5006
-0.8607
-0.2503
0.2805
-0.4742
-0.3876
0.5119
-0.0220
0.7052
0.4908
0.7185
-0.7391
-0.7310
-0.4684
0.4649
0.0190
-0.1507
0.7447
-0.0517
0.3867
-0.3331
-0.1474
0.1882
0.1118
0.2970
-0.4852
0.4624
0.2380
0.0302
-0.4834
-0.5797
0.1396
0.0014
0.1714
0.3056
0.6721
0.0691
0.5980
-0.0983
-0.2226
-0.2271
0.0997
0.6006
0.6653
0.2988
-0.4933
0.3936
-0.3587
-0.3111
-0.9524
0.4158
0.1915
0.0809
0.4844
0.7412
0.0485
0.7879
0.0893
0.5494
0.5489
-0.2909
0.4289
-0.0306
0.0470
0.2568
0.0015
-0.3891
-0.0148
-0.3045
0.3537
-0.2167
0.1766
0.5330
0.0910
0.2708
-0.0647
0.1051
0.3554
0.0667
-0.2977
-1.2513
0.0253
-0.1656
-0.4151
0.4793
0.3739
0.0972
0.1948
-1.4589
0.3227
1.0138
-0.2008
0.0063
-0.7695
0.0149
0.2353
0.1109
-0.6167
0.2082
0.1927
-0.0360
-0.7751
0.1636
-0.1439
-0.7857
-0.9806
0.6706
0.3766
-0.7151
0.1910
0.2712
0.8774
0.5489
0.1399
0.6840
-0.5814
-0.3429
-0.1965
-0.1971
-0.0895
0.4101
0.6218
1.0131
0.0814
0.1879
-0.0715
0.6790
0.1660
-0.2435
0.4274
-0.0163
-0.1233
-0.0208
-0.0413
0.6243
0.0568
0.5591
-0.1010
0.7888
0.0923
0.1021
0.5281
0.0479
0.4208
0.2745
0.0492
0.6467
0.5543
-0.3838
0.1588
0.7111
-0.9414
0.2994
0.2397
-0.0160
0.1490
0.0916
0.8277
0.7054
-0.5632
0.0866
-1.5611
1.2340
-0.2836
-0.1522
0.7081
0.6160
0.0460
0.5586
-0.0126
0.3481
0.2761
0.5366
-0.2260
-0.7157
-0.3531
-0.3600
0.7691
-0.3204
-0.2316
0.0934
-0.8567
-0.4786
0.0687
-0.3481
0.6813
0.6368
0.6790
0.9637
1.2182
0.2464
-0.8540
-0.2223
-0.3978
0.5898
-0.0255
-0.4284
-0.5220
-0.5769
-0.1328
0.1702
-0.1751
0.2234
0.2380
0.2352
-0.5484
0.3720
-0.5677
-0.5901
0.0655
0.3072
-0.3291
-0.0148
-0.1004
-0.6523
-0.3223
-0.2924
-0.2052
0.3138
-0.3845
0.4251
-0.1473
0.9443
1.5501
-0.6150
0.4649
-0.3932
0.7354
-0.5239
-1.5372
0.4717
-0.1069
-0.9070
0.8083
-0.5630
0.1682
-0.4060
0.4989
-0.1768
-0.5779
0.1132
0.0320
-0.2456
0.4036
-0.1037
-0.5875
0.2942
-0.6434
-0.3960
0.0758
0.2384
-0.0798
0.1951
-0.0839
-1.2530
0.2636
-0.1759
0.5044
0.0786
-0.3559
-0.0250
-0.7597
0.5051
-0.1484
-0.2662
0.1551
0.2104
-0.2906
0.1061
0.5319
0.4434
0.3963
0.4104
-0.3553
1.1481
-0.1500
-0.3037
0.2293
-0.1088
-0.4988
-0.1126
-0.2212
0.0732
-0.5449
-0.4706
0.3035
-0.3834
0.5452
0.9422
-0.7720
0.6655
0.1741
-0.3567
-0.9784
-0.1712
0.6112
-0.4413
0.4643
0.6908
0.4144
0.7032
-0.0663
-0.1544
0.6641
0.4736
-0.2451
0.2124
0.2552
0.7886
0.4434
-0.2206
-0.0960
0.5171
0.4632
-0.0727
0.0885
-0.1161
-0.0753
-0.1626
-0.4469
-1.0979
-0.4535
0.8790
-0.1423
-0.0572
0.5420
-0.6754
0.0122
-0.6348
-1.1361
0.5636
0.7792
-0.4542
-0.0590
0.0471
0.6503
-0.2141
0.2034
0.4885
0.3998
-0.4241
-0.2217
0.2409
0.5426
0.2651
0.3500
0.6983
-0.0959
0.2125
0.1085
0.0703
0.3689
-0.7170
-0.6790
-0.0607
-0.3521
-0.2124
0.7060
0.5878
-0.0684
-0.0832
0.5048
0.4354
0.2063
0.8059
-0.8650
0.2972
0.2818
-0.0368
-0.0592
1.0083
0.0511
-0.1144
0.5463
0.2756
-0.3573
0.6063
0.3303
0.1006
0.0112
-0.2762
0.2965
0.8382
0.3458
-0.0209
0.3950
0.4517
0.0895
0.2778
0.7815
0.9280
0.7573
-0.3826
0.2336
0.1779
0.4757
-0.0779
0.3515
0.1362
0.5199
0.7141
0.5944
-0.4081
0.2718
0.8644
0.8247
0.7949
0.5576
0.2248
-0.3418
0.2165
0.6517
0.2331
-0.2573
0.4688
0.4175
0.4352
0.2189
-0.1400
-0.1819
0.4296
-0.0263
0.9198
-0.6260
0.2839
1.2695
-0.2416
1.0696
-0.1541
-0.0857
-0.1121
-0.2106
-0.0411
-0.8187
0.0127
0.2161
-0.6695
0.8153
-0.0122
-0.8488
-0.0286
-0.0847
-0.4530
0.2328
0.1069
-1.2732
0.0220
-0.3673
0.1212
0.3900
0.4047
0.7254
-0.0810
-0.1975
0.8258
-0.3929
1.1273
-0.2427
0.2833
-0.0065
0.3821
0.5490
-0.1436
0.0800
-0.4748
-0.1862
0.1244
0.0818
-0.8331
0.1914
-0.2357
0.1023
-0.7004
-1.9032
0.2769
0.2928
0.1358
0.1529
0.0300
-0.4842
-0.4653
-0.5408
-0.3234
0.7630
0.4684
0.2427
-0.2727
-0.0668
-0.1026
-0.3084
-0.0518
-0.8353
-0.4987
0.2890
-0.1854
-0.5252
-0.8160
0.7236
-0.2984
-0.1924
0.5818
-0.1502
-0.8266
-0.5475
-0.0776
0.5231
0.2240
-0.7490
-0.7843
0.0249
0.2956
0.0719
0.6044
-1.2968
0.4517
-0.9253
0.4184
-0.4925
-0.4159
-1.1070
0.7479
0.4905
0.8476
0.0189
0.1360
0.6674
0.6007
-0.3986
0.0638
0.6049
-0.0018
-0.7052
-0.3382
-0.6005
-0.3837
1.0310
-0.8017
-0.1045
-0.2707
0.0606
-0.1315
-0.1506
-0.1905
-0.0918
-0.2928
-0.1647
0.5806
0.1102
-0.3839
-0.7814
-0.0264
-0.2460
-0.2004
0.4452
0.1122
-0.0767
-0.2440
-0.0598
-0.5685
-0.2658
0.2082
-0.0027
0.1011
0.5327
-0.6069
0.1465
-0.0270
-0.0116
-0.0915
-0.0171
0.1324
0.6146
-0.6729
-0.6652
0.0722
0.6539
-0.3960
-0.6990
1.3344
0.7148
0.1247
-0.5301
-0.5507
-0.0275
-0.2347
-0.0716
0.1428
0.7142
-0.9216
0.4532
-0.4815
-0.4715
0.4353
-0.0102
-0.2104
-0.4534
0.3483
-0.2016
1.0020
0.2983
0.4183
-1.7065
0.8446
-0.1406
0.2031
0.2443
-0.2439
0.2934
0.2160
0.0899
-1.1108
-0.4690
0.1643
0.0476
-0.1251
0.4500
-0.1600
-0.6515
-0.3397
0.0354
-0.0971
0.5783
0.4742
-0.4369
0.0933
0.0963
-0.1450
-0.1858
-0.5856
0.7200
-0.2889
-0.5363
0.2260
-0.1732
0.1080
-0.4775
-0.6946
0.1656
0.2380
-0.4869
0.4397
1.3440
-0.0976
0.0857
-0.0564
-0.3946
0.6209
-0.2400
-0.0090
0.5981
0.4771
0.6898
-0.8287
-0.2955
-0.0928
0.2660
0.3280
0.8450
-0.2402
-0.3441
0.7890
0.5297
0.4157
0.8367
0.1826
0.8714
-0.3157
-0.2206
0.4160
0.8438
0.0974
0.1354
0.8792
-0.7028
-0.4801
-0.2482
-0.2096
-0.1837
0.3552
-0.3755
0.0680
-0.0521
0.0017
0.5010
-0.0881
-0.1625
0.7946
0.1884
0.3049
0.0570
0.5487
0.9520
0.7618
0.7720
0.0538
0.7404
1.3430
0.4238
-0.0577
0.2988
-0.1474
0.5794
0.3092
0.4836
-0.2971
-0.5571
-0.3551
-0.5678
-0.7266
-0.6562
-0.1213
0.0492
-0.1849
-0.7431
0.1094
-0.1015
-0.3276
0.1322
-0.2154
0.0138
0.1688
0.2594
-0.4153
-0.5220
-0.0571
0.2954
-0.2586
-1.1531
0.1547
-0.3041
0.1770
0.3230
-0.1684
0.0321
0.9847
-0.2618
-0.2865
0.4080
-0.2495
0.4268
-0.3972
-0.3423
-0.3282
0.5722
0.5281
0.2597
0.4881
-0.2211
-0.0029
-0.6905
-1.0841
-0.3171
-0.1323
-0.6628
-0.1085
-1.7710
0.2422
0.1260
0.8533
0.1659
0.7645
-0.7368
-0.3850
-0.3022
-0.3567
1.1076
0.1389
0.1421
0.8653
0.7888
-0.2773
0.2403
0.2164
0.5478
0.2634
-0.0977
0.2209
0.1172
0.1143
0.6737
0.1751
-0.5703
0.6288
0.4341
0.1067
0.3503
0.0424
0.8687
0.7578
0.0596
0.4595
0.8581
0.4214
0.0384
-0.3271
0.5326
0.4219
0.6792
-0.3174
0.1851
0.6798
0.3446
-0.6067
0.2848
0.0221
-0.4539
-0.4048
0.4344
0.5298
-1.0557
-0.2000
0.5181
-0.3131
0.5171
-0.1375
0.2727
0.5718
0.1140
0.4941
0.2387
-0.1497
-0.4174
-1.6800
0.6194
0.6208
-0.0338
0.1612
-0.5701
0.4069
-0.3202
-0.1266
-0.3369
-0.1858
-0.0724
-0.7069
-0.0127
0.4947
0.0638
0.4883
0.0112
0.0812
0.2369
-0.0148
0.7249
-0.6330
-0.4783
-1.2889
-0.4399
-0.4990
0.0948
-0.1108
0.4741
-0.0286
-0.2065
0.4291
-0.0797
-0.5339
-0.2811
0.1145
-0.1155
0.0338
0.0355
0.3743
0.5492
0.0098
0.9647
-0.1286
0.8308
0.2766
-0.1250
-0.6384
0.0072
-0.3504
-0.3434
-0.2473
-0.1683
-0.2770
-0.4292
-0.3837
0.2158
0.0110
1.0701
-0.0311
-0.3249
-1.1691
-0.8122
0.3110
0.8191
-0.4618
-0.6898
0.2118
1.0706
0.1308
-0.3608
0.3465
-0.5179
0.7838
0.3768
0.5893
-0.3366
0.7571
0.4722
0.2312
0.1467
0.4689
0.2685
0.8310
-0.3942
0.5238
-0.1257
0.3153
-0.1766
0.6408
-0.0271
-0.3481
-0.2352
-0.2975
-0.2605
-0.3862
-0.0352
-0.3555
0.6034
0.4410
0.1890
0.7106
0.1067
-0.2752
-0.1742
-0.2729
-0.1028
-0.4422
-0.0334
0.0959
-1.2896
-0.0992
0.2956
0.3508
-0.6408
0.1208
-0.4640
0.4544
-0.7213
0.2070
-0.5574
0.3928
0.2045
-0.0940
-0.3338
-0.2355
1.1097
-0.0445
0.0086
-0.6279
-0.8277
0.1591
-0.9434
-0.4379
-0.3581
-0.5624
-0.5437
-1.0028
-0.6538
0.1269
-1.2568
0.5592
-0.0110
-0.0718
-0.7911
-1.0987
-0.0510
-0.7863
-0.2928
-0.3680
-0.2020
0.1467
-0.8513
-0.1131
-0.3925
-0.0944
-0.1284
-0.4996
-0.7978
-0.4385
-0.7018
-0.3977
0.1794
0.2599
0.0520
0.6414
0.2834
0.2504
-0.2834
-1.1930
-0.8462
-0.7202
-0.0447
-0.7290
-0.6907
-0.3937
-1.4870
-0.7859
0.4084
-0.3139
-0.0009
-0.9158
-0.3884
0.2875
0.0540
0.2602
-0.2893
-0.3393
-0.3127
-0.4243
-0.2212
-0.4224
0.4334
0.8714
-0.1210
-0.1954
-0.6967
0.3516
0.0614
-0.4756
-0.8283
-0.6090
-0.6609
-0.0690
0.7830
0.0359
0.8592
0.2531
0.2624
0.2409
0.3335
-0.1663
0.1794
-0.2289
-0.1645
1.1372
-0.6681
1.0138
1.4146
0.0451
-0.6042
-0.1283
0.3385
0.0489
0.2937
0.8627
-0.0696
0.3530
-0.0480
-0.4165
-2.0037
-0.2561
0.4743
0.1256
-0.0696
-0.1730
-0.6299
-0.1795
-0.8327
0.2292
-0.3328
-0.1851
0.3430
-0.2944
-0.3719
0.0254
-0.5338
0.5237
0.5412
-0.0466
-0.1293
-0.0511
0.0096
-0.7989
0.1466
0.3714
0.1320
-0.9589
0.1661
-0.5758
-0.0995
-0.9692
-0.4698
0.1580
-0.1156
-0.4945
0.2062
-1.4050
0.1031
-0.3939
-0.2698
-0.1408
0.5180
-0.9909
-0.3929
-0.4353
0.7904
0.1699
-0.3872
0.0994
-0.2038
0.3851
0.0257
0.3099
0.3081
-0.0581
-0.0549
0.1100
-0.1890
0.4762
-0.1611
0.1672
0.1014
0.0597
0.5732
0.5190
-0.4447
-0.0692
0.3175
0.1555
0.6636
0.8889
0.4478
0.9816
0.7089
0.2371
0.4967
-0.2028
-0.6048
-0.0664
0.6893
0.0231
-0.3989
0.6601
-1.1479
-0.0306
0.7412
0.6916
-0.4688
0.4591
-0.0350
0.4625
0.3559
0.8170
0.2952
0.4928
0.2348
0.4664
-0.0494
0.0165
0.0897
0.1178
-1.0867
0.5800
0.2414
0.6518
-0.7604
-0.0673
-0.4363
0.0984
0.4475
-0.5446
0.1938
0.0899
-0.7011
-0.2853
0.2487
-0.2831
-0.6019
-0.3721
0.1612
0.1153
-0.4041
-0.5334
-0.9745
-0.4466
1.0954
-0.3260
0.3476
-0.1486
0.3514
0.0555
0.3488
-0.5541
-0.6176
0.0235
0.1285
-0.3048
